100
499
0,
1,
2,
3,
4,
5,
6,
7,
8,
9,
10,
11,
12,
13,
14,
15,
16,
17,
18,
19,
20,
21,
22,
23,
24,
25,
26,
27,
28,
29,
30,
31,
32,
33,
34,
35,
36,
37,
38,
39,
40,
41,
42,
43,
44,
45,
46,
47,
48,
49,
50,
51,
52,
53,
54,
55,
56,
57,
58,
59,
60,
61,
62,
63,
64,
65,
66,
67,
68,
69,
70,
71,
72,
73,
74,
75,
76,
77,
78,
79,
80,
81,
82,
83,
84,
85,
86,
87,
88,
89,
90,
91,
92,
93,
94,
95,
96,
97,
98,
99
48 35
35 4
4 64
64 58
58 84
84 5
5 70
70 20
20 65
65 39
39 30
30 15
15 57
57 91
91 10
10 82
82 94
94 93
93 24
24 97
97 85
85 92
92 31
31 71
71 22
22 7
7 61
61 11
11 26
26 19
19 96
96 72
72 37
37 75
75 66
66 54
54 53
53 23
23 3
3 34
34 95
95 8
8 56
56 40
40 77
77 42
42 1
1 89
89 69
69 76
76 43
43 52
52 62
62 87
87 6
6 17
17 50
50 25
25 60
60 21
21 44
44 47
47 88
88 9
9 78
78 74
74 51
51 36
36 67
67 81
81 12
12 13
13 79
79 86
86 55
55 63
63 28
28 46
46 73
73 2
2 14
14 49
49 18
18 59
59 90
90 33
33 16
16 27
27 38
38 29
29 99
99 98
98 80
80 45
45 32
32 41
41 68
68 83
83 0
40 49
90 79
1 31
55 78
61 20
93 23
38 71
5 73
20 44
69 57
52 11
11 88
87 38
23 33
91 72
6 39
26 55
44 22
5 66
27 14
30 73
4 40
4 28
15 53
82 69
3 60
72 85
22 87
18 45
20 13
30 42
85 99
81 97
4 61
65 23
27 94
61 19
72 71
43 13
40 16
29 89
59 22
28 10
21 9
10 51
86 96
93 6
42 64
36 71
11 66
29 47
63 45
13 84
87 74
75 12
16 38
31 12
14 60
25 51
2 60
93 60
0 21
71 1
52 41
95 17
34 52
69 46
89 48
8 49
47 46
41 76
10 10
27 32
22 31
41 36
54 5
70 27
16 27
32 31
82 3
49 95
10 41
90 83
92 92
99 84
26 63
81 88
30 76
35 21
5 0
13 94
67 68
74 18
97 89
51 68
81 28
12 41
16 47
49 75
11 86
78 64
28 78
20 71
70 58
95 28
42 82
44 95
32 10
0 74
68 8
51 74
70 51
34 20
13 22
62 12
55 43
82 9
12 92
98 99
80 36
20 95
5 93
65 75
68 23
4 73
21 75
6 38
47 8
48 40
96 24
2 31
70 32
97 74
73 76
62 30
20 55
45 32
66 64
18 10
38 36
24 57
76 29
9 86
91 43
59 6
52 58
79 64
62 99
33 61
74 89
74 46
62 10
57 85
26 37
86 86
96 72
64 19
30 56
19 51
24 56
20 57
79 75
85 40
15 60
77 66
53 45
24 14
84 95
19 52
86 52
5 28
57 16
64 39
58 40
81 92
86 52
18 25
31 77
67 74
40 85
86 18
19 95
9 9
68 42
26 38
35 53
36 67
42 53
70 63
69 52
88 48
82 63
64 33
30 16
20 85
7 49
86 96
38 23
84 91
14 12
7 50
27 52
25 47
17 26
16 89
21 20
90 19
41 99
94 45
70 61
67 46
54 6
25 29
49 43
18 28
86 47
68 57
98 13
57 7
7 39
29 44
87 98
47 21
50 59
49 85
14 60
23 4
42 14
87 1
13 5
43 37
6 72
90 56
90 97
50 86
47 85
56 32
52 92
63 56
32 1
61 88
9 38
12 92
9 53
96 92
83 41
67 47
62 14
54 70
6 68
78 96
92 34
37 46
87 87
44 19
89 95
7 21
38 79
16 75
34 16
3 22
34 4
85 35
15 52
30 28
26 56
75 75
65 42
37 82
46 86
48 33
69 38
65 49
53 31
97 77
38 89
62 4
78 71
21 66
68 98
28 82
20 9
25 89
62 76
4 86
9 41
16 11
75 76
66 38
26 60
62 46
9 14
94 48
91 13
86 31
92 81
92 74
23 87
69 83
79 15
9 64
72 88
21 7
76 13
6 32
52 50
99 6
43 2
78 23
29 64
69 35
88 50
70 10
37 84
18 43
54 56
12 61
89 19
47 83
81 28
82 35
83 43
57 82
82 81
20 78
42 88
60 11
62 39
72 13
87 28
54 66
9 90
28 49
70 22
93 12
69 51
81 30
78 98
28 45
35 24
18 35
69 66
68 14
61 18
56 18
97 53
36 90
73 53
83 50
39 3
83 68
81 46
29 55
27 70
96 34
13 91
30 15
21 98
44 77
15 5
53 97
20 14
6 51
14 93
20 37
36 85
63 63
59 63
14 42
7 83
46 96
96 7
85 37
4 25
75 67
36 30
64 1
89 95
34 38
66 62
55 45
74 66
73 27
69 5
4 82
1 24
33 38
50 76
0 38
22 13
23 48
79 79
54 48
42 77
90 7
1 29
4 19
59 43
53 65
78 15