120
599
0,
1,
2,
3,
4,
5,
6,
7,
8,
9,
10,
11,
12,
13,
14,
15,
16,
17,
18,
19,
20,
21,
22,
23,
24,
25,
26,
27,
28,
29,
30,
31,
32,
33,
34,
35,
36,
37,
38,
39,
40,
41,
42,
43,
44,
45,
46,
47,
48,
49,
50,
51,
52,
53,
54,
55,
56,
57,
58,
59,
60,
61,
62,
63,
64,
65,
66,
67,
68,
69,
70,
71,
72,
73,
74,
75,
76,
77,
78,
79,
80,
81,
82,
83,
84,
85,
86,
87,
88,
89,
90,
91,
92,
93,
94,
95,
96,
97,
98,
99,
100,
101,
102,
103,
104,
105,
106,
107,
108,
109,
110,
111,
112,
113,
114,
115,
116,
117,
118,
119
102 0
0 46
46 63
63 24
24 114
114 64
64 33
33 110
110 23
23 39
39 3
3 96
96 104
104 20
20 112
112 84
84 92
92 6
6 87
87 107
107 89
89 68
68 74
74 38
38 15
15 70
70 108
108 17
17 97
97 12
12 100
100 22
22 2
2 106
106 36
36 16
16 28
28 118
118 42
42 71
71 1
1 67
67 80
80 26
26 29
29 58
58 61
61 31
31 57
57 35
35 49
49 59
59 51
51 7
7 75
75 43
43 13
13 62
62 14
14 56
56 78
78 116
116 18
18 82
82 98
98 8
8 60
60 94
94 21
21 85
85 27
27 99
99 113
113 79
79 115
115 77
77 91
91 9
9 105
105 48
48 119
119 111
111 83
83 37
37 88
88 44
44 53
53 55
55 109
109 10
10 25
25 19
19 81
81 76
76 45
45 86
86 65
65 117
117 4
4 11
11 72
72 101
101 47
47 54
54 103
103 69
69 40
40 73
73 66
66 5
5 90
90 34
34 52
52 50
50 93
93 30
30 41
41 95
95 32
91 25
73 64
18 54
62 79
45 95
72 104
4 118
62 103
69 108
100 68
104 112
102 96
57 73
6 110
98 110
60 63
97 69
56 12
81 105
110 6
94 25
28 113
0 21
23 35
61 98
16 8
37 18
45 82
46 24
38 95
77 18
51 86
11 2
34 12
37 36
60 26
28 83
92 0
16 32
55 58
52 70
87 73
79 54
50 12
10 58
85 16
28 84
85 7
3 76
106 62
54 57
44 78
26 74
113 11
13 88
111 86
43 107
46 102
100 110
42 103
34 65
111 117
62 18
12 102
19 114
29 52
5 81
96 52
90 67
16 106
109 25
80 71
62 97
76 7
35 80
63 76
61 97
30 69
28 116
26 56
17 31
29 107
54 84
13 78
4 93
6 113
118 4
2 3
111 117
62 12
81 118
24 109
51 52
7 1
46 74
79 58
35 7
30 108
111 97
10 87
67 1
96 102
20 57
26 56
91 115
7 89
58 113
61 47
50 22
88 0
30 102
14 103
78 32
66 116
9 118
108 15
95 21
107 94
99 40
27 21
54 65
4 32
108 52
5 90
118 98
24 95
11 119
86 55
88 64
74 109
66 75
43 116
55 19
23 8
34 101
31 27
118 99
86 77
11 9
7 32
3 86
70 77
101 34
37 85
41 40
119 18
52 46
55 92
12 44
43 63
28 1
29 87
50 26
86 39
24 79
4 113
91 11
26 66
53 97
114 28
28 40
6 78
65 41
12 22
9 57
12 3
94 103
106 68
16 72
58 71
35 92
15 56
80 100
86 22
24 64
2 108
1 40
82 98
106 44
65 11
42 7
113 49
18 44
18 38
33 12
37 16
64 78
85 22
4 8
23 64
59 85
90 89
10 92
61 44
57 2
53 51
85 52
70 73
44 86
55 115
4 7
82 84
47 98
46 10
83 13
94 23
118 46
12 45
70 13
58 61
92 23
59 56
46 21
99 82
113 3
91 44
8 48
72 21
6 2
116 53
13 17
92 40
118 26
87 103
114 43
114 0
106 100
8 71
80 26
92 11
47 57
63 94
7 105
1 84
88 34
81 82
3 110
107 0
69 89
56 27
8 106
3 43
48 90
90 75
30 88
101 107
0 59
4 119
13 77
75 26
12 99
73 84
6 34
28 46
69 23
99 71
29 101
25 106
117 73
72 90
96 110
90 100
91 106
84 18
26 111
2 91
44 38
59 100
67 67
105 114
35 87
48 119
43 26
98 90
35 111
112 34
37 18
112 53
29 72
50 35
108 3
27 0
24 91
97 92
90 71
42 54
53 50
79 69
61 109
30 119
63 117
56 65
5 102
119 64
67 117
119 28
51 78
70 90
94 83
110 66
29 63
52 78
52 81
103 49
30 84
44 74
45 44
109 21
57 11
79 108
81 10
67 33
23 47
77 107
61 99
36 40
33 6
40 112
34 63
18 110
67 43
67 85
81 110
52 39
3 38
13 43
36 116
107 104
83 54
38 37
25 37
16 102
42 47
74 116
28 59
65 100
103 12
39 17
64 22
91 114
48 100
25 91
16 85
113 23
38 46
72 100
34 1
42 94
2 73
114 97
13 56
62 81
89 3
105 43
4 47
6 26
33 89
80 106
13 12
71 86
13 59
66 39
47 25
84 50
62 102
5 5
59 85
17 86
80 16
0 69
40 72
107 52
68 55
6 7
42 1
18 2
77 89
75 97
108 7
86 59
95 90
1 67
115 87
73 69
9 18
14 34
24 67
99 65
38 74
6 117
20 78
84 64
46 30
104 101
92 58
106 44
14 7
9 117
69 43
111 66
93 65
30 69
38 86
53 112
31 16
103 93
14 33
56 92
109 13
26 115
49 30
113 107
15 14
7 104
53 24
68 27
62 80
21 91
49 40
18 83
74 104
101 21
79 46
65 89
39 82
40 93
95 84
2 3
17 49
89 24
96 117
3 6
63 112
30 112
88 73
95 108
71 110
78 5
62 16
55 46
38 54
62 46
83 1
38 73
74 73
106 23
1 62
6 78
119 46
0 31
20 2
99 68
35 19
96 68
47 79
29 69
91 87
40 33
67 18
92 67
114 51
18 114
36 105
85 58
35 22
118 81
57 59
40 29
80 37
6 3
18 111
64 23
80 46
69 100
80 69
87 37
15 55
39 27
46 91
18 83