130
649
0,
1,
2,
3,
4,
5,
6,
7,
8,
9,
10,
11,
12,
13,
14,
15,
16,
17,
18,
19,
20,
21,
22,
23,
24,
25,
26,
27,
28,
29,
30,
31,
32,
33,
34,
35,
36,
37,
38,
39,
40,
41,
42,
43,
44,
45,
46,
47,
48,
49,
50,
51,
52,
53,
54,
55,
56,
57,
58,
59,
60,
61,
62,
63,
64,
65,
66,
67,
68,
69,
70,
71,
72,
73,
74,
75,
76,
77,
78,
79,
80,
81,
82,
83,
84,
85,
86,
87,
88,
89,
90,
91,
92,
93,
94,
95,
96,
97,
98,
99,
100,
101,
102,
103,
104,
105,
106,
107,
108,
109,
110,
111,
112,
113,
114,
115,
116,
117,
118,
119,
120,
121,
122,
123,
124,
125,
126,
127,
128,
129
79 66
66 46
46 58
58 122
122 35
35 105
105 32
32 26
26 88
88 99
99 109
109 85
85 21
21 94
94 102
102 107
107 11
11 44
44 73
73 48
48 111
111 89
89 116
116 3
3 101
101 106
106 113
113 1
1 8
8 34
34 84
84 128
128 108
108 0
0 62
62 124
124 43
43 97
97 33
33 87
87 76
76 65
65 120
120 125
125 36
36 63
63 6
6 86
86 93
93 19
19 51
51 67
67 27
27 91
91 74
74 38
38 37
37 56
56 95
95 71
71 20
20 39
39 23
23 49
49 117
117 5
5 52
52 90
90 100
100 9
9 7
7 18
18 123
123 75
75 121
121 103
103 119
119 22
22 50
50 96
96 59
59 80
80 82
82 15
15 115
115 92
92 77
77 68
68 127
127 70
70 60
60 40
40 16
16 98
98 29
29 12
12 81
81 42
42 118
118 13
13 47
47 69
69 41
41 55
55 31
31 54
54 114
114 83
83 30
30 10
10 78
78 17
17 126
126 57
57 45
45 112
112 110
110 61
61 53
53 28
28 72
72 4
4 25
25 2
2 14
14 64
64 104
104 24
24 129
1 46
10 20
83 120
13 62
80 111
45 7
54 89
43 40
104 23
114 98
66 4
79 63
56 89
34 4
19 75
91 125
79 13
33 122
71 53
35 13
47 12
62 69
127 58
72 18
113 57
64 58
1 48
59 98
65 89
76 88
79 123
120 120
87 53
104 52
57 117
13 110
108 13
73 104
125 31
9 55
0 107
24 122
41 45
95 113
39 115
105 20
37 45
103 102
54 77
64 31
75 5
49 59
89 50
33 55
19 25
51 48
99 90
115 4
55 7
110 26
30 100
9 31
122 89
69 50
87 77
121 129
45 56
116 99
89 21
20 6
63 84
58 129
106 66
34 126
99 75
28 53
116 21
13 114
51 61
38 0
14 52
4 112
4 124
86 1
23 63
103 54
40 93
91 61
0 13
112 124
58 121
129 63
78 67
122 92
129 38
56 54
103 2
67 56
84 116
116 68
77 76
72 104
11 69
12 20
111 40
26 38
119 128
55 8
57 44
36 93
111 124
40 90
30 3
17 125
85 68
36 51
46 34
124 93
48 85
48 58
79 74
82 27
62 100
56 1
36 61
5 30
46 44
98 72
52 19
74 31
92 114
103 52
58 12
3 41
85 74
55 17
59 123
125 73
33 88
84 80
59 116
46 7
33 45
39 78
53 22
117 48
20 58
85 121
100 126
53 113
117 75
100 91
117 83
31 13
68 45
12 76
30 6
120 128
69 80
56 19
108 35
3 79
16 77
33 105
77 95
29 14
52 22
52 77
102 83
106 74
29 13
59 102
114 47
77 15
46 110
45 46
100 99
7 80
106 48
99 48
74 112
87 82
29 101
30 94
15 24
100 126
113 109
80 34
65 70
53 1
86 45
82 44
121 80
87 26
94 51
81 93
72 57
47 112
46 22
16 44
52 56
81 88
33 17
102 8
44 25
14 113
37 27
43 42
57 126
5 33
26 68
16 90
66 36
82 42
51 32
98 106
51 123
20 55
86 126
36 12
114 81
18 64
92 1
7 29
80 6
124 11
94 40
16 111
37 13
109 11
20 75
62 125
65 84
54 82
18 100
104 104
49 107
8 52
56 118
0 95
71 84
84 81
115 63
118 100
94 74
62 70
102 113
10 82
101 80
98 75
50 121
81 41
76 100
41 39
97 69
49 62
105 63
18 74
115 22
116 49
87 125
98 73
119 45
21 101
19 97
112 28
58 126
1 9
28 47
85 123
2 54
98 47
28 102
97 123
83 22
30 49
13 37
107 84
55 11
57 38
32 46
5 125
40 114
89 71
104 46
68 23
18 50
120 51
0 30
103 61
45 92
33 96
69 129
22 105
84 74
42 117
12 18
82 62
125 31
52 104
127 125
45 47
48 43
20 75
124 126
73 25
125 104
54 128
64 7
102 117
57 17
13 103
68 21
49 32
124 54
127 32
26 121
15 77
84 77
83 77
70 37
41 17
111 67
97 43
7 13
35 45
122 54
66 66
29 55
124 116
49 80
71 65
46 82
69 49
61 10
52 104
24 73
11 104
44 0
58 122
65 95
65 75
3 35
80 18
42 43
111 103
119 41
31 79
37 54
31 10
61 126
51 120
35 117
32 90
119 78
60 119
39 10
98 50
120 127
29 62
58 118
47 89
105 32
61 53
119 67
78 18
27 58
107 40
124 2
66 84
76 71
73 44
5 0
121 45
13 94
40 107
42 108
122 95
76 81
40 34
5 99
129 65
30 52
9 57
19 89
113 81
42 108
64 30
74 86
8 63
10 64
85 43
73 52
71 59
50 8
44 3
62 27
55 111
28 3
30 4
0 34
17 26
15 75
44 65
86 58
91 19
82 6
48 50
24 94
83 126
127 30
22 60
0 34
70 32
73 13
56 72
126 76
101 14
107 59
129 24
84 76
102 56
55 54
12 124
105 74
20 71
115 18
51 26
106 55
81 119
41 68
26 13
30 48
107 107
35 97
121 118
13 5
51 44
72 26
108 71
45 42
98 87
75 69
72 112
70 95
22 32
129 26
9 58
43 105
38 80
105 35
30 59
68 53
12 60
68 15
31 47
31 81
51 31
44 77
128 121
42 12
57 96
89 125
21 106
91 76
24 22
95 123
87 24
84 116
100 71
57 17
54 14
12 52
92 120
27 93
74 86
73 18
75 14
59 40
19 10
122 95
102 81
35 120
124 32
14 18
24 115
55 19
104 124
98 113
122 105
88 12
27 112
42 83
51 109
42 17
76 81
83 76
3 44
46 9
11 15
16 3
13 65
99 67
29 23
121 62
17 50
114 6
66 42
44 53
105 107
77 68
37 109
60 13
122 129
86 74
37 102
89 64
17 122
94 83
87 90