140
699
0,
1,
2,
3,
4,
5,
6,
7,
8,
9,
10,
11,
12,
13,
14,
15,
16,
17,
18,
19,
20,
21,
22,
23,
24,
25,
26,
27,
28,
29,
30,
31,
32,
33,
34,
35,
36,
37,
38,
39,
40,
41,
42,
43,
44,
45,
46,
47,
48,
49,
50,
51,
52,
53,
54,
55,
56,
57,
58,
59,
60,
61,
62,
63,
64,
65,
66,
67,
68,
69,
70,
71,
72,
73,
74,
75,
76,
77,
78,
79,
80,
81,
82,
83,
84,
85,
86,
87,
88,
89,
90,
91,
92,
93,
94,
95,
96,
97,
98,
99,
100,
101,
102,
103,
104,
105,
106,
107,
108,
109,
110,
111,
112,
113,
114,
115,
116,
117,
118,
119,
120,
121,
122,
123,
124,
125,
126,
127,
128,
129,
130,
131,
132,
133,
134,
135,
136,
137,
138,
139
64 108
108 71
71 47
47 72
72 93
93 10
10 117
117 135
135 66
66 14
14 85
85 103
103 8
8 54
54 89
89 82
82 25
25 139
139 106
106 36
36 136
136 92
92 84
84 110
110 24
24 74
74 40
40 5
5 86
86 30
30 53
53 18
18 70
70 65
65 56
56 34
34 33
33 43
43 83
83 99
99 137
137 120
120 1
1 104
104 13
13 77
77 128
128 31
31 91
91 125
125 133
133 19
19 59
59 100
100 87
87 126
126 118
118 88
88 3
3 134
134 109
109 39
39 9
9 4
4 22
22 63
63 2
2 105
105 11
11 123
123 15
15 113
113 17
17 115
115 32
32 49
49 26
26 6
6 51
51 23
23 28
28 112
112 78
78 114
114 116
116 12
12 121
121 38
38 75
75 94
94 45
45 129
129 95
95 107
107 58
58 50
50 138
138 16
16 42
42 101
101 46
46 80
80 44
44 131
131 81
81 119
119 57
57 79
79 55
55 97
97 20
20 98
98 62
62 68
68 21
21 7
7 35
35 122
122 124
124 48
48 111
111 27
27 52
52 69
69 73
73 127
127 76
76 60
60 90
90 132
132 41
41 37
37 67
67 29
29 96
96 102
102 130
130 61
61 0
28 90
60 90
64 85
43 79
89 9
68 17
46 102
27 39
118 102
80 123
40 14
45 116
23 63
30 56
136 29
70 80
24 129
17 138
91 106
97 77
15 103
69 4
123 13
30 76
38 130
95 27
114 101
135 126
19 15
87 127
14 44
79 118
110 101
41 78
124 68
131 46
134 76
20 88
128 4
5 16
54 61
32 9
41 14
63 130
137 14
28 137
26 45
44 97
13 108
30 109
83 39
90 12
8 8
28 22
75 29
95 29
24 90
21 113
63 49
120 109
63 106
95 99
90 55
105 139
42 95
92 14
70 110
73 45
10 132
57 108
96 3
117 36
55 136
35 76
84 35
107 77
93 43
133 27
81 97
100 41
105 121
76 75
114 75
90 77
51 135
1 97
125 105
75 34
95 139
138 74
51 60
28 96
38 11
30 48
105 33
100 111
126 75
21 122
73 89
43 74
133 74
75 137
61 131
83 33
37 80
57 1
110 115
123 7
19 68
120 113
125 89
59 78
34 58
20 125
0 48
1 56
46 39
53 93
87 103
42 113
76 34
88 1
100 35
34 62
128 53
109 98
88 119
32 18
97 120
70 49
68 66
49 121
5 72
10 70
122 95
14 127
64 30
88 12
72 37
129 30
15 14
40 19
37 48
121 124
101 69
41 20
32 53
40 10
100 121
109 35
40 17
69 130
118 46
71 50
52 39
119 76
1 43
74 89
131 84
97 98
80 26
50 111
21 66
131 70
79 84
40 63
138 107
124 19
54 46
96 123
118 78
101 90
15 27
117 45
113 98
28 8
92 73
43 30
9 66
97 0
56 39
95 46
59 7
36 133
96 101
75 138
116 90
122 25
100 76
45 77
1 3
20 7
137 131
30 129
50 118
78 55
109 135
9 108
110 93
132 114
110 119
25 119
13 118
30 87
102 129
79 34
113 91
96 60
5 81
102 139
71 133
10 122
37 33
82 98
73 14
80 101
70 103
75 48
96 109
99 70
94 125
39 68
69 12
136 122
13 1
103 24
128 121
105 136
18 34
76 71
30 32
130 21
122 46
24 11
125 97
62 29
123 35
17 61
118 136
24 12
114 42
21 110
19 119
23 51
66 124
28 81
105 77
58 130
17 18
119 120
29 113
46 26
45 22
66 33
21 46
100 43
37 23
47 117
37 71
58 63
0 115
123 84
60 72
64 115
107 65
100 97
63 60
69 26
112 47
82 134
92 30
45 91
82 112
25 118
93 98
62 71
93 74
123 51
81 26
17 120
43 82
101 62
106 28
113 1
114 16
135 56
30 90
86 76
14 128
133 113
130 52
98 94
9 28
26 83
131 44
60 21
66 126
114 119
123 17
6 69
16 86
4 49
22 95
24 77
72 123
32 80
63 35
51 88
16 19
36 75
123 37
104 73
69 88
17 13
43 50
57 89
96 13
27 1
56 130
40 136
8 101
94 9
63 113
36 53
56 20
0 108
87 84
128 22
36 135
121 36
107 98
107 121
30 86
87 86
130 73
22 85
8 4
112 26
115 13
17 66
23 91
57 23
40 102
69 134
16 130
138 124
60 69
8 27
121 72
43 72
114 50
4 99
119 26
16 123
69 3
25 8
30 134
6 72
89 80
77 136
69 44
73 83
137 42
117 121
54 38
136 138
56 89
21 109
101 41
62 19
64 119
92 5
4 106
123 7
117 16
51 137
104 60
14 34
55 86
92 31
87 37
124 81
113 81
41 117
29 68
124 8
64 30
40 93
6 15
47 91
60 62
18 100
64 81
108 72
97 40
114 86
83 102
7 32
92 135
41 112
135 97
13 69
126 101
122 93
56 25
31 74
51 130
116 44
122 118
98 91
75 76
14 112
135 12
71 124
132 100
23 5
68 38
27 110
26 51
28 70
47 103
121 49
5 53
41 57
113 34
46 83
122 80
31 35
89 3
118 133
133 37
45 10
101 48
91 119
56 8
90 68
19 52
63 77
83 28
40 53
130 122
16 22
45 46
30 130
103 58
59 133
36 0
52 9
121 104
125 53
116 83
67 76
79 3
14 126
96 43
36 114
128 21
41 55
20 121
109 32
36 52
99 100
78 20
124 114
45 17
34 24
26 125
97 97
133 34
58 99
15 85
81 126
29 96
133 66
29 59
66 83
39 88
97 107
54 103
26 63
77 103
87 44
111 101
99 24
79 33
135 51
11 123
53 19
84 60
106 12
127 115
17 137
20 14
116 88
70 125
111 41
105 105
50 15
56 69
70 79
38 40
7 50
51 39
32 112
102 75
103 130
100 32
43 51
99 132
104 52
58 8
35 12
106 16
63 126
57 136
131 109
110 139
64 132
18 0
101 7
121 96
100 91
37 104
95 131
130 77
139 26
66 120
38 28
128 14
103 40
115 38
39 134
21 115
89 29
20 22
30 103
37 137
85 55
138 59
129 90
63 18
122 78
67 88
4 56
42 42
103 18
115 49
106 67
33 34
90 34
34 12
124 54
21 79
96 80
93 51
11 17
19 46
45 36
1 57
98 44