150
749
0,
1,
2,
3,
4,
5,
6,
7,
8,
9,
10,
11,
12,
13,
14,
15,
16,
17,
18,
19,
20,
21,
22,
23,
24,
25,
26,
27,
28,
29,
30,
31,
32,
33,
34,
35,
36,
37,
38,
39,
40,
41,
42,
43,
44,
45,
46,
47,
48,
49,
50,
51,
52,
53,
54,
55,
56,
57,
58,
59,
60,
61,
62,
63,
64,
65,
66,
67,
68,
69,
70,
71,
72,
73,
74,
75,
76,
77,
78,
79,
80,
81,
82,
83,
84,
85,
86,
87,
88,
89,
90,
91,
92,
93,
94,
95,
96,
97,
98,
99,
100,
101,
102,
103,
104,
105,
106,
107,
108,
109,
110,
111,
112,
113,
114,
115,
116,
117,
118,
119,
120,
121,
122,
123,
124,
125,
126,
127,
128,
129,
130,
131,
132,
133,
134,
135,
136,
137,
138,
139,
140,
141,
142,
143,
144,
145,
146,
147,
148,
149
71 117
117 136
136 49
49 106
106 81
81 74
74 46
46 99
99 60
60 129
129 50
50 41
41 13
13 120
120 2
2 88
88 35
35 125
125 121
121 97
97 66
66 87
87 115
115 6
6 29
29 140
140 111
111 69
69 98
98 131
131 26
26 80
80 85
85 63
63 33
33 18
18 134
134 94
94 4
4 57
57 38
38 40
40 127
127 53
53 10
10 112
112 30
30 28
28 64
64 21
21 27
27 146
146 8
8 45
45 11
11 101
101 44
44 124
124 54
54 36
36 92
92 65
65 108
108 142
142 32
32 84
84 91
91 20
20 148
148 90
90 72
72 104
104 143
143 139
139 123
123 9
9 16
16 5
5 145
145 12
12 25
25 96
96 137
137 103
103 23
23 86
86 100
100 82
82 7
7 51
51 144
144 110
110 83
83 75
75 130
130 113
113 73
73 31
31 1
1 93
93 79
79 47
47 128
128 109
109 22
22 56
56 70
70 52
52 119
119 61
61 55
55 37
37 3
3 78
78 68
68 19
19 107
107 138
138 116
116 24
24 89
89 15
15 132
132 62
62 122
122 42
42 126
126 77
77 118
118 135
135 14
14 141
141 105
105 43
43 39
39 59
59 34
34 76
76 147
147 58
58 149
149 114
114 0
0 102
102 48
48 67
67 95
95 133
133 17
23 7
88 45
26 94
25 69
53 95
61 7
53 71
99 105
70 84
125 129
55 12
70 35
82 119
38 4
0 101
110 9
77 126
27 94
105 124
0 79
22 143
113 135
82 34
41 148
47 128
63 77
14 67
29 100
25 62
73 75
66 97
13 98
99 35
106 72
32 79
49 113
50 95
136 74
107 27
139 9
91 9
23 8
145 123
126 21
124 138
29 73
122 128
27 49
42 30
129 132
96 36
58 12
87 130
11 135
66 83
118 136
61 106
94 135
95 42
84 111
125 52
91 82
40 20
139 143
65 82
112 50
57 90
82 81
46 31
32 135
108 31
92 129
61 13
121 46
12 55
22 81
125 95
21 63
45 36
69 106
130 96
120 138
66 26
58 121
93 120
51 104
93 145
76 113
12 142
112 67
12 118
31 89
28 0
78 14
66 48
126 139
111 101
35 20
10 138
145 50
93 44
67 31
46 134
140 15
104 136
105 28
31 73
111 47
96 72
116 144
82 127
120 5
43 132
67 46
133 3
91 144
38 13
95 53
17 66
24 5
71 63
59 75
76 15
135 80
57 126
83 48
74 1
138 0
7 53
31 35
101 1
39 106
84 148
63 97
69 141
7 57
132 145
7 8
31 120
90 109
27 121
36 12
60 62
85 117
140 146
27 137
53 8
46 63
37 79
137 61
88 70
44 1
9 78
32 37
60 90
18 85
10 72
133 84
143 131
148 103
142 0
62 143
115 18
111 44
66 133
24 30
94 52
115 64
56 91
88 79
144 39
80 51
148 41
6 70
69 124
88 8
49 80
29 56
98 114
86 115
126 26
60 81
138 140
143 31
9 70
0 112
146 73
26 82
3 113
14 69
10 113
134 23
63 9
7 8
52 95
146 119
84 131
114 40
109 138
7 140
142 77
39 59
46 44
121 75
7 19
55 54
37 145
124 137
144 107
71 101
124 96
103 144
114 144
19 55
77 133
110 82
145 77
106 136
102 80
144 19
58 139
126 141
32 126
90 24
126 111
71 125
81 80
56 148
74 44
95 148
93 147
21 39
121 122
112 1
86 120
23 63
30 0
97 24
30 144
97 132
7 53
27 119
88 36
13 33
142 30
149 72
28 73
36 102
35 18
2 0
50 33
70 11
85 64
29 89
105 29
56 6
105 8
34 90
41 69
57 105
118 110
86 54
34 32
79 129
73 134
93 76
120 141
105 139
48 27
55 96
77 146
66 10
109 64
86 38
102 69
31 24
40 44
64 82
148 34
86 29
105 3
30 65
1 99
27 75
53 23
105 120
145 3
146 41
141 6
22 64
97 78
126 138
39 129
2 63
108 58
19 15
100 133
89 139
54 86
125 135
78 146
111 135
140 136
60 147
82 138
55 48
33 13
98 29
144 66
18 26
139 148
36 25
32 28
104 135
102 95
109 70
41 109
104 48
89 20
13 98
36 85
68 35
111 80
68 68
132 125
60 147
93 27
102 109
45 68
113 147
71 32
127 7
34 1
14 31
32 126
39 135
72 2
141 97
3 56
83 48
107 132
109 134
141 135
99 147
125 149
134 111
134 95
105 148
16 93
143 45
24 131
116 133
86 136
22 40
12 64
102 59
6 6
142 7
104 6
19 65
16 29
91 123
148 116
23 35
99 57
123 83
133 16
23 97
94 128
139 67
71 111
53 99
9 124
149 36
105 62
74 125
2 49
130 18
33 47
72 100
54 93
44 12
61 11
47 77
125 131
132 126
49 63
92 26
120 87
131 66
17 119
28 68
29 78
60 65
98 137
5 103
11 39
129 24
128 124
145 3
0 93
125 33
86 38
14 91
95 39
2 110
116 41
94 127
60 7
92 12
111 4
22 80
50 83
58 41
99 17
128 38
20 16
85 142
92 73
83 93
121 139
120 126
146 147
57 45
68 7
78 138
78 36
52 23
72 100
116 98
30 82
38 71
53 139
19 92
133 89
20 126
92 17
105 3
50 31
91 18
36 115
31 84
44 6
98 13
49 16
46 98
68 31
105 120
99 80
83 50
138 140
58 78
2 58
137 37
1 124
40 132
63 37
35 85
28 34
123 25
44 80
23 37
146 101
128 146
66 94
75 5
125 113
77 10
143 45
24 126
68 147
4 88
16 66
63 55
101 80
100 98
54 105
21 30
6 32
45 135
95 144
52 75
118 80
116 115
149 100
123 107
126 14
9 6
41 54
17 107
94 80
138 52
42 125
0 47
2 116
144 29
28 127
123 29
130 99
137 118
130 85
136 114
141 144
22 88
4 7
42 146
97 133
79 114
8 73
92 100
39 25
102 147
49 42
16 144
60 0
54 0
44 54
7 78
91 81
111 72
98 56
50 126
119 69
60 15
4 13
136 13
65 10
128 68
52 40
65 137
125 136
99 54
25 58
110 143
124 128
17 59
138 80
102 24
71 103
88 125
7 88
9 91
45 56
40 11
148 4
43 84
84 27
103 56
8 63
43 148
112 73
124 47
140 12
111 50
117 126
126 40
10 130
123 35
116 85
86 38
36 77
140 49
91 126
130 11
66 105
51 139
18 101
56 53
11 74
44 63
102 88
43 114
114 109
28 121
122 76
1 44
136 56
131 48
139 121
44 145
131 14
93 9
0 94
49 115
15 60
136 72
55 145
93 96
79 139
59 23
108 136
10 71
98 23
95 24
36 95
110 13
104 87
4 117
28 21
94 49