180
899
0,
1,
2,
3,
4,
5,
6,
7,
8,
9,
10,
11,
12,
13,
14,
15,
16,
17,
18,
19,
20,
21,
22,
23,
24,
25,
26,
27,
28,
29,
30,
31,
32,
33,
34,
35,
36,
37,
38,
39,
40,
41,
42,
43,
44,
45,
46,
47,
48,
49,
50,
51,
52,
53,
54,
55,
56,
57,
58,
59,
60,
61,
62,
63,
64,
65,
66,
67,
68,
69,
70,
71,
72,
73,
74,
75,
76,
77,
78,
79,
80,
81,
82,
83,
84,
85,
86,
87,
88,
89,
90,
91,
92,
93,
94,
95,
96,
97,
98,
99,
100,
101,
102,
103,
104,
105,
106,
107,
108,
109,
110,
111,
112,
113,
114,
115,
116,
117,
118,
119,
120,
121,
122,
123,
124,
125,
126,
127,
128,
129,
130,
131,
132,
133,
134,
135,
136,
137,
138,
139,
140,
141,
142,
143,
144,
145,
146,
147,
148,
149,
150,
151,
152,
153,
154,
155,
156,
157,
158,
159,
160,
161,
162,
163,
164,
165,
166,
167,
168,
169,
170,
171,
172,
173,
174,
175,
176,
177,
178,
179
81 42
42 140
140 172
172 8
8 161
161 11
11 70
70 7
7 64
64 16
16 72
72 17
17 115
115 148
148 0
0 29
29 114
114 30
30 71
71 151
151 59
59 121
121 167
167 84
84 39
39 120
120 137
137 176
176 127
127 165
165 83
83 52
52 67
67 92
92 33
33 104
104 55
55 87
87 37
37 126
126 94
94 155
155 116
116 131
131 171
171 66
66 159
159 113
113 56
56 93
93 2
2 60
60 45
45 134
134 41
41 98
98 117
117 58
58 25
25 162
162 57
57 103
103 129
129 34
34 163
163 150
150 32
32 50
50 48
48 97
97 101
101 147
147 46
46 22
22 119
119 132
132 145
145 173
173 53
53 62
62 124
124 133
133 10
10 73
73 44
44 36
36 20
20 15
15 160
160 61
61 74
74 31
31 135
135 54
54 169
169 80
80 49
49 141
141 24
24 105
105 146
146 21
21 14
14 168
168 125
125 177
177 179
179 152
152 90
90 78
78 6
6 112
112 85
85 1
1 136
136 158
158 139
139 13
13 111
111 12
12 19
19 123
123 65
65 100
100 166
166 170
170 156
156 128
128 47
47 102
102 18
18 142
142 143
143 35
35 130
130 26
26 76
76 3
3 138
138 175
175 23
23 174
174 118
118 38
38 5
5 122
122 164
164 88
88 68
68 63
63 28
28 51
51 89
89 9
9 109
109 82
82 91
91 107
107 77
77 86
86 75
75 79
79 40
40 178
178 4
4 154
154 157
157 99
99 106
106 153
153 149
149 96
96 108
108 69
69 144
144 110
110 27
27 43
43 95
159 127
11 127
94 145
142 131
32 5
96 68
123 116
169 65
21 118
147 54
123 150
98 63
19 142
172 47
55 56
32 18
57 140
98 103
36 140
97 69
136 125
117 155
53 68
108 93
128 78
100 84
86 113
144 106
8 113
69 6
140 4
136 150
18 134
105 159
92 145
74 30
3 131
143 175
133 104
102 82
159 125
34 58
3 159
136 94
146 67
147 60
80 145
76 69
62 133
77 92
129 115
139 46
129 113
6 139
98 2
38 153
102 69
162 93
90 116
131 32
56 133
84 161
95 178
144 168
166 127
168 69
158 129
161 149
64 95
80 92
74 45
177 86
120 69
105 11
57 75
156 167
53 72
5 143
46 24
83 140
35 30
42 125
133 42
127 71
23 149
138 84
48 122
83 73
49 149
128 0
61 46
121 61
101 116
173 147
177 176
42 142
152 165
149 170
158 51
151 137
101 100
84 154
110 5
155 105
108 121
140 102
142 89
1 34
0 65
163 156
134 114
154 74
124 102
24 61
158 107
19 66
27 153
154 32
48 90
99 55
167 12
163 28
140 174
29 67
17 65
173 41
101 12
90 25
41 69
137 135
171 46
131 80
42 44
82 49
64 172
20 60
53 8
156 19
95 2
15 65
16 83
22 159
131 118
161 155
174 69
69 168
41 102
162 87
153 81
14 105
40 172
73 150
102 79
90 78
120 66
138 83
88 28
55 116
15 53
59 97
95 48
86 64
118 86
132 135
160 123
120 135
64 112
162 159
31 110
164 100
124 20
170 146
169 25
7 84
49 133
114 141
37 1
139 169
114 12
36 174
72 107
171 152
156 148
67 168
128 9
92 7
93 102
121 34
51 10
177 14
145 80
89 58
69 58
28 47
173 5
153 178
50 165
138 8
95 140
129 98
5 104
110 177
63 131
136 132
123 157
151 42
74 126
67 47
96 16
149 101
57 31
18 119
98 153
137 159
80 85
75 76
85 123
150 70
113 126
95 146
168 91
84 47
91 72
69 12
127 42
20 50
152 152
9 120
76 121
39 65
118 76
89 46
42 75
53 115
120 175
143 84
14 177
46 8
29 176
32 7
30 136
13 111
17 130
113 23
75 56
16 85
75 125
22 169
93 14
3 99
54 81
138 128
105 62
9 170
86 0
80 158
176 28
124 125
115 74
99 65
130 136
135 10
18 32
33 118
88 124
39 158
98 138
12 136
31 45
14 116
14 116
113 52
59 22
127 162
74 18
34 13
131 134
129 161
171 123
54 155
81 142
35 49
97 175
179 26
60 81
50 38
126 177
160 123
50 132
167 165
125 149
117 25
162 179
51 4
109 167
16 175
177 71
168 145
81 114
60 144
74 102
85 137
2 134
78 142
49 164
1 97
2 146
174 3
92 125
78 71
168 128
129 58
152 78
30 34
23 58
86 28
48 119
67 7
23 31
157 68
112 117
17 149
175 0
159 179
109 16
61 97
126 54
131 150
68 29
33 3
96 20
115 81
18 33
77 16
89 76
44 171
11 133
6 100
67 23
174 166
152 166
70 12
101 79
167 55
17 1
127 80
173 91
15 88
21 116
43 149
1 97
176 67
53 36
87 6
87 45
126 1
95 104
91 3
33 55
174 70
1 141
57 69
141 165
19 84
69 77
124 71
7 107
135 66
71 46
11 107
135 11
66 72
12 129
150 3
158 5
31 120
74 37
96 170
68 3
102 79
19 55
10 69
116 154
2 60
121 6
31 2
40 62
163 114
132 147
84 34
13 42
22 137
79 164
82 49
29 108
93 176
65 63
160 59
143 27
57 112
84 119
25 118
101 25
163 159
56 30
7 144
147 50
79 12
64 10
151 20
160 166
26 1
179 169
151 145
8 93
162 33
153 49
133 136
128 154
19 4
160 103
125 109
14 104
99 113
48 108
136 149
91 95
44 24
15 66
71 151
160 172
113 133
144 90
90 26
111 82
45 32
62 167
104 103
142 24
105 16
53 112
172 146
125 134
126 143
53 132
122 132
115 28
128 132
66 132
30 136
57 69
59 25
96 176
98 73
22 57
81 174
66 42
66 141
110 12
157 1
137 38
138 148
143 102
86 30
49 26
89 128
108 54
139 145
122 125
114 129
76 28
38 134
7 48
169 173
163 43
35 106
142 159
2 21
163 1
140 2
16 97
63 62
102 61
132 157
64 22
161 111
13 32
26 112
44 167
151 49
95 34
7 43
130 68
13 118
101 37
56 137
118 53
140 33
51 112
36 87
63 5
56 125
12 104
106 95
144 96
15 93
126 105
147 90
83 93
149 143
82 139
116 82
6 4
109 124
147 83
52 89
24 139
13 79
170 138
147 95
147 156
52 148
50 105
49 30
64 51
169 40
33 177
152 42
73 144
97 151
96 137
102 143
5 145
102 132
135 168
100 119
4 12
153 151
73 53
84 62
32 140
2 177
100 64
52 101
134 98
172 155
51 99
140 56
144 174
48 28
25 96
86 6
116 25
41 39
75 118
152 148
16 84
110 84
15 8
151 165
13 17
61 148
162 153
94 46
79 138
157 8
177 8
144 81
117 18
57 16
142 49
178 70
61 176
73 33
167 33
60 18
139 33
142 152
94 74
157 163
38 85
147 163
109 62
150 117
25 103
101 147
174 33
122 51
109 149
10 12
111 101
72 115
92 99
81 114
80 149
60 156
147 145
1 141
104 95
16 59
168 69
157 96
16 84
31 102
37 168
166 83
66 126
13 1
176 48
134 67
142 153
21 59
78 175
71 56
54 167
178 175
74 67
115 96
132 160
97 30
119 37
34 110
169 42
165 125
127 7
1 160
74 110
59 173
75 32
153 0
133 135
36 162
24 119
137 107
41 21
105 67
85 40
131 82
156 88
14 131
166 21
90 64
32 145
168 30
3 57
90 179
154 37
34 55
132 42
173 128
121 91
152 19
22 78
36 92
58 34
10 102
4 93
25 70
162 165
54 86
131 6
138 11
49 107
27 165
171 129
76 45
63 10
153 66
137 155
138 93
21 55
123 77
33 153
157 137
175 79
152 39
14 4
110 99
11 25
24 15
93 122
109 9
150 164
34 20
32 87
132 93
24 136
136 33
120 137
122 26
22 152
42 144
117 98
60 31
122 117
7 104
16 138
103 127
39 9
96 67
130 61
147 142
70 56
15 143
90 33
35 5
35 142
22 124
32 54
3 25
59 172
141 63
156 56
85 116
43 64
23 79
11 85
94 87
41 176
88 16