190
949
0,
1,
2,
3,
4,
5,
6,
7,
8,
9,
10,
11,
12,
13,
14,
15,
16,
17,
18,
19,
20,
21,
22,
23,
24,
25,
26,
27,
28,
29,
30,
31,
32,
33,
34,
35,
36,
37,
38,
39,
40,
41,
42,
43,
44,
45,
46,
47,
48,
49,
50,
51,
52,
53,
54,
55,
56,
57,
58,
59,
60,
61,
62,
63,
64,
65,
66,
67,
68,
69,
70,
71,
72,
73,
74,
75,
76,
77,
78,
79,
80,
81,
82,
83,
84,
85,
86,
87,
88,
89,
90,
91,
92,
93,
94,
95,
96,
97,
98,
99,
100,
101,
102,
103,
104,
105,
106,
107,
108,
109,
110,
111,
112,
113,
114,
115,
116,
117,
118,
119,
120,
121,
122,
123,
124,
125,
126,
127,
128,
129,
130,
131,
132,
133,
134,
135,
136,
137,
138,
139,
140,
141,
142,
143,
144,
145,
146,
147,
148,
149,
150,
151,
152,
153,
154,
155,
156,
157,
158,
159,
160,
161,
162,
163,
164,
165,
166,
167,
168,
169,
170,
171,
172,
173,
174,
175,
176,
177,
178,
179,
180,
181,
182,
183,
184,
185,
186,
187,
188,
189
179 104
104 106
106 101
101 68
68 48
48 153
153 116
116 172
172 173
173 9
9 57
57 135
135 146
146 10
10 42
42 75
75 2
2 103
103 184
184 4
4 54
54 5
5 157
157 140
140 0
0 118
118 7
7 168
168 32
32 40
40 70
70 174
174 58
58 131
131 41
41 162
162 81
81 183
183 181
181 150
150 3
3 110
110 92
92 125
125 144
144 114
114 38
38 163
163 141
141 61
61 36
36 44
44 155
155 133
133 129
129 120
120 19
19 79
79 59
59 24
24 177
177 188
188 161
161 51
51 77
77 167
167 17
17 99
99 97
97 1
1 34
34 123
123 152
152 72
72 134
134 98
98 178
178 136
136 108
108 49
49 37
37 26
26 18
18 89
89 143
143 21
21 45
45 13
13 147
147 82
82 170
170 137
137 16
16 160
160 124
124 166
166 139
139 29
29 71
71 151
151 165
165 176
176 65
65 52
52 30
30 189
189 145
145 22
22 121
121 78
78 60
60 154
154 111
111 100
100 86
86 62
62 105
105 88
88 53
53 12
12 187
187 158
158 6
6 126
126 35
35 132
132 14
14 149
149 11
11 20
20 109
109 171
171 117
117 28
28 94
94 84
84 148
148 175
175 83
83 91
91 27
27 107
107 164
164 156
156 119
119 128
128 76
76 122
122 180
180 87
87 66
66 56
56 67
67 185
185 50
50 90
90 115
115 23
23 15
15 130
130 33
33 96
96 80
80 55
55 64
64 8
8 31
31 46
46 85
85 39
39 74
74 169
169 186
186 69
69 142
142 93
93 73
73 63
63 112
112 47
47 159
159 182
182 95
95 25
25 43
43 127
127 102
102 138
138 113
47 22
104 127
60 148
87 171
46 83
99 10
73 9
128 33
26 101
165 18
174 123
48 86
34 45
23 179
15 151
77 157
36 180
53 9
80 25
185 27
164 87
178 165
111 45
80 7
151 29
25 113
140 12
66 88
21 120
119 23
79 15
149 114
46 57
69 168
46 88
133 3
85 189
15 79
67 177
47 20
50 10
28 115
187 189
15 19
48 45
160 160
29 168
104 36
87 109
94 38
95 173
52 94
65 42
160 120
132 85
26 185
0 102
61 55
71 137
178 120
73 23
152 115
21 117
30 18
96 27
154 161
127 161
47 59
172 103
95 159
63 103
98 169
81 14
124 83
174 175
39 6
179 74
173 33
155 24
172 37
29 68
116 61
21 146
114 169
55 172
162 157
60 92
111 16
142 131
67 117
100 96
1 169
143 35
40 183
167 47
63 62
105 17
16 144
97 81
97 94
167 75
150 3
134 36
85 117
135 19
162 125
117 174
102 61
2 126
185 26
117 5
152 87
26 76
83 23
63 159
59 109
82 181
17 112
12 148
28 39
8 12
7 146
75 122
45 105
111 29
11 35
125 16
49 182
52 38
4 182
59 28
151 83
8 151
25 154
173 189
143 70
65 181
155 164
176 171
93 119
73 53
99 9
106 137
27 9
132 101
0 16
182 94
31 64
104 176
103 142
130 123
125 116
95 39
169 74
179 27
150 47
155 48
129 12
178 109
100 19
69 29
184 35
94 162
145 61
56 103
112 182
91 173
189 35
32 114
155 157
163 144
14 112
150 162
22 1
35 119
10 61
120 170
35 49
138 60
88 10
13 87
163 84
64 48
130 51
86 106
66 162
163 178
88 94
135 133
176 87
123 75
51 28
120 15
141 71
33 63
162 112
4 50
135 73
87 9
42 184
97 89
145 48
18 62
141 83
178 110
92 98
170 14
67 24
22 34
131 161
76 37
139 49
72 18
93 86
119 146
65 156
104 31
125 45
173 96
40 21
170 70
57 80
51 184
159 79
26 147
15 84
99 129
34 178
114 19
133 69
105 182
185 117
153 181
41 147
172 125
74 147
90 178
37 138
1 39
176 38
69 55
133 74
12 184
22 137
155 32
21 65
140 158
155 153
150 174
166 162
6 35
2 62
159 188
80 5
128 118
180 184
100 76
168 116
125 188
28 22
175 141
5 58
154 137
179 13
2 159
152 176
165 147
188 70
96 24
130 68
33 31
114 138
163 137
10 82
24 1
3 149
171 58
2 175
76 99
151 45
120 81
170 154
165 119
95 47
55 96
179 110
137 164
51 16
171 120
86 57
31 81
88 183
39 96
3 118
90 133
32 54
8 155
125 69
150 162
121 63
6 102
83 169
120 138
78 170
62 111
148 181
100 158
75 85
123 100
76 102
44 171
53 84
170 30
67 55
23 136
135 48
131 123
186 94
140 168
47 85
71 152
28 29
175 32
116 74
6 159
162 117
65 78
183 22
46 156
35 54
102 129
148 123
7 9
150 53
23 116
96 7
55 173
121 1
106 117
148 166
111 142
93 99
131 187
39 184
101 105
93 44
3 55
74 9
110 93
153 26
134 131
38 163
140 143
2 33
121 173
166 153
95 188
186 96
155 183
186 59
60 0
46 6
178 82
182 188
135 71
79 140
148 65
55 115
139 108
172 37
172 78
143 129
45 57
65 178
161 39
152 127
48 59
82 126
0 93
109 4
15 20
112 181
82 183
162 165
60 9
92 59
31 140
68 117
18 22
151 161
128 143
78 103
177 73
37 116
73 10
51 20
135 48
44 92
121 167
173 11
97 14
14 9
42 0
51 63
20 153
156 103
42 99
6 184
147 64
178 47
52 12
41 141
63 164
130 130
134 111
59 34
123 106
80 71
170 27
126 151
118 48
155 49
158 178
155 114
12 69
181 46
2 127
168 82
45 95
73 127
96 103
65 27
111 59
12 152
151 93
5 44
17 70
54 66
27 89
134 113
161 46
78 102
44 142
119 183
59 137
45 174
77 118
184 136
87 160
21 65
96 87
149 18
142 181
36 89
7 30
189 158
179 20
57 171
132 64
181 181
172 182
31 4
37 164
43 85
0 7
75 127
92 142
189 46
12 3
12 27
150 155
165 162
163 73
44 176
66 72
150 96
167 92
148 93
66 75
78 47
175 138
173 81
178 3
103 36
124 13
49 12
98 179
123 122
29 93
132 173
23 17
41 174
23 46
50 18
70 12
110 21
183 19
88 174
82 121
52 71
91 126
141 101
169 53
123 79
91 153
101 105
119 82
61 124
182 175
64 119
104 164
179 120
99 182
20 167
36 114
112 39
101 37
84 110
161 103
131 87
51 85
40 119
87 110
120 24
98 89
6 139
136 10
109 110
171 58
177 129
51 167
180 57
5 0
103 85
89 111
79 8
24 13
94 180
35 64
91 17
83 173
63 150
74 13
139 77
8 33
159 24
189 161
189 100
115 9
151 69
134 69
174 119
177 104
72 6
74 166
65 60
167 133
92 56
99 137
55 38
48 52
52 24
47 62
113 3
93 22
167 145
104 102
108 173
13 175
158 187
23 182
103 157
43 177
98 27
70 125
58 120
120 142
186 141
168 180
142 105
42 100
77 82
37 95
40 81
92 118
132 174
92 128
114 162
52 58
92 12
144 25
71 109
55 105
108 58
52 160
43 22
112 35
54 96
157 161
16 149
119 86
60 180
43 99
89 94
3 88
54 126
17 163
104 134
119 162
150 110
66 133
24 111
37 165
64 139
189 151
93 112
172 123
124 45
70 7
148 139
31 87
62 115
3 96
175 66
0 105
78 144
103 52
8 135
29 121
50 95
39 68
177 82
10 38
169 95
63 65
186 160
35 44
50 103
9 61
106 74
181 149
51 171
175 175
50 66
168 31
127 61
103 11
9 138
189 112
66 2
79 121
137 149
67 100
72 179
140 187
88 181
101 18
189 115
55 48
86 80
41 60
124 46
75 51
157 23
24 37
100 66
22 18
155 174
56 176
154 44
113 188
44 78
47 129
69 116
161 113
28 57
6 187
176 61
69 88
64 142
50 110
141 170
100 34
4 126
179 149
58 87
95 55
26 31
100 158
18 89
137 21
189 24
42 122
134 40
110 158
81 126
157 47
21 144
81 39
171 94
109 110
104 9
65 182
122 136
4 8
58 108
32 181
128 116
44 20
107 159
19 40
146 176
40 182
165 155
160 1
86 59
130 98
108 121
67 15
120 173
127 183
107 65
152 90
124 126
56 24
157 1
123 12
7 2
141 30
180 108
90 33
79 157
119 1
107 145
56 182
9 75
129 189
62 21
142 82
145 13
61 117
180 117
41 165
14 146
9 116
155 158
48 38
91 161
146 66
146 113
171 103
79 184
91 24
132 154
27 12
112 78
47 37
86 96
115 111
128 4