200
999
0,
1,
2,
3,
4,
5,
6,
7,
8,
9,
10,
11,
12,
13,
14,
15,
16,
17,
18,
19,
20,
21,
22,
23,
24,
25,
26,
27,
28,
29,
30,
31,
32,
33,
34,
35,
36,
37,
38,
39,
40,
41,
42,
43,
44,
45,
46,
47,
48,
49,
50,
51,
52,
53,
54,
55,
56,
57,
58,
59,
60,
61,
62,
63,
64,
65,
66,
67,
68,
69,
70,
71,
72,
73,
74,
75,
76,
77,
78,
79,
80,
81,
82,
83,
84,
85,
86,
87,
88,
89,
90,
91,
92,
93,
94,
95,
96,
97,
98,
99,
100,
101,
102,
103,
104,
105,
106,
107,
108,
109,
110,
111,
112,
113,
114,
115,
116,
117,
118,
119,
120,
121,
122,
123,
124,
125,
126,
127,
128,
129,
130,
131,
132,
133,
134,
135,
136,
137,
138,
139,
140,
141,
142,
143,
144,
145,
146,
147,
148,
149,
150,
151,
152,
153,
154,
155,
156,
157,
158,
159,
160,
161,
162,
163,
164,
165,
166,
167,
168,
169,
170,
171,
172,
173,
174,
175,
176,
177,
178,
179,
180,
181,
182,
183,
184,
185,
186,
187,
188,
189,
190,
191,
192,
193,
194,
195,
196,
197,
198,
199
58 123
123 0
0 112
112 119
119 174
174 188
188 180
180 152
152 168
168 93
93 29
29 182
182 125
125 43
43 113
113 124
124 19
19 198
198 103
103 121
121 15
15 64
64 30
30 175
175 106
106 191
191 95
95 92
92 116
116 35
35 101
101 41
41 150
150 132
132 25
25 54
54 40
40 20
20 122
122 145
145 8
8 86
86 126
126 2
2 167
167 147
147 72
72 18
18 97
97 181
181 31
31 184
184 16
16 173
173 156
156 24
24 141
141 170
170 85
85 163
163 17
17 148
148 169
169 146
146 185
185 55
55 60
60 159
159 186
186 78
78 144
144 57
57 51
51 100
100 69
69 187
187 155
155 68
68 21
21 107
107 164
164 105
105 79
79 38
38 67
67 190
190 166
166 104
104 12
12 96
96 111
111 7
7 32
32 59
59 9
9 89
89 74
74 192
192 77
77 84
84 130
130 87
87 143
143 133
133 142
142 98
98 149
149 195
195 136
136 71
71 6
6 140
140 108
108 197
197 50
50 193
193 114
114 1
1 65
65 90
90 37
37 94
94 154
154 131
131 118
118 99
99 196
196 157
157 66
66 23
23 36
36 199
199 53
53 158
158 49
49 134
134 189
189 91
91 27
27 137
137 88
88 63
63 46
46 76
76 39
39 22
22 115
115 161
161 3
3 139
139 102
102 162
162 11
11 33
33 56
56 171
171 135
135 44
44 138
138 4
4 83
83 62
62 82
82 160
160 117
117 10
10 81
81 13
13 45
45 14
14 34
34 178
178 70
70 183
183 75
75 165
165 48
48 73
73 61
61 120
120 42
42 151
151 129
129 176
176 128
128 28
28 179
179 47
47 127
127 80
80 110
110 109
109 153
153 194
194 177
177 5
5 52
52 26
26 172
171 19
64 97
144 134
52 181
82 107
26 11
81 99
0 157
168 148
61 140
16 198
86 168
13 120
44 82
31 85
75 160
23 38
161 165
67 108
6 173
25 117
6 27
6 13
184 183
133 197
68 172
23 61
193 8
84 53
27 143
126 45
140 91
44 157
63 44
36 51
162 73
155 8
112 75
115 99
112 139
49 70
17 60
2 6
138 112
167 198
143 34
76 155
6 45
184 27
130 107
75 118
4 9
113 47
35 45
119 21
51 55
170 37
124 112
106 141
151 156
164 31
17 175
131 185
171 108
161 106
88 50
134 79
84 85
192 140
71 73
103 164
84 2
122 99
9 19
3 56
134 45
189 10
100 49
89 24
34 145
138 94
76 27
61 119
168 92
160 192
174 12
127 32
79 180
12 178
144 163
26 33
33 182
178 155
29 161
33 34
103 28
60 95
91 124
80 104
47 77
83 75
27 188
144 111
199 129
84 59
59 121
155 31
50 23
150 72
61 165
180 136
42 26
16 199
105 184
65 41
72 114
58 151
155 187
13 106
23 69
35 14
52 155
43 128
22 32
91 52
142 135
16 97
129 46
25 35
165 88
42 2
3 176
75 56
38 44
141 20
72 67
76 123
97 165
149 157
95 46
9 132
42 75
108 177
67 165
87 189
168 131
167 162
183 120
60 130
142 115
179 63
199 131
130 73
65 158
155 98
27 130
24 140
56 139
32 72
12 172
26 58
66 137
133 184
32 101
104 65
108 183
176 162
69 58
91 48
63 35
5 86
3 51
55 12
121 180
63 3
0 77
13 74
81 44
41 9
181 120
110 49
159 9
41 71
57 94
15 32
127 157
149 161
102 137
115 131
148 71
190 6
178 132
134 4
53 148
89 7
129 59
139 100
14 17
94 75
18 197
40 40
171 14
73 44
181 135
110 180
170 54
31 41
189 64
66 180
140 73
193 44
106 176
36 197
146 183
91 80
113 75
21 36
151 122
157 171
187 59
13 176
45 33
169 2
68 115
55 82
158 31
185 118
127 184
61 140
170 85
67 175
172 32
128 161
6 38
28 27
106 149
47 10
141 88
131 138
158 51
25 42
78 17
108 194
74 125
54 126
135 67
109 29
166 67
185 64
173 148
106 187
8 23
105 155
39 97
25 92
175 159
35 110
130 199
166 103
70 169
145 119
75 109
139 80
46 87
161 153
138 135
80 28
131 164
152 197
116 194
156 166
25 55
165 86
3 24
51 38
0 68
138 54
8 65
109 62
47 19
36 192
67 43
98 166
160 112
100 183
140 160
22 84
60 47
38 88
102 137
169 115
67 9
190 119
183 65
29 142
89 76
192 133
172 1
165 149
92 48
164 70
115 50
28 37
30 95
88 38
110 52
5 106
12 53
37 19
103 159
117 145
43 84
174 138
9 139
65 85
64 75
169 40
92 196
59 139
33 51
11 126
176 154
166 171
144 23
192 72
8 17
142 43
103 72
43 183
100 95
120 48
92 196
194 86
1 2
175 97
138 153
72 105
180 31
3 106
169 70
39 179
66 90
129 198
189 72
9 21
177 36
51 25
138 176
25 99
68 175
128 91
76 102
98 9
23 66
116 11
67 34
67 141
156 123
11 87
149 82
82 126
8 116
98 117
142 92
26 168
176 106
178 7
6 98
160 195
190 181
77 96
52 113
91 100
150 86
114 183
195 32
137 11
125 156
183 124
103 45
80 171
145 191
52 16
22 133
188 190
9 150
195 144
123 161
164 110
185 70
119 160
102 104
129 189
132 137
94 16
113 4
90 115
61 184
74 84
120 48
188 94
18 2
75 6
166 166
47 180
67 165
66 42
152 38
6 32
182 171
88 129
147 122
55 71
38 134
82 71
134 191
128 60
33 76
45 199
33 135
95 23
170 76
102 152
15 122
79 137
102 36
190 116
20 15
19 121
116 8
129 137
117 38
27 153
141 84
117 36
53 182
172 152
80 134
190 34
27 88
45 47
1 78
109 134
169 171
24 109
14 171
68 44
83 122
117 60
198 123
80 61
126 189
60 112
24 179
106 22
129 75
1 131
127 17
161 81
114 96
141 154
119 155
62 181
8 127
19 131
194 186
170 111
136 18
62 79
53 149
147 1
11 78
27 67
69 169
121 23
28 67
167 14
174 178
169 130
169 82
122 31
192 105
61 96
4 182
118 38
198 40
104 136
75 187
85 3
40 151
97 128
92 159
94 151
83 10
130 130
103 185
35 104
149 53
82 121
33 88
172 98
39 153
170 60
124 40
191 199
11 25
107 198
79 145
75 99
19 174
116 86
96 197
94 120
173 105
2 122
115 67
75 9
100 69
48 117
139 12
89 134
89 159
128 182
41 60
184 149
17 191
28 21
153 119
72 103
122 106
173 64
49 192
104 198
50 175
19 33
95 13
73 40
84 168
132 152
78 160
3 193
70 16
55 189
149 137
90 134
59 82
133 183
70 40
155 72
37 177
144 44
180 169
69 177
70 2
83 137
22 66
166 166
48 188
92 165
140 185
156 125
106 176
46 30
18 123
37 183
78 60
124 193
15 85
193 183
103 54
14 176
144 56
29 77
52 66
144 131
2 7
36 18
2 113
46 167
61 83
56 78
85 13
154 146
126 40
160 3
1 17
198 174
143 9
113 22
99 100
67 126
149 84
180 177
193 21
105 164
109 137
21 169
104 166
81 42
111 191
37 101
80 0
83 10
28 87
122 53
38 140
102 101
22 64
181 183
143 20
88 59
110 198
68 9
159 196
111 25
128 147
125 37
136 195
193 46
192 131
91 139
96 114
120 86
57 123
112 170
27 112
148 178
122 132
84 199
139 90
38 90
96 20
170 61
66 115
45 83
167 5
97 70
51 174
129 59
96 135
181 166
188 152
74 189
159 193
20 29
41 39
68 143
63 39
78 192
31 104
199 50
193 153
77 1
191 100
90 14
62 104
164 57
15 158
36 44
158 155
159 104
195 31
67 156
138 151
102 32
164 191
167 110
150 199
136 4
164 122
170 40
36 96
1 139
185 91
84 138
31 24
197 170
70 56
72 152
8 144
168 103
50 167
82 135
0 118
64 174
75 62
136 68
12 13
25 76
174 44
96 170
44 98
161 163
177 194
55 69
60 143
90 111
23 170
121 19
139 37
149 71
161 83
32 80
5 62
133 120
159 156
155 154
73 146
171 63
74 105
132 119
69 138
81 7
73 137
143 23
114 43
191 178
44 107
87 90
125 109
32 171
181 65
55 158
109 128
82 76
181 175
65 76
115 53
170 38
106 93
151 71
15 5
126 110
118 119
48 133
98 68
12 9
18 34
109 146
183 94
29 3
177 135
142 163
66 139
35 114
175 167
99 96
148 187
6 182
189 159
51 14
46 32
83 41
96 149
57 126
151 70
13 84
103 188
30 45
0 121
160 31
179 0
57 144
177 5
194 172
143 159
2 110
125 153
159 15
177 81
131 187
163 49
140 167
161 71
114 121
197 137
23 118
157 29
136 173
39 164
129 80
25 191
171 37
105 28
23 176
194 44
185 122
61 182
26 52
168 18
177 66
77 58
148 38
188 71
133 128
152 116
163 115
185 0
166 87
85 172