210
1049
0,
1,
2,
3,
4,
5,
6,
7,
8,
9,
10,
11,
12,
13,
14,
15,
16,
17,
18,
19,
20,
21,
22,
23,
24,
25,
26,
27,
28,
29,
30,
31,
32,
33,
34,
35,
36,
37,
38,
39,
40,
41,
42,
43,
44,
45,
46,
47,
48,
49,
50,
51,
52,
53,
54,
55,
56,
57,
58,
59,
60,
61,
62,
63,
64,
65,
66,
67,
68,
69,
70,
71,
72,
73,
74,
75,
76,
77,
78,
79,
80,
81,
82,
83,
84,
85,
86,
87,
88,
89,
90,
91,
92,
93,
94,
95,
96,
97,
98,
99,
100,
101,
102,
103,
104,
105,
106,
107,
108,
109,
110,
111,
112,
113,
114,
115,
116,
117,
118,
119,
120,
121,
122,
123,
124,
125,
126,
127,
128,
129,
130,
131,
132,
133,
134,
135,
136,
137,
138,
139,
140,
141,
142,
143,
144,
145,
146,
147,
148,
149,
150,
151,
152,
153,
154,
155,
156,
157,
158,
159,
160,
161,
162,
163,
164,
165,
166,
167,
168,
169,
170,
171,
172,
173,
174,
175,
176,
177,
178,
179,
180,
181,
182,
183,
184,
185,
186,
187,
188,
189,
190,
191,
192,
193,
194,
195,
196,
197,
198,
199,
200,
201,
202,
203,
204,
205,
206,
207,
208,
209
130 88
88 148
148 140
140 147
147 186
186 195
195 64
64 95
95 4
4 9
9 105
105 182
182 108
108 18
18 47
47 49
49 48
48 135
135 1
1 161
161 81
81 109
109 80
80 73
73 75
75 16
16 91
91 114
114 183
183 35
35 94
94 169
169 40
40 129
129 2
2 67
67 52
52 121
121 134
134 152
152 57
57 153
153 175
175 32
32 180
180 197
197 156
156 145
145 61
61 119
119 99
99 78
78 190
190 92
92 128
128 165
165 56
56 162
162 123
123 53
53 187
187 171
171 59
59 43
43 13
13 207
207 45
45 106
106 79
79 209
209 110
110 66
66 168
168 42
42 6
6 142
142 89
89 7
7 155
155 38
38 204
204 154
154 103
103 21
21 200
200 188
188 3
3 141
141 96
96 30
30 172
172 84
84 83
83 136
136 176
176 173
173 0
0 44
44 12
12 118
118 124
124 189
189 158
158 126
126 201
201 132
132 101
101 137
137 164
164 72
72 36
36 138
138 50
50 15
15 193
193 159
159 192
192 19
19 10
10 166
166 117
117 127
127 20
20 68
68 17
17 198
198 25
25 82
82 133
133 208
208 93
93 22
22 23
23 185
185 107
107 70
70 90
90 191
191 122
122 37
37 202
202 54
54 58
58 97
97 86
86 203
203 85
85 24
24 125
125 205
205 163
163 98
98 65
65 206
206 60
60 146
146 184
184 8
8 87
87 115
115 26
26 28
28 55
55 150
150 62
62 63
63 196
196 27
27 71
71 69
69 33
33 74
74 112
112 11
11 139
139 160
160 116
116 77
77 46
46 113
113 178
178 14
14 39
39 102
102 111
111 177
177 149
149 5
5 143
143 194
194 151
151 34
34 170
170 100
100 157
157 120
120 41
41 181
181 31
31 51
51 131
131 104
104 144
144 167
167 76
76 179
179 174
174 29
29 199
133 153
190 60
29 154
76 89
123 89
207 21
97 20
90 75
89 18
182 136
193 174
5 125
109 147
23 152
76 50
78 131
46 207
68 123
151 25
94 84
0 139
176 149
145 169
18 79
124 12
4 51
174 9
208 202
166 184
30 202
19 122
78 21
27 48
30 31
75 129
73 173
115 26
114 61
43 193
66 184
157 38
1 133
77 109
165 184
56 92
178 134
60 65
66 161
182 147
169 16
178 37
13 90
96 30
124 56
140 71
93 139
147 205
98 45
181 157
184 137
31 78
203 207
159 103
120 183
27 177
124 78
18 175
148 19
41 139
128 69
131 202
41 205
90 47
177 97
144 185
186 87
49 194
77 185
172 19
55 78
191 8
56 172
68 198
98 62
121 98
138 196
85 73
86 89
51 45
71 175
74 200
163 163
153 81
92 143
45 4
183 10
87 182
96 171
195 170
89 102
111 181
89 138
197 125
103 148
94 76
108 208
192 106
172 172
114 67
139 168
128 42
76 176
148 65
32 44
93 207
172 196
76 148
76 15
55 170
18 131
16 72
117 194
77 13
159 13
25 52
7 88
145 137
14 43
17 127
44 33
46 29
195 101
47 133
68 138
156 115
6 174
193 45
22 38
187 127
21 46
128 54
56 2
132 153
175 98
191 36
94 18
187 81
23 93
201 136
45 40
177 70
37 28
53 151
144 4
68 174
91 29
150 162
170 118
30 9
98 70
13 168
93 5
157 41
173 178
185 198
192 40
80 73
91 178
106 168
169 49
59 38
112 42
85 40
26 149
38 138
39 195
183 115
53 55
59 155
175 17
134 59
107 184
68 206
170 80
85 122
15 179
162 39
168 65
140 15
92 84
0 8
161 200
127 79
23 119
101 77
41 141
124 81
61 121
136 185
204 114
153 188
202 189
43 187
25 36
148 71
16 136
29 105
209 22
195 209
39 208
167 175
51 141
116 118
117 78
11 83
172 179
49 179
105 19
40 81
53 51
90 12
53 71
41 117
175 88
173 94
56 131
1 161
143 201
59 30
192 209
195 34
7 19
27 24
101 120
142 29
178 74
107 154
41 133
61 141
153 40
93 33
92 43
2 195
167 34
127 190
104 4
186 63
202 157
40 48
176 104
40 36
64 6
90 202
29 158
119 139
145 17
163 127
28 209
73 177
33 169
111 66
170 85
92 44
93 7
204 119
79 31
128 4
83 89
161 15
143 102
93 123
142 90
107 130
155 91
94 104
46 80
136 111
5 79
60 86
172 190
126 85
161 37
12 117
179 112
25 176
113 54
57 131
161 209
133 48
22 166
82 85
6 6
155 90
145 52
17 83
11 172
13 51
12 52
155 200
83 181
53 84
55 66
120 31
111 97
64 50
189 157
74 138
141 109
50 59
195 40
190 53
64 147
141 71
178 196
51 131
98 191
145 178
37 142
88 0
209 111
160 50
156 136
71 74
182 35
143 53
30 79
151 163
146 128
115 117
172 189
176 47
200 52
153 29
139 171
3 80
122 9
90 85
107 38
129 209
166 209
151 51
192 2
15 4
88 181
51 56
177 42
32 52
100 47
129 127
129 20
161 67
80 41
185 107
74 84
136 41
153 154
140 9
42 176
65 95
6 57
78 52
147 123
120 51
114 18
200 23
50 124
13 173
68 108
144 134
159 79
174 195
183 98
108 145
179 90
97 4
191 144
178 141
132 9
207 51
20 144
183 170
145 73
39 60
43 5
90 189
103 114
12 11
43 92
57 107
139 133
205 160
58 209
115 91
67 151
98 151
112 84
75 107
164 174
53 104
161 183
137 10
194 71
60 67
145 59
76 97
175 105
140 62
50 82
186 135
39 161
180 49
10 207
10 117
165 191
137 122
27 129
140 26
83 9
209 196
137 21
159 129
45 88
190 202
8 30
34 55
50 96
129 138
66 179
6 116
12 112
72 96
156 76
153 77
159 144
38 62
171 17
117 192
161 66
206 49
104 45
5 6
65 136
173 137
5 178
197 192
114 114
82 149
136 48
87 106
196 108
124 84
179 2
86 135
198 132
208 198
94 63
100 209
156 185
93 195
105 69
59 79
115 198
195 101
17 118
150 161
126 32
175 95
185 198
136 54
166 100
192 102
42 19
7 155
198 33
167 196
8 6
26 197
96 102
186 157
201 125
141 19
32 27
178 182
77 88
35 191
108 77
3 134
150 118
136 58
69 125
134 183
82 58
51 168
165 113
36 46
28 6
177 81
125 164
11 7
208 110
88 185
87 85
13 175
208 44
82 60
176 84
85 38
146 78
11 125
74 5
173 97
176 32
146 56
75 133
30 0
127 185
164 167
145 62
113 135
55 29
12 25
153 165
169 63
27 113
50 20
208 1
117 41
151 11
38 16
150 60
90 8
106 101
128 186
138 83
60 79
6 100
191 17
154 98
191 190
135 29
145 41
117 113
189 126
162 90
38 181
20 11
205 55
112 38
142 193
170 182
53 99
125 70
123 75
124 71
18 31
167 114
132 174
24 198
99 92
86 73
98 183
112 5
148 85
198 102
152 17
156 62
51 153
96 49
102 16
184 22
121 93
126 160
109 50
114 78
57 167
145 81
182 123
1 112
12 62
106 6
140 187
0 46
86 205
147 177
163 118
127 81
51 184
41 34
42 165
89 166
3 207
39 196
7 121
25 171
2 49
4 189
8 162
156 25
81 73
3 75
195 155
164 31
70 81
60 141
5 81
199 138
100 209
1 46
22 132
35 199
138 141
38 116
59 93
167 85
181 0
87 175
147 10
90 150
73 1
152 80
104 1
88 16
3 159
119 127
142 128
197 50
50 32
192 179
46 174
84 208
139 189
32 195
65 43
151 74
206 158
52 40
44 44
188 23
165 194
68 156
152 174
163 16
174 56
171 84
46 15
137 191
147 42
168 45
84 170
10 95
3 4
96 181
17 3
133 63
145 57
57 169
126 44
184 86
160 198
15 128
77 172
10 40
58 5
69 56
71 26
80 14
135 33
5 33
197 125
32 20
178 71
19 2
104 118
121 79
189 51
70 32
147 138
195 87
50 13
172 91
135 173
134 155
38 157
136 191
192 33
95 205
97 29
34 34
97 67
158 200
43 60
120 195
140 99
171 74
89 187
35 63
105 75
89 155
30 4
50 8
134 49
98 76
18 84
4 200
77 91
102 87
188 86
132 18
137 134
178 115
2 159
128 170
99 178
86 205
169 67
61 33
190 83
89 1
154 158
93 187
123 177
71 167
35 50
6 88
117 208
127 146
16 149
192 35
150 34
128 132
72 67
53 14
175 8
48 96
11 138
205 78
128 184
170 12
173 147
41 182
129 88
29 170
3 165
100 96
125 131
71 15
106 147
142 50
207 36
135 140
54 26
133 71
209 35
11 112
9 48
110 153
28 21
8 104
16 196
33 179
13 95
120 42
177 186
108 24
115 65
1 58
128 176
97 142
200 37
195 170
150 183
142 89
3 26
136 76
162 140
22 128
155 7
158 172
32 208
43 60
0 164
93 114
47 87
78 185
129 203
84 85
162 201
195 100
22 79
99 170
116 115
116 130
134 116
84 52
93 192
46 185
161 187
160 192
189 108
46 206
117 164
121 187
28 200
176 96
20 12
185 157
135 92
195 208
64 107
55 136
58 25
191 52
196 104
156 177
102 31
156 18
169 189
5 152
65 67
161 128
98 110
80 86
97 8
147 186
3 32
102 63
142 164
100 12
33 197
68 94
174 97
106 55
160 165
99 6
197 32
187 22
124 192
181 164
143 49
66 132