220
1099
0,
1,
2,
3,
4,
5,
6,
7,
8,
9,
10,
11,
12,
13,
14,
15,
16,
17,
18,
19,
20,
21,
22,
23,
24,
25,
26,
27,
28,
29,
30,
31,
32,
33,
34,
35,
36,
37,
38,
39,
40,
41,
42,
43,
44,
45,
46,
47,
48,
49,
50,
51,
52,
53,
54,
55,
56,
57,
58,
59,
60,
61,
62,
63,
64,
65,
66,
67,
68,
69,
70,
71,
72,
73,
74,
75,
76,
77,
78,
79,
80,
81,
82,
83,
84,
85,
86,
87,
88,
89,
90,
91,
92,
93,
94,
95,
96,
97,
98,
99,
100,
101,
102,
103,
104,
105,
106,
107,
108,
109,
110,
111,
112,
113,
114,
115,
116,
117,
118,
119,
120,
121,
122,
123,
124,
125,
126,
127,
128,
129,
130,
131,
132,
133,
134,
135,
136,
137,
138,
139,
140,
141,
142,
143,
144,
145,
146,
147,
148,
149,
150,
151,
152,
153,
154,
155,
156,
157,
158,
159,
160,
161,
162,
163,
164,
165,
166,
167,
168,
169,
170,
171,
172,
173,
174,
175,
176,
177,
178,
179,
180,
181,
182,
183,
184,
185,
186,
187,
188,
189,
190,
191,
192,
193,
194,
195,
196,
197,
198,
199,
200,
201,
202,
203,
204,
205,
206,
207,
208,
209,
210,
211,
212,
213,
214,
215,
216,
217,
218,
219
152 154
154 143
143 138
138 112
112 13
13 215
215 41
41 108
108 150
150 199
199 51
51 164
164 87
87 27
27 35
35 118
118 25
25 70
70 217
217 0
0 171
171 62
62 166
166 169
169 181
181 105
105 21
21 16
16 147
147 26
26 130
130 5
5 187
187 201
201 8
8 99
99 145
145 214
214 116
116 76
76 37
37 122
122 168
168 176
176 136
136 28
28 66
66 119
119 148
148 149
149 22
22 53
53 9
9 121
121 204
204 219
219 175
175 1
1 81
81 205
205 140
140 120
120 198
198 69
69 162
162 88
88 137
137 188
188 191
191 59
59 84
84 180
180 85
85 144
144 80
80 90
90 110
110 102
102 125
125 216
216 167
167 190
190 208
208 45
45 184
184 95
95 43
43 185
185 92
92 91
91 74
74 3
3 182
182 174
174 209
209 39
39 173
173 155
155 109
109 117
117 2
2 73
73 46
46 67
67 193
193 40
40 129
129 133
133 10
10 11
11 23
23 42
42 47
47 54
54 75
75 64
64 177
177 20
20 36
36 107
107 212
212 49
49 7
7 132
132 65
65 165
165 82
82 151
151 14
14 103
103 83
83 57
57 197
197 183
183 128
128 50
50 98
98 196
196 179
179 78
78 4
4 106
106 131
131 31
31 77
77 61
61 15
15 127
127 115
115 63
63 104
104 159
159 158
158 194
194 218
218 211
211 34
34 178
178 134
134 142
142 29
29 72
72 114
114 210
210 170
170 94
94 207
207 161
161 202
202 38
38 195
195 135
135 139
139 200
200 32
32 79
79 126
126 86
86 153
153 17
17 93
93 146
146 48
48 30
30 58
58 113
113 97
97 192
192 56
56 89
89 71
71 203
203 123
123 156
156 44
44 172
172 18
18 52
52 68
68 33
33 124
124 24
24 19
19 186
186 101
101 96
96 100
100 160
160 163
163 60
60 213
213 6
6 206
206 111
111 55
55 189
189 12
12 157
157 141
217 175
83 11
218 50
65 111
126 205
217 173
62 67
118 195
48 100
15 175
125 203
175 177
133 212
126 133
215 181
89 106
30 109
27 117
140 88
34 17
158 98
113 57
110 140
111 16
61 146
70 48
56 50
104 72
90 28
90 34
98 171
176 18
36 64
120 72
89 47
153 20
129 111
59 58
140 186
2 35
139 73
91 96
131 172
182 89
112 3
184 139
169 21
104 99
154 145
55 140
132 10
29 151
17 99
105 0
80 137
116 159
85 79
50 3
123 188
35 124
129 185
203 211
37 152
61 4
194 90
16 202
175 171
115 130
166 203
33 6
178 186
201 209
175 19
208 16
201 9
155 34
66 99
160 187
7 86
165 21
37 34
140 216
202 81
163 79
114 116
100 160
188 131
156 177
167 162
67 95
19 105
201 118
55 136
18 136
135 160
118 7
19 192
172 123
90 120
164 148
39 24
94 33
28 210
57 173
181 108
42 211
164 68
210 116
87 58
31 50
43 54
117 139
27 145
15 205
55 178
84 78
90 101
4 202
125 28
92 30
88 117
51 139
118 192
142 56
102 71
50 3
23 117
135 182
78 94
61 161
155 13
2 31
192 48
50 116
164 118
95 197
98 22
83 64
54 152
105 70
142 207
210 20
79 120
153 217
72 174
191 147
45 155
4 60
12 142
211 138
96 139
163 182
60 28
213 110
113 136
103 119
27 58
40 202
139 122
125 1
148 199
151 215
117 89
190 70
118 98
81 135
129 125
46 46
18 151
111 105
139 54
210 17
84 190
186 212
210 41
29 91
197 110
73 15
116 110
214 83
52 187
66 162
68 7
210 103
199 71
45 140
128 152
1 177
137 102
175 31
66 40
58 87
174 35
112 201
113 73
103 191
168 78
60 61
184 62
1 219
134 71
72 113
80 48
119 120
92 105
205 185
78 212
107 1
74 86
203 86
61 65
219 90
146 113
57 124
186 199
125 194
50 161
21 44
25 123
164 1
183 178
194 44
219 10
201 101
108 1
86 218
114 55
48 24
118 111
155 29
98 60
72 121
36 68
55 94
79 201
219 196
78 35
1 69
207 71
106 48
109 161
160 33
191 215
23 30
28 209
18 186
8 171
74 164
56 42
77 146
109 159
154 188
99 145
187 175
154 140
77 133
124 159
25 118
23 44
154 89
187 66
59 44
120 98
137 83
126 98
66 1
35 106
52 133
103 180
203 159
87 16
86 173
97 160
80 207
185 27
145 68
165 168
38 48
40 75
194 158
7 76
50 118
1 84
5 55
196 92
110 90
62 166
61 83
22 172
86 21
88 112
7 207
70 127
195 158
14 96
112 208
117 86
176 22
217 100
88 167
154 195
26 16
95 207
59 46
92 198
124 174
57 134
9 36
192 187
211 31
33 47
35 61
207 46
97 193
165 89
44 186
209 12
122 164
67 165
44 180
199 200
198 111
166 6
212 104
80 85
139 194
98 93
151 207
52 177
213 196
105 127
170 56
145 124
54 153
154 16
64 114
146 92
113 176
169 195
174 72
128 81
37 148
122 105
144 151
115 137
129 176
21 103
89 19
136 71
32 188
43 43
67 186
192 169
57 20
209 176
50 219
206 36
110 137
92 94
187 43
15 104
205 55
127 107
114 32
91 125
0 0
124 67
80 117
176 69
63 41
17 52
168 97
22 135
151 3
191 214
40 113
54 8
123 64
171 185
65 28
120 207
116 210
218 72
85 42
102 96
148 98
199 108
132 117
183 198
213 131
114 5
154 114
57 33
121 149
129 120
111 182
43 140
214 161
36 179
39 64
171 77
88 158
179 45
74 163
21 106
149 53
19 165
57 90
106 8
20 202
74 7
80 70
157 71
108 61
193 178
62 112
205 51
214 33
175 80
0 174
26 102
168 71
27 46
114 171
23 166
181 142
180 74
107 88
122 85
174 200
104 124
108 23
120 7
217 14
217 58
17 205
61 203
2 162
155 158
196 22
198 149
192 209
110 115
7 146
8 4
195 34
145 39
123 213
219 118
140 30
44 48
98 209
57 195
92 82
111 207
182 219
195 70
80 89
82 143
80 50
83 132
40 86
116 43
123 59
114 71
29 212
135 50
85 2
135 18
64 190
1 126
99 45
213 164
45 149
165 121
112 210
170 214
119 149
186 143
174 109
5 80
34 166
60 179
89 128
0 83
68 149
81 184
88 102
110 187
65 85
170 217
95 50
125 104
188 179
110 61
140 76
25 151
9 39
172 27
80 37
82 156
143 64
25 42
115 95
18 110
171 218
187 134
84 52
48 146
58 159
117 5
168 33
148 162
117 25
198 185
151 14
171 87
186 60
173 47
38 151
70 101
218 41
61 218
15 15
77 66
125 82
120 118
7 37
30 98
135 98
137 195
29 10
198 101
47 97
45 200
6 150
132 113
191 102
123 84
119 89
36 58
215 178
71 122
34 204
172 8
119 21
218 170
130 19
48 211
165 52
53 16
38 209
124 195
21 195
124 22
167 97
145 29
176 219
141 204
214 44
105 44
75 126
88 110
94 175
62 55
56 50
2 173
93 13
63 84
205 212
157 113
68 185
70 45
148 52
173 152
75 154
131 197
216 67
216 189
181 177
137 53
190 105
65 37
13 139
82 139
210 59
38 68
21 78
197 71
138 164
134 16
37 51
144 140
97 113
206 192
164 129
21 12
195 163
98 187
75 29
218 124
179 161
150 31
128 62
198 99
144 59
119 184
68 55
74 100
36 196
14 124
164 145
138 190
114 74
146 148
217 179
108 5
62 156
187 164
194 52
178 204
193 37
197 57
67 164
149 213
165 14
51 122
196 136
148 28
118 21
96 135
88 118
71 29
57 168
11 170
213 141
123 193
191 214
209 136
20 22
78 199
50 215
63 193
187 54
209 42
4 127
193 138
80 60
126 209
100 45
137 87
143 92
142 188
195 76
3 90
206 189
50 45
103 163
47 98
195 7
57 89
37 121
130 168
172 20
23 216
75 183
3 25
207 92
143 77
50 100
195 137
156 206
76 142
58 93
114 150
80 26
166 12
94 90
131 50
124 46
187 204
26 174
86 135
22 101
14 143
185 76
43 99
96 217
96 144
107 157
7 179
58 56
86 110
200 12
11 102
44 43
40 119
180 113
190 215
195 158
50 195
46 25
65 7
80 7
102 142
83 78
67 32
113 178
170 85
81 176
179 60
145 196
32 161
80 152
50 149
47 47
37 70
12 85
213 97
89 129
128 52
76 119
63 195
200 45
84 210
176 175
185 121
178 172
178 91
176 45
26 10
204 31
129 211
203 119
11 90
64 21
150 122
15 144
48 160
108 105
102 171
197 116
177 77
60 174
174 159
7 12
70 113
3 172
189 6
157 129
51 178
85 142
78 71
92 192
92 215
201 96
141 164
99 136
219 201
54 185
196 43
89 72
39 53
53 133
36 127
98 147
95 167
55 98
58 77
36 77
130 44
165 147
116 203
80 80
169 88
41 35
99 24
102 21
206 124
95 14
137 153
165 100
136 81
33 46
69 178
178 147
57 214
66 160
158 145
155 93
138 81
166 45
176 130
87 58
101 60
93 38
64 7
44 36
138 172
132 160
206 219
118 77
136 169
215 71
2 7
101 65
35 191
89 21
139 165
93 109
170 35
60 137
140 14
122 87
122 50
48 181
19 115
60 189
51 33
49 138
3 111
173 76
178 196
141 1
74 117
171 40
16 203
137 201
13 195
157 217
192 135
119 79
3 22
72 125
121 15
203 186
184 93
60 139
198 61
217 155
114 116
101 108
139 86
169 218
168 28
162 172
113 116
68 129
34 123
60 145
145 108
167 146
71 158
3 87
28 176
61 200
127 122
122 101
190 165
62 198
187 131
203 140
88 213
173 4
213 40
147 138
106 145
115 181
162 75
26 84
70 195
128 182
136 89
127 93
22 94
106 175
6 160
164 125
93 153
81 0