230
1149
0,
1,
2,
3,
4,
5,
6,
7,
8,
9,
10,
11,
12,
13,
14,
15,
16,
17,
18,
19,
20,
21,
22,
23,
24,
25,
26,
27,
28,
29,
30,
31,
32,
33,
34,
35,
36,
37,
38,
39,
40,
41,
42,
43,
44,
45,
46,
47,
48,
49,
50,
51,
52,
53,
54,
55,
56,
57,
58,
59,
60,
61,
62,
63,
64,
65,
66,
67,
68,
69,
70,
71,
72,
73,
74,
75,
76,
77,
78,
79,
80,
81,
82,
83,
84,
85,
86,
87,
88,
89,
90,
91,
92,
93,
94,
95,
96,
97,
98,
99,
100,
101,
102,
103,
104,
105,
106,
107,
108,
109,
110,
111,
112,
113,
114,
115,
116,
117,
118,
119,
120,
121,
122,
123,
124,
125,
126,
127,
128,
129,
130,
131,
132,
133,
134,
135,
136,
137,
138,
139,
140,
141,
142,
143,
144,
145,
146,
147,
148,
149,
150,
151,
152,
153,
154,
155,
156,
157,
158,
159,
160,
161,
162,
163,
164,
165,
166,
167,
168,
169,
170,
171,
172,
173,
174,
175,
176,
177,
178,
179,
180,
181,
182,
183,
184,
185,
186,
187,
188,
189,
190,
191,
192,
193,
194,
195,
196,
197,
198,
199,
200,
201,
202,
203,
204,
205,
206,
207,
208,
209,
210,
211,
212,
213,
214,
215,
216,
217,
218,
219,
220,
221,
222,
223,
224,
225,
226,
227,
228,
229
139 85
85 156
156 112
112 62
62 74
74 101
101 158
158 42
42 229
229 32
32 40
40 90
90 182
182 82
82 73
73 98
98 91
91 202
202 57
57 205
205 46
46 183
183 224
224 148
148 84
84 22
22 188
188 65
65 138
138 218
218 116
116 203
203 142
142 88
88 30
30 120
120 58
58 194
194 81
81 208
208 29
29 6
6 19
19 99
99 7
7 185
185 192
192 83
83 119
119 159
159 140
140 0
0 16
16 180
180 124
124 111
111 145
145 24
24 189
189 67
67 117
117 211
211 95
95 78
78 61
61 199
199 221
221 170
170 226
226 28
28 123
123 77
77 168
168 166
166 150
150 181
181 2
2 153
153 137
137 222
222 165
165 186
186 68
68 209
209 1
1 66
66 105
105 12
12 190
190 228
228 43
43 177
177 143
143 154
154 161
161 20
20 147
147 13
13 175
175 103
103 3
3 174
174 70
70 54
54 72
72 164
164 59
59 69
69 45
45 171
171 163
163 4
4 41
41 110
110 213
213 162
162 106
106 8
8 14
14 11
11 178
178 130
130 94
94 152
152 51
51 187
187 33
33 26
26 52
52 173
173 76
76 31
31 195
195 10
10 149
149 212
212 206
206 191
191 179
179 127
127 107
107 121
121 204
204 141
141 44
44 25
25 160
160 93
93 128
128 63
63 36
36 48
48 176
176 151
151 157
157 60
60 129
129 135
135 198
198 38
38 79
79 207
207 133
133 172
172 86
86 125
125 136
136 217
217 155
155 104
104 55
55 34
34 225
225 227
227 53
53 109
109 220
220 35
35 118
118 21
21 132
132 184
184 196
196 56
56 89
89 113
113 39
39 146
146 167
167 122
122 201
201 215
215 17
17 100
100 134
134 223
223 214
214 50
50 15
15 219
219 216
216 49
49 169
169 87
87 200
200 37
37 92
92 126
126 131
131 114
114 97
97 64
64 210
210 144
144 18
18 5
5 102
102 193
193 27
27 96
96 23
23 197
197 75
75 80
80 108
108 71
71 115
115 9
9 47
205 170
69 3
25 55
185 176
163 5
205 133
216 183
54 181
216 104
214 102
177 8
118 51
141 62
196 130
116 180
77 197
119 128
178 178
207 184
8 116
151 68
81 1
17 56
14 61
11 190
123 97
200 31
42 28
90 141
58 45
133 161
15 78
217 4
174 115
118 118
137 185
143 142
228 107
174 7
92 145
72 107
178 191
77 0
37 22
27 90
90 80
147 192
11 227
80 11
189 81
75 145
65 83
39 91
4 159
102 227
152 166
78 138
81 132
181 89
121 70
110 128
102 91
102 219
152 197
0 158
83 158
110 13
112 20
92 212
141 114
51 89
113 34
29 43
55 138
213 134
202 93
32 221
72 77
185 200
54 17
18 113
29 37
123 225
31 0
22 65
187 74
93 33
3 135
38 172
123 4
93 169
22 34
70 2
129 110
3 136
121 206
77 180
197 137
224 72
122 215
149 55
179 218
156 196
228 136
79 58
177 150
180 186
132 44
9 108
91 204
47 145
201 196
164 66
7 74
210 97
129 228
55 3
224 0
110 81
115 77
146 201
221 33
88 54
91 175
153 118
129 2
206 145
24 157
61 134
195 141
3 3
115 109
38 87
134 197
162 176
77 80
116 215
112 47
155 109
48 195
229 190
123 207
69 52
147 167
190 195
53 76
205 94
29 181
94 9
128 185
10 66
19 96
75 98
88 172
181 127
168 32
93 189
71 158
54 27
41 40
188 81
202 2
200 32
84 87
172 201
130 213
130 108
126 81
113 130
20 7
24 83
62 114
0 149
104 90
106 220
144 135
229 86
93 53
78 228
128 200
126 159
80 217
166 83
101 97
174 193
165 62
172 128
83 229
78 39
221 149
160 34
157 206
26 52
37 225
58 131
102 181
30 21
43 114
217 161
120 155
201 129
225 129
115 98
18 219
32 183
135 202
114 59
80 46
79 71
52 139
119 3
131 98
27 132
88 19
229 43
71 194
172 177
77 192
183 117
30 13
87 118
120 202
132 173
121 209
50 87
40 184
205 170
2 195
87 61
85 108
170 221
31 145
13 99
89 184
112 17
23 152
71 129
203 182
85 158
55 180
203 25
134 146
180 208
120 181
40 186
155 182
173 101
172 218
113 101
163 30
166 72
2 152
5 190
44 140
110 2
28 178
96 158
177 189
156 12
178 224
3 171
164 16
86 141
18 208
11 177
225 119
42 131
149 60
31 175
218 216
105 162
26 186
211 187
169 59
193 115
97 40
147 48
221 165
209 220
155 220
219 101
167 202
38 87
205 25
107 209
127 125
46 127
76 120
45 78
189 133
106 95
47 126
137 55
78 11
184 88
125 90
187 92
216 45
187 95
158 97
86 208
55 128
157 79
17 31
128 190
18 163
192 211
18 35
103 225
11 104
185 171
197 142
167 71
40 4
138 222
127 93
73 125
20 19
139 139
75 154
45 91
213 99
76 201
181 121
47 122
128 199
214 4
100 176
112 162
138 75
79 83
228 196
63 172
59 117
0 8
151 222
44 177
152 86
10 173
112 123
104 228
208 88
167 68
38 137
131 153
28 125
103 99
149 134
31 46
60 62
14 152
79 30
50 115
7 111
61 48
9 207
183 87
177 92
208 36
223 221
207 6
195 181
103 180
53 9
138 162
153 50
26 227
32 116
11 221
228 80
67 195
168 157
62 222
173 72
106 159
12 64
212 91
133 147
13 206
80 53
39 152
193 8
185 92
160 41
184 208
44 170
17 22
117 125
212 94
104 187
120 209
83 114
54 79
157 78
161 178
89 211
116 121
228 89
158 155
132 102
150 4
103 101
22 199
169 78
52 79
14 224
150 81
172 79
54 84
10 136
189 191
191 210
68 113
223 224
86 47
16 19
73 119
165 0
30 213
132 46
143 34
227 138
121 5
167 42
209 222
152 9
24 62
221 125
225 84
205 205
129 175
178 78
29 127
16 176
9 63
0 30
83 86
94 57
131 7
4 213
50 81
29 190
20 179
154 111
3 78
2 84
157 216
32 176
110 205
45 142
29 199
152 10
21 202
11 13
123 95
111 194
52 126
6 58
186 33
89 42
188 178
76 219
10 98
196 163
223 87
187 85
211 72
141 120
174 42
157 33
6 195
80 172
108 107
81 3
141 148
226 144
149 202
168 215
79 115
152 15
53 67
168 1
137 137
166 70
160 173
221 174
174 55
171 142
110 218
84 30
215 157
98 75
152 80
219 40
22 47
204 90
72 200
48 165
183 223
57 97
200 27
132 31
123 107
73 194
174 28
69 34
229 181
113 139
74 207
97 149
66 97
154 182
191 13
56 109
61 5
182 154
27 224
228 27
161 1
150 85
120 56
136 0
52 99
218 187
196 92
137 21
172 191
143 140
85 169
142 44
94 2
107 132
58 173
3 28
36 175
171 55
207 210
203 143
51 75
95 34
189 209
94 81
128 156
67 20
92 209
37 132
169 160
40 139
78 121
15 54
225 74
27 118
91 187
154 182
17 143
103 42
111 224
82 207
123 135
10 139
96 107
78 76
20 144
14 116
225 171
132 10
84 90
93 72
165 92
101 204
226 83
82 209
169 61
187 196
87 111
71 171
156 35
104 181
47 55
58 5
113 215
223 36
114 35
42 108
46 11
108 218
0 155
175 32
228 104
229 183
56 38
221 183
212 122
56 174
178 70
77 103
92 222
172 141
162 213
224 219
99 112
175 83
158 27
49 142
98 42
7 188
68 191
54 126
68 188
169 31
111 102
154 87
164 157
80 157
103 81
56 4
203 224
226 16
122 87
58 140
141 59
4 124
143 73
115 114
39 159
141 128
51 37
184 154
210 226
133 108
83 82
9 207
136 16
200 208
192 192
222 143
208 0
117 172
61 224
211 15
47 137
210 17
198 166
196 188
219 12
185 98
209 172
37 18
14 28
215 55
77 94
57 80
86 114
153 222
227 14
90 193
161 68
73 157
5 27
220 189
48 101
172 42
149 13
158 224
0 67
1 204
81 154
93 157
93 150
227 87
26 140
163 209
153 100
78 179
17 32
37 205
163 38
79 6
111 34
38 112
155 28
197 227
150 102
43 214
213 149
165 216
100 228
35 147
96 139
190 32
160 44
44 206
61 196
8 53
93 64
31 14
224 224
72 157
93 206
132 77
170 18
86 78
162 40
175 189
37 155
160 195
136 120
170 8
96 165
101 218
85 204
184 38
39 187
212 52
192 167
197 116
33 205
19 62
69 50
89 9
57 5
60 15
97 29
142 67
203 105
124 170
39 153
24 112
46 49
227 195
110 68
57 194
40 53
193 65
157 161
75 18
154 176
140 109
54 15
201 92
193 22
87 64
11 81
157 35
23 228
193 78
216 179
228 17
110 183
71 114
135 144
120 133
48 13
120 103
134 215
197 140
204 28
24 85
130 142
158 179
92 89
205 68
14 42
149 33
196 198
138 183
102 27
167 186
21 124
96 126
180 77
56 166
179 38
218 4
4 135
90 42
197 134
113 12
103 103
218 115
68 186
9 16
83 52
116 214
101 63
39 72
45 195
115 139
4 115
27 158
187 21
67 114
222 152
222 195
21 167
176 157
118 53
120 85
214 80
126 166
71 79
209 109
83 2
11 111
227 174
140 165
20 35
76 46
177 75
156 109
78 177
135 36
157 215
59 149
166 16
17 33
70 158
93 160
36 128
29 133
83 215
33 81
193 150
14 119
40 180
205 137
136 0
131 75
4 55
32 189
93 150
162 38
164 100
190 61
47 19
93 150
24 35
0 66
154 228
200 192
64 209
35 50
131 201
196 139
186 183
17 214
161 128
217 14
138 118
77 82
53 86
197 145
66 159
162 162
203 57
44 74
187 52
66 54
223 5
185 203
62 105
213 132
6 109
211 206
19 149
8 106
69 53
12 129
106 167
228 119
143 176
221 77
224 162
56 216
132 82
39 110
81 158
25 13
94 219
183 15
227 173
150 191
3 171
7 134
73 16
178 6
167 36
163 125
152 50
112 106
35 191
147 148
186 96
58 175
101 168
77 183
194 54
167 135
64 106
152 157
144 202
36 95
47 220
19 132
29 214
5 30
129 18
59 194
27 6
25 17
80 188
193 195
45 119
67 13
31 229
48 194
156 205
111 56
95 145
192 165