23
114
0,
1,
2,
3,
4,
5,
6,
7,
8,
9,
10,
11,
12,
13,
14,
15,
16,
17,
18,
19,
20,
21,
22
4 0
0 13
13 19
19 16
16 20
20 10
10 12
12 18
18 9
9 17
17 7
7 2
2 6
6 21
21 3
3 8
8 5
5 1
1 14
14 22
22 15
15 11
13 1
12 21
9 11
18 4
9 18
6 9
5 20
16 15
17 4
1 19
9 7
0 12
12 5
19 11
20 6
14 9
18 1
5 9
16 1
22 8
19 10
5 5
7 11
14 13
22 20
19 11
16 4
13 3
5 19
8 2
15 22
16 20
5 19
8 12
10 14
6 16
1 19
5 11
13 15
11 13
20 19
10 19
6 13
2 7
19 12
22 4
14 13
6 22
12 14
17 18
10 20
10 4
12 0
9 2
3 15
21 7
13 15
16 18
15 4
9 18
22 6
8 12
3 18
0 12
4 7
1 14
8 20
5 15
15 17
8 13
6 15
10 21
19 15
3 11
9 13
15 16
18 11
9 20
0 6
20 8
20 1
5 0
7 13
7 20
0 3
5 20
4 14
4 20
21 21
12 12
5 3
12 5