24
119
0,
1,
2,
3,
4,
5,
6,
7,
8,
9,
10,
11,
12,
13,
14,
15,
16,
17,
18,
19,
20,
21,
22,
23
4 13
13 16
16 19
19 9
9 2
2 17
17 12
12 8
8 23
23 0
0 5
5 18
18 7
7 15
15 6
6 3
3 14
14 20
20 10
10 1
1 21
21 11
11 22
12 6
16 23
7 2
5 4
2 10
9 15
12 0
20 7
16 3
15 7
3 22
17 5
0 10
8 8
10 10
6 15
20 2
16 20
19 21
19 14
19 21
3 20
2 5
23 16
1 5
20 13
19 19
3 4
9 14
13 10
9 18
8 9
13 7
4 1
7 6
5 9
8 23
4 8
5 6
17 17
5 9
20 12
5 6
12 21
13 7
15 17
14 0
17 12
16 16
12 1
4 9
1 10
6 10
0 6
4 16
2 17
18 13
19 13
4 19
10 11
9 19
0 0
9 18
9 7
18 9
6 0
1 11
7 3
8 13
19 19
16 14
11 11
15 20
11 11
19 6
21 8
6 7
0 17
18 12
17 1
1 5
4 0
23 13
21 12
13 11
8 7
16 12
0 15
16 14
21 8
21 1
2 10
13 13
23 8
7 0
22 3