250
1249
0,
1,
2,
3,
4,
5,
6,
7,
8,
9,
10,
11,
12,
13,
14,
15,
16,
17,
18,
19,
20,
21,
22,
23,
24,
25,
26,
27,
28,
29,
30,
31,
32,
33,
34,
35,
36,
37,
38,
39,
40,
41,
42,
43,
44,
45,
46,
47,
48,
49,
50,
51,
52,
53,
54,
55,
56,
57,
58,
59,
60,
61,
62,
63,
64,
65,
66,
67,
68,
69,
70,
71,
72,
73,
74,
75,
76,
77,
78,
79,
80,
81,
82,
83,
84,
85,
86,
87,
88,
89,
90,
91,
92,
93,
94,
95,
96,
97,
98,
99,
100,
101,
102,
103,
104,
105,
106,
107,
108,
109,
110,
111,
112,
113,
114,
115,
116,
117,
118,
119,
120,
121,
122,
123,
124,
125,
126,
127,
128,
129,
130,
131,
132,
133,
134,
135,
136,
137,
138,
139,
140,
141,
142,
143,
144,
145,
146,
147,
148,
149,
150,
151,
152,
153,
154,
155,
156,
157,
158,
159,
160,
161,
162,
163,
164,
165,
166,
167,
168,
169,
170,
171,
172,
173,
174,
175,
176,
177,
178,
179,
180,
181,
182,
183,
184,
185,
186,
187,
188,
189,
190,
191,
192,
193,
194,
195,
196,
197,
198,
199,
200,
201,
202,
203,
204,
205,
206,
207,
208,
209,
210,
211,
212,
213,
214,
215,
216,
217,
218,
219,
220,
221,
222,
223,
224,
225,
226,
227,
228,
229,
230,
231,
232,
233,
234,
235,
236,
237,
238,
239,
240,
241,
242,
243,
244,
245,
246,
247,
248,
249
180 61
61 247
247 126
126 219
219 122
122 221
221 63
63 152
152 237
237 198
198 207
207 235
235 215
215 134
134 86
86 35
35 115
115 95
95 182
182 112
112 26
26 111
111 120
120 160
160 127
127 118
118 121
121 190
190 226
226 20
20 78
78 36
36 87
87 70
70 211
211 104
104 19
19 88
88 38
38 52
52 18
18 65
65 51
51 25
25 27
27 17
17 133
133 248
248 163
163 249
249 233
233 189
189 116
116 147
147 33
33 43
43 119
119 168
168 67
67 140
140 143
143 243
243 90
90 39
39 194
194 244
244 192
192 218
218 181
181 100
100 55
55 23
23 150
150 30
30 167
167 236
236 200
200 242
242 176
176 195
195 214
214 125
125 24
24 50
50 156
156 166
166 81
81 196
196 60
60 144
144 6
6 82
82 220
220 245
245 145
145 109
109 185
185 139
139 91
91 158
158 184
184 106
106 222
222 37
37 193
193 240
240 191
191 197
197 162
162 11
11 227
227 129
129 149
149 31
31 234
234 183
183 164
164 75
75 241
241 239
239 117
117 130
130 159
159 217
217 0
0 186
186 169
169 199
199 94
94 238
238 188
188 66
66 16
16 114
114 108
108 209
209 96
96 202
202 161
161 21
21 40
40 177
177 107
107 173
173 174
174 154
154 172
172 57
57 29
29 103
103 42
42 136
136 15
15 175
175 137
137 204
204 64
64 56
56 1
1 5
5 47
47 110
110 228
228 210
210 72
72 48
48 92
92 203
203 146
146 105
105 225
225 208
208 73
73 97
97 148
148 142
142 4
4 28
28 224
224 179
179 9
9 2
2 229
229 62
62 22
22 10
10 58
58 34
34 32
32 205
205 151
151 44
44 123
123 132
132 76
76 85
85 232
232 165
165 46
46 59
59 41
41 84
84 99
99 14
14 98
98 131
131 49
49 80
80 153
153 155
155 124
124 216
216 113
113 212
212 54
54 77
77 138
138 89
89 213
213 171
171 157
157 13
13 206
206 12
12 223
223 170
170 8
8 68
68 102
102 45
45 83
83 7
7 71
71 69
69 231
231 53
53 187
187 246
246 178
178 201
201 128
128 93
93 230
230 3
3 141
141 79
79 74
74 135
135 101
179 71
171 33
131 58
231 218
179 84
174 99
139 40
214 236
61 186
225 4
25 238
227 139
90 11
209 166
109 121
199 208
43 16
99 61
156 97
87 116
227 244
243 182
89 152
182 137
94 148
35 245
123 223
124 67
46 168
99 201
219 67
151 163
32 26
87 98
79 85
10 80
24 68
57 212
154 63
213 166
217 147
115 59
56 55
223 37
3 184
137 99
199 192
162 108
108 116
215 24
160 212
189 189
210 172
108 225
241 65
243 64
30 106
213 33
6 150
145 245
38 115
51 78
233 214
114 66
156 90
33 78
106 138
38 235
30 35
93 127
84 20
70 237
37 200
35 154
105 208
37 7
133 145
207 200
121 17
200 195
18 94
166 11
36 33
249 216
29 138
49 149
249 115
153 242
199 1
127 99
242 74
42 79
226 104
246 87
113 214
12 46
138 131
111 194
49 161
65 194
135 47
60 46
237 29
107 115
60 157
51 213
81 118
127 147
69 123
109 167
167 19
192 15
72 115
201 247
216 154
213 16
118 112
99 53
74 13
40 161
160 70
169 210
16 149
193 157
248 222
168 209
159 180
42 243
70 7
71 41
203 32
81 73
230 216
15 234
214 126
36 23
146 6
207 215
86 153
96 231
232 166
96 4
243 11
163 143
176 230
51 180
127 146
169 145
2 99
50 155
167 37
141 17
161 71
208 146
134 65
65 68
67 243
237 124
224 48
150 118
88 123
233 137
176 148
7 59
99 133
25 126
210 88
103 23
152 90
117 76
25 160
212 49
31 108
111 169
137 115
151 157
148 150
89 73
123 175
147 31
86 109
222 74
154 59
147 107
208 163
35 25
123 30
228 14
111 114
176 157
247 77
103 23
141 139
185 132
109 111
120 30
104 107
220 15
80 197
96 171
232 75
184 194
96 36
224 173
70 206
176 55
19 191
35 171
180 97
71 64
46 122
61 43
244 63
1 103
91 68
29 190
189 129
81 2
247 84
235 209
195 79
243 141
211 26
218 175
188 42
211 223
65 200
241 169
17 172
139 181
155 109
54 85
50 66
72 205
123 58
125 175
156 225
8 202
206 127
114 7
191 51
211 105
64 103
169 115
173 244
151 142
104 99
209 85
192 32
135 247
63 101
7 7
189 37
181 180
215 82
146 141
213 89
59 66
123 174
172 245
57 196
160 78
240 85
234 25
65 0
157 111
235 248
144 30
228 199
111 119
111 86
181 96
151 31
152 211
124 71
143 214
176 36
118 174
193 199
128 26
176 58
11 168
111 25
244 63
91 167
222 84
147 118
61 248
113 74
62 15
179 179
125 245
81 91
204 136
29 189
13 17
247 193
192 41
51 126
15 158
210 34
111 113
64 124
154 79
223 143
121 233
40 8
4 89
213 151
59 98
159 13
2 184
22 181
209 57
147 124
55 112
214 114
226 161
188 245
85 70
209 199
109 243
17 15
54 147
61 16
213 173
38 23
201 238
236 230
108 243
4 59
163 140
140 46
19 74
231 181
161 212
241 189
80 222
152 121
110 74
124 81
172 231
83 107
72 173
106 30
7 163
113 92
132 207
155 36
149 164
142 46
129 128
43 191
8 5
67 136
117 28
16 13
211 17
139 38
124 138
52 144
238 122
215 73
155 29
143 217
183 167
235 107
101 67
142 53
44 130
237 14
205 249
245 18
22 36
210 7
80 223
136 217
150 197
125 222
190 10
96 238
233 203
17 120
89 206
136 30
73 124
99 167
120 210
86 105
152 191
53 138
179 58
214 65
17 168
222 237
208 165
147 130
62 213
151 175
29 246
156 24
137 55
58 13
97 235
61 102
225 23
81 119
73 12
230 232
85 198
113 31
61 177
83 55
74 99
201 171
94 211
179 222
210 23
71 142
12 83
184 61
143 38
219 214
45 154
91 238
32 207
183 132
139 53
201 38
123 241
79 67
126 18
82 136
204 48
70 184
44 164
163 164
184 38
133 99
155 132
249 94
167 134
198 56
27 110
119 19
225 84
79 87
25 176
72 208
175 106
205 65
62 209
168 108
90 151
204 78
98 196
183 22
202 142
39 122
19 81
142 147
90 24
129 12
231 211
133 62
110 48
133 75
167 27
38 172
43 174
157 41
160 59
230 5
8 115
237 140
18 153
40 85
179 227
68 177
53 176
221 138
233 54
184 119
190 32
55 200
189 120
199 208
127 10
56 109
121 229
39 52
85 128
38 87
110 10
166 157
218 53
78 66
10 185
235 245
57 156
247 82
249 85
23 181
217 93
84 7
142 204
15 129
221 32
89 206
58 177
138 204
148 33
107 51
189 35
206 116
155 55
186 138
153 180
16 185
13 183
246 189
66 228
145 162
80 103
143 114
230 49
241 139
24 62
101 249
96 169
146 33
4 229
154 89
101 48
152 76
104 211
84 241
94 94
236 125
122 129
228 158
234 134
44 196
84 60
249 50
154 178
220 242
117 161
231 201
226 142
123 19
67 94
126 185
140 245
188 143
131 62
144 111
103 155
234 121
192 195
236 186
78 167
116 113
202 24
32 65
176 112
133 100
16 64
8 172
6 130
192 240
39 189
101 95
38 191
11 204
214 148
178 28
185 195
109 161
35 4
91 38
165 160
133 186
18 141
115 208
93 34
181 220
21 111
192 89
124 112
207 140
86 33
162 86
114 173
110 104
135 91
94 153
211 49
57 48
220 173
126 59
106 163
213 159
218 190
181 230
151 244
100 81
127 182
123 49
172 43
70 88
220 150
164 71
25 36
211 159
148 246
30 230
28 168
22 40
73 69
98 7
58 56
162 107
14 107
225 210
157 227
47 54
240 59
13 52
164 248
29 17
116 235
3 6
31 248
6 105
21 156
78 80
30 155
217 33
84 80
242 102
83 8
98 157
185 232
147 247
222 7
93 220
112 46
162 12
227 45
228 193
84 238
225 33
12 1
40 117
222 247
156 202
65 137
57 30
141 150
88 133
108 34
172 13
34 208
136 96
85 153
245 166
135 108
53 226
157 12
70 94
188 89
167 31
147 203
170 137
59 82
105 36
91 126
77 129
140 235
15 135
48 212
70 198
112 158
227 0
191 182
33 9
1 245
231 116
132 19
230 171
39 160
229 43
131 103
213 218
57 111
7 116
81 9
11 160
110 52
74 134
47 249
113 229
161 46
182 132
161 212
149 157
141 36
190 101
139 38
107 87
15 56
183 73
158 17
86 219
128 235
77 32
238 135
127 201
238 242
148 244
146 198
191 136
202 100
143 72
29 173
21 49
17 219
199 66
35 194
191 91
90 23
230 7
173 163
115 98
190 223
140 162
44 51
109 202
34 248
156 45
90 109
184 23
22 183
20 172
137 226
171 143
12 74
129 238
108 78
124 230
176 63
98 61
196 229
47 227
135 0
84 198
65 191
67 51
59 19
43 79
174 6
46 240
158 196
166 185
86 109
204 98
190 41
106 216
82 48
114 151
89 117
165 19
4 122
241 25
151 132
28 159
169 213
192 198
195 166
94 49
97 13
76 67
53 210
81 38
80 70
170 218
163 159
231 84
85 29
110 125
213 114
119 38
49 36
40 123
62 157
92 40
66 41
45 224
242 125
7 107
46 85
189 159
249 34
58 90
140 55
89 107
195 178
105 151
80 169
22 171
207 125
150 4
78 61
244 19
204 98
39 2
112 51
244 23
32 72
132 213
183 75
31 95
210 174
26 211
56 87
230 56
38 225
93 151
167 86
148 189
115 119
37 119
53 46
135 108
212 8
37 36
133 51
32 140
168 63
167 175
8 148
199 141
216 64
27 118
19 212
146 27
116 22
90 28
4 76
80 75
81 84
225 223
175 215
145 99
203 21
121 210
149 182
151 51
214 122
132 22
227 104
21 246
25 180
38 138
76 2
10 113
160 110
86 180
164 131
12 100
81 21
72 135
103 213
181 210
91 176
123 155
9 55
168 208
43 82
184 194
14 121
112 187
197 50
192 20
38 237
170 65
24 249
219 145
142 13
66 13
63 240
158 249
191 18
247 132
32 150
81 104
123 70
49 39
109 145
118 153
179 183
112 163
134 132
229 70
92 171
166 209
205 39
243 214
157 183
200 184
76 19
238 101
17 236
5 220
21 247
165 34
208 182
44 152
154 239
157 25
176 202
248 166
68 225
179 6
188 228
149 7
126 120
45 10
210 121
96 161
164 156
27 242
211 165
108 244
31 191
29 2
137 186
116 83
83 70
210 1
0 6
84 89
113 215
51 91
81 74
145 18
188 85
52 75
158 174
141 185
75 150
239 199
99 19
73 93
93 29
207 195
11 64
232 107
37 39
31 136
99 18
87 236
72 9
215 149
114 200
217 230
31 221
210 201
90 179
194 26
42 65
74 29
12 182
177 175
106 136
203 80
146 162
19 210
247 76
34 240
75 187
164 84
245 179
92 85
215 237
11 149
166 201
245 131
134 210
121 84
179 229
117 158
137 245
15 15
225 156
180 66
116 81
217 80
197 67