26
129
0,
1,
2,
3,
4,
5,
6,
7,
8,
9,
10,
11,
12,
13,
14,
15,
16,
17,
18,
19,
20,
21,
22,
23,
24,
25
20 3
3 8
8 19
19 9
9 14
14 22
22 7
7 1
1 4
4 6
6 10
10 13
13 12
12 2
2 0
0 23
23 21
21 17
17 15
15 18
18 16
16 25
25 5
5 24
24 11
11 24
10 19
15 7
15 25
17 5
13 10
17 24
11 20
6 22
4 25
3 15
4 9
22 0
15 9
17 25
23 15
22 18
21 6
1 22
15 23
24 2
1 13
11 1
24 7
5 23
1 10
4 25
12 21
9 9
16 18
1 2
11 17
12 10
3 6
22 1
11 13
20 25
17 5
0 21
12 21
16 12
13 8
17 11
25 9
11 7
1 6
10 20
2 1
5 20
5 25
16 17
2 8
6 5
10 18
4 18
10 2
8 10
21 25
12 0
3 3
22 19
25 20
3 4
15 22
19 25
22 0
4 14
7 1
24 21
2 3
5 13
10 12
13 2
11 4
11 24
15 0
16 17
17 20
7 4
23 17
20 6
8 23
24 0
12 0
10 5
15 22
16 0
22 1
3 20
14 2
25 10
24 16
0 25
21 14
10 4
24 25
20 8
22 24
19 21
5 1
22 13
6 6
13 19
8 2