270
1349
0,
1,
2,
3,
4,
5,
6,
7,
8,
9,
10,
11,
12,
13,
14,
15,
16,
17,
18,
19,
20,
21,
22,
23,
24,
25,
26,
27,
28,
29,
30,
31,
32,
33,
34,
35,
36,
37,
38,
39,
40,
41,
42,
43,
44,
45,
46,
47,
48,
49,
50,
51,
52,
53,
54,
55,
56,
57,
58,
59,
60,
61,
62,
63,
64,
65,
66,
67,
68,
69,
70,
71,
72,
73,
74,
75,
76,
77,
78,
79,
80,
81,
82,
83,
84,
85,
86,
87,
88,
89,
90,
91,
92,
93,
94,
95,
96,
97,
98,
99,
100,
101,
102,
103,
104,
105,
106,
107,
108,
109,
110,
111,
112,
113,
114,
115,
116,
117,
118,
119,
120,
121,
122,
123,
124,
125,
126,
127,
128,
129,
130,
131,
132,
133,
134,
135,
136,
137,
138,
139,
140,
141,
142,
143,
144,
145,
146,
147,
148,
149,
150,
151,
152,
153,
154,
155,
156,
157,
158,
159,
160,
161,
162,
163,
164,
165,
166,
167,
168,
169,
170,
171,
172,
173,
174,
175,
176,
177,
178,
179,
180,
181,
182,
183,
184,
185,
186,
187,
188,
189,
190,
191,
192,
193,
194,
195,
196,
197,
198,
199,
200,
201,
202,
203,
204,
205,
206,
207,
208,
209,
210,
211,
212,
213,
214,
215,
216,
217,
218,
219,
220,
221,
222,
223,
224,
225,
226,
227,
228,
229,
230,
231,
232,
233,
234,
235,
236,
237,
238,
239,
240,
241,
242,
243,
244,
245,
246,
247,
248,
249,
250,
251,
252,
253,
254,
255,
256,
257,
258,
259,
260,
261,
262,
263,
264,
265,
266,
267,
268,
269
253 42
42 131
131 177
177 13
13 262
262 266
266 105
105 117
117 81
81 268
268 33
33 148
148 32
32 184
184 41
41 8
8 204
204 26
26 37
37 242
242 197
197 90
90 205
205 106
106 128
128 87
87 189
189 209
209 179
179 147
147 183
183 156
156 80
80 221
221 102
102 17
17 27
27 222
222 167
167 170
170 175
175 176
176 16
16 200
200 259
259 263
263 203
203 152
152 22
22 64
64 73
73 84
84 223
223 164
164 23
23 18
18 94
94 236
236 192
192 54
54 251
251 231
231 207
207 215
215 142
142 213
213 256
256 232
232 124
124 78
78 97
97 269
269 43
43 65
65 66
66 25
25 178
178 239
239 139
139 166
166 53
53 198
198 153
153 114
114 55
55 83
83 255
255 118
118 248
248 123
123 71
71 127
127 35
35 169
169 38
38 246
246 57
57 150
150 110
110 258
258 172
172 181
181 104
104 144
144 50
50 235
235 228
228 230
230 52
52 229
229 252
252 116
116 86
86 120
120 249
249 39
39 30
30 63
63 15
15 238
238 240
240 88
88 9
9 112
112 28
28 58
58 136
136 260
260 135
135 47
47 101
101 1
1 161
161 224
224 141
141 99
99 40
40 46
46 208
208 210
210 212
212 72
72 245
245 98
98 61
61 130
130 162
162 12
12 174
174 68
68 91
91 129
129 36
36 45
45 202
202 234
234 196
196 163
163 237
237 113
113 103
103 132
132 157
157 2
2 193
193 195
195 56
56 254
254 119
119 49
49 186
186 69
69 107
107 194
194 159
159 244
244 154
154 60
60 227
227 111
111 243
243 225
225 70
70 138
138 85
85 257
257 160
160 216
216 31
31 14
14 76
76 206
206 44
44 51
51 122
122 125
125 261
261 143
143 34
34 7
7 5
5 190
190 93
93 219
219 151
151 89
89 82
82 96
96 79
79 95
95 211
211 121
121 187
187 180
180 20
20 168
168 241
241 115
115 264
264 109
109 0
0 100
100 199
199 201
201 267
267 185
185 158
158 11
11 74
74 265
265 3
3 220
220 140
140 165
165 75
75 133
133 10
10 247
247 48
48 214
214 4
4 67
67 59
59 6
6 77
77 149
149 188
188 146
146 191
191 226
226 29
29 137
137 19
19 233
233 218
218 62
62 92
92 145
145 217
217 21
21 155
155 173
173 182
182 134
134 171
171 108
108 24
24 250
250 126
125 101
265 93
252 126
183 105
191 93
117 39
259 230
222 129
23 134
19 89
255 62
168 252
140 35
58 110
263 262
174 117
266 118
46 220
267 253
176 165
77 126
72 136
145 64
110 64
227 246
258 195
49 185
219 164
124 37
199 55
118 64
245 111
8 88
76 231
2 28
158 0
77 14
224 231
47 259
173 4
123 127
233 131
230 156
121 73
233 211
86 50
205 73
37 163
92 36
35 254
5 73
42 57
211 258
145 85
243 112
27 213
105 70
152 213
269 115
200 196
217 19
125 102
45 165
192 109
91 20
201 58
264 81
180 207
223 7
51 90
121 152
111 130
32 177
121 120
237 170
137 185
239 22
64 20
91 213
180 25
195 167
189 196
36 260
1 183
160 68
6 112
235 133
226 239
216 76
83 58
31 268
137 172
224 253
155 226
24 118
89 27
129 76
266 263
229 32
221 24
197 211
36 97
227 206
209 4
93 1
245 158
251 225
211 204
208 32
269 236
93 269
28 241
69 87
163 206
108 213
171 38
37 3
131 254
109 196
2 34
28 152
70 189
78 164
146 130
189 73
173 245
249 209
96 165
219 48
106 205
84 107
261 175
62 90
23 214
192 239
161 62
238 241
88 202
190 139
33 20
228 11
42 143
20 200
223 65
157 157
70 168
59 16
82 120
256 60
193 97
205 69
117 166
5 92
185 267
136 250
32 184
25 38
227 147
171 37
161 93
176 51
131 126
8 32
249 7
260 144
246 157
76 165
127 232
190 75
45 23
39 60
119 249
217 219
256 167
133 31
246 13
130 197
47 262
21 179
98 199
38 19
50 146
152 120
174 10
188 157
183 219
211 214
210 109
256 119
149 237
242 160
41 71
153 222
104 237
57 36
263 54
29 133
61 268
33 166
212 177
93 13
240 31
117 200
67 267
232 205
20 228
224 141
258 198
241 13
106 140
101 249
134 216
241 130
189 37
247 210
50 175
236 63
201 78
242 231
128 157
125 98
51 96
180 252
228 205
63 83
71 101
199 97
261 100
191 63
76 39
38 151
87 60
81 136
258 142
37 228
106 106
23 55
249 82
220 142
214 258
232 96
42 74
230 124
260 257
246 196
196 90
43 249
166 15
220 239
265 147
123 206
159 19
240 77
127 111
67 72
72 67
145 49
253 230
5 64
144 0
212 26
144 4
58 53
10 143
232 113
218 65
163 40
66 17
65 24
38 266
71 17
143 121
115 205
100 18
70 187
223 90
137 71
77 17
231 158
89 232
44 199
69 222
268 161
2 179
145 41
97 184
36 38
148 150
146 91
181 129
218 3
26 209
2 243
176 58
119 165
209 204
256 130
16 12
131 164
155 106
155 58
48 123
187 194
220 232
108 184
207 88
26 16
37 183
21 50
148 176
16 15
247 55
90 197
143 65
45 179
258 238
114 93
223 174
256 214
101 56
240 122
110 246
40 46
54 192
199 53
186 4
89 191
72 28
237 166
248 169
76 253
197 263
232 44
156 106
145 55
258 24
88 7
185 190
94 31
265 102
243 9
133 219
23 266
210 60
101 24
220 153
65 125
34 73
127 62
55 186
170 105
128 206
59 40
76 17
218 255
164 48
265 40
154 129
196 49
60 193
69 143
54 70
25 53
22 262
35 7
228 138
66 133
223 255
96 127
125 33
85 176
182 135
169 265
176 228
157 207
245 68
235 267
59 134
137 218
175 99
230 135
148 60
36 31
108 238
11 88
4 5
39 118
146 104
149 138
76 116
42 49
118 83
53 237
199 169
40 52
94 149
266 215
98 66
92 232
108 23
144 4
204 170
186 118
31 112
62 53
107 195
116 194
184 64
48 254
59 25
142 4
0 135
17 53
189 116
177 219
263 249
62 77
58 240
74 120
148 259
197 204
146 227
267 72
39 188
108 141
8 16
163 20
76 87
214 171
83 59
266 17
108 12
132 121
68 23
25 154
208 194
60 176
76 76
71 194
96 98
52 99
140 193
247 47
191 63
47 228
145 112
107 192
232 34
85 243
132 46
198 246
81 104
150 248
78 251
146 47
108 71
66 194
158 229
122 227
103 162
249 248
21 182
182 108
262 232
36 262
128 218
84 34
147 133
108 111
20 8
57 107
27 191
172 136
11 158
121 18
253 46
148 1
2 151
77 212
222 192
132 268
167 233
106 222
268 183
76 90
179 205
160 54
246 108
236 107
142 44
204 104
214 48
49 41
73 263
232 134
145 17
127 66
154 228
258 26
156 238
154 75
4 204
179 128
105 202
153 232
229 52
32 218
16 26
5 246
202 28
56 74
185 177
252 221
88 13
44 29
95 110
23 12
142 234
176 252
138 107
175 126
94 216
228 24
202 251
62 142
118 102
69 72
231 60
166 38
126 103
128 44
122 103
208 35
14 247
136 84
187 182
268 61
246 124
36 96
72 243
31 53
25 74
201 71
14 60
251 53
249 17
255 101
173 235
212 99
45 91
19 193
164 147
50 97
24 15
194 122
8 68
66 35
33 200
79 239
47 81
126 76
105 160
35 118
136 261
77 27
31 162
122 217
6 2
245 67
101 11
14 184
242 12
1 187
258 236
106 126
176 39
174 108
139 145
214 35
97 250
262 180
194 150
100 119
52 166
10 81
21 225
27 240
70 104
118 7
52 12
108 215
251 215
50 58
210 252
36 234
23 53
118 151
9 163
54 91
173 55
246 209
87 143
78 130
266 253
52 189
136 206
20 197
99 124
165 89
185 88
166 78
24 137
54 202
206 19
20 100
10 181
253 58
255 212
89 252
11 156
139 181
259 5
147 182
159 260
62 33
254 201
209 53
4 228
29 225
249 46
184 261
170 111
29 92
24 104
43 27
195 155
24 151
219 266
5 22
220 34
212 102
18 259
225 83
2 198
162 174
3 129
252 193
257 236
220 167
213 12
39 258
248 204
220 106
202 243
135 99
172 118
26 125
211 203
131 251
202 149
228 110
98 43
5 177
168 79
85 104
28 147
74 247
109 114
8 85
197 220
145 25
59 22
126 220
172 9
32 49
141 180
262 185
143 93
178 149
49 41
211 185
265 117
64 138
267 239
96 254
58 190
184 203
205 191
240 68
197 210
115 98
62 98
82 216
248 61
168 52
110 180
79 48
189 154
269 234
267 118
269 152
150 111
216 146
180 164
217 93
196 49
14 141
40 238
82 137
85 231
268 218
106 144
43 213
23 56
230 267
6 62
189 2
217 83
61 235
233 143
225 203
244 109
146 60
254 45
218 23
63 145
266 211
179 190
72 71
190 120
155 141
149 114
220 215
224 186
181 184
142 7
64 155
151 178
25 74
137 213
50 265
24 194
82 142
21 143
52 96
67 125
72 148
263 3
102 85
77 120
58 6
108 8
137 149
152 49
91 138
142 68
206 108
183 128
10 239
216 88
24 127
267 14
247 244
127 16
200 21
116 71
224 198
74 228
83 112
96 200
248 216
247 27
251 160
194 146
40 28
97 194
50 61
226 61
162 253
190 136
191 229
8 151
108 115
219 267
24 121
41 127
259 105
247 49
189 10
106 265
85 73
165 219
116 174
41 38
147 62
114 268
151 251
146 67
103 153
116 122
245 231
62 99
93 226
16 152
163 153
247 147
87 117
78 106
133 99
89 72
242 115
113 145
247 173
183 237
89 153
183 97
130 229
78 188
170 114
259 18
56 118
219 252
49 164
36 44
105 67
16 179
115 228
83 97
15 30
162 246
188 185
74 265
147 210
6 194
149 165
99 47
263 177
25 196
59 85
144 256
176 50
32 172
162 90
163 172
167 210
165 49
152 237
43 183
227 174
260 102
56 257
201 92
141 218
73 116
163 208
236 97
192 11
245 72
106 67
169 141
101 113
163 216
186 100
246 111
43 16
47 261
154 232
254 204
200 106
56 233
1 35
70 135
149 44
213 250
94 48
34 60
250 114
132 236
16 199
44 104
239 102
124 265
51 135
204 108
206 26
192 38
249 154
203 269
32 264
39 251
66 54
189 180
207 17
149 105
217 40
266 38
162 14
31 168
238 6
86 93
175 178
56 258
246 227
256 237
263 34
258 110
17 170
140 181
147 100
117 247
63 101
146 161
57 212
61 178
90 148
55 103
17 160
13 68
58 179
39 159
215 188
234 238
201 165
204 90
124 12
9 2
115 49
49 176
84 49
17 212
195 72
111 31
110 143
202 256
65 7
262 163
268 34
34 45
209 165
122 257
154 215
262 8
132 262
36 47
227 23
102 187
179 107
64 176
149 49
21 129
49 143
111 192
82 49
100 174
85 225
42 115
193 14
196 36
132 73
8 234
153 112
24 181
105 242
166 216
267 178
120 138
143 172
134 177
163 17
105 236
200 266
59 127
152 141
120 25
112 208
242 69
156 84
113 214
156 160
108 91
213 46
198 122
214 206
101 129
221 61
116 54
88 124
140 71
26 269
150 141
61 97
267 12
63 231
116 216
103 198
60 245
130 214
267 8
145 41
158 259
156 121
131 170
102 126
143 142
176 58
108 148
60 179
227 265
92 125
120 82
213 43
45 264
147 26
14 71
74 141
212 73
147 121
193 259
95 198
138 244
226 227
62 94
83 95
210 19
133 150
228 134
163 25
44 122
128 182
188 224
65 155
247 164
115 62
196 0
174 108
189 6
49 140
134 239
137 32
204 16
34 239
58 32
196 104
159 245
151 36
65 214
268 39
121 6
112 156
167 112
114 237
183 211
171 60
165 262
250 213
10 252
156 37
164 163
131 128
164 224
60 124
68 188
83 68
228 93
148 162
48 192
121 199
176 206
209 95
179 235
224 40
46 219
154 253
158 208
33 186
28 152
143 142
218 91
210 126
24 245