27
134
0,
1,
2,
3,
4,
5,
6,
7,
8,
9,
10,
11,
12,
13,
14,
15,
16,
17,
18,
19,
20,
21,
22,
23,
24,
25,
26
14 25
25 17
17 21
21 12
12 11
11 19
19 8
8 10
10 20
20 1
1 22
22 7
7 15
15 3
3 9
9 2
2 18
18 13
13 24
24 6
6 4
4 26
26 16
16 5
5 23
23 0
6 6
26 3
12 19
25 18
9 15
16 2
16 22
18 13
14 0
22 17
4 26
10 3
17 13
10 18
3 0
8 25
9 1
21 10
10 20
22 13
7 15
8 26
7 25
14 18
6 16
17 10
9 4
3 18
9 12
17 22
3 18
11 8
16 19
2 22
0 24
24 18
19 19
9 26
9 3
16 6
0 20
13 8
9 4
13 0
1 3
11 25
24 6
2 26
24 7
0 6
12 8
21 12
7 15
11 2
16 22
10 2
20 6
8 1
19 23
10 25
18 17
12 14
17 12
20 21
2 22
17 0
1 6
14 26
11 16
23 16
1 13
4 14
20 1
21 1
16 25
3 2
8 6
5 6
13 23
20 21
21 10
25 23
1 1
14 2
17 25
25 4
0 0
23 24
16 14
24 3
0 0
22 3
20 23
6 15
16 9
20 7
9 17
17 5
2 0
13 6
9 17
2 14
9 6
8 22
3 6
10 3
1 9
14 20