280
1399
0,
1,
2,
3,
4,
5,
6,
7,
8,
9,
10,
11,
12,
13,
14,
15,
16,
17,
18,
19,
20,
21,
22,
23,
24,
25,
26,
27,
28,
29,
30,
31,
32,
33,
34,
35,
36,
37,
38,
39,
40,
41,
42,
43,
44,
45,
46,
47,
48,
49,
50,
51,
52,
53,
54,
55,
56,
57,
58,
59,
60,
61,
62,
63,
64,
65,
66,
67,
68,
69,
70,
71,
72,
73,
74,
75,
76,
77,
78,
79,
80,
81,
82,
83,
84,
85,
86,
87,
88,
89,
90,
91,
92,
93,
94,
95,
96,
97,
98,
99,
100,
101,
102,
103,
104,
105,
106,
107,
108,
109,
110,
111,
112,
113,
114,
115,
116,
117,
118,
119,
120,
121,
122,
123,
124,
125,
126,
127,
128,
129,
130,
131,
132,
133,
134,
135,
136,
137,
138,
139,
140,
141,
142,
143,
144,
145,
146,
147,
148,
149,
150,
151,
152,
153,
154,
155,
156,
157,
158,
159,
160,
161,
162,
163,
164,
165,
166,
167,
168,
169,
170,
171,
172,
173,
174,
175,
176,
177,
178,
179,
180,
181,
182,
183,
184,
185,
186,
187,
188,
189,
190,
191,
192,
193,
194,
195,
196,
197,
198,
199,
200,
201,
202,
203,
204,
205,
206,
207,
208,
209,
210,
211,
212,
213,
214,
215,
216,
217,
218,
219,
220,
221,
222,
223,
224,
225,
226,
227,
228,
229,
230,
231,
232,
233,
234,
235,
236,
237,
238,
239,
240,
241,
242,
243,
244,
245,
246,
247,
248,
249,
250,
251,
252,
253,
254,
255,
256,
257,
258,
259,
260,
261,
262,
263,
264,
265,
266,
267,
268,
269,
270,
271,
272,
273,
274,
275,
276,
277,
278,
279
151 55
55 13
13 154
154 109
109 203
203 101
101 215
215 157
157 177
177 230
230 200
200 173
173 272
272 73
73 48
48 9
9 103
103 70
70 242
242 188
188 14
14 58
58 38
38 45
45 33
33 277
277 27
27 273
273 144
144 238
238 256
256 141
141 216
216 65
65 118
118 143
143 269
269 29
29 170
170 6
6 10
10 94
94 32
32 3
3 175
175 218
218 116
116 221
221 25
25 90
90 50
50 222
222 93
93 196
196 259
259 127
127 270
270 4
4 169
169 206
206 22
22 172
172 205
205 156
156 180
180 44
44 239
239 279
279 51
51 207
207 20
20 35
35 199
199 214
214 84
84 171
171 140
140 36
36 135
135 46
46 129
129 226
226 16
16 179
179 219
219 106
106 2
2 209
209 69
69 160
160 245
245 155
155 115
115 0
0 66
66 130
130 78
78 267
267 113
113 52
52 111
111 82
82 248
248 250
250 194
194 18
18 24
24 89
89 165
165 1
1 244
244 138
138 167
167 241
241 132
132 19
19 237
237 197
197 152
152 246
246 150
150 243
243 128
128 212
212 107
107 72
72 232
232 41
41 28
28 75
75 11
11 231
231 126
126 258
258 186
186 211
211 257
257 86
86 80
80 131
131 202
202 247
247 255
255 234
234 254
254 62
62 98
98 119
119 74
74 153
153 5
5 26
26 30
30 276
276 8
8 43
43 178
178 161
161 261
261 137
137 252
252 233
233 208
208 265
265 145
145 176
176 23
23 47
47 100
100 189
189 184
184 61
61 87
87 57
57 99
99 53
53 133
133 88
88 164
164 83
83 96
96 125
125 112
112 266
266 81
81 40
40 95
95 15
15 275
275 162
162 264
264 220
220 56
56 225
225 201
201 114
114 193
193 102
102 60
60 120
120 227
227 224
224 21
21 187
187 104
104 198
198 71
71 195
195 217
217 213
213 17
17 159
159 240
240 174
174 192
192 163
163 148
148 210
210 37
37 204
204 76
76 54
54 260
260 251
251 122
122 235
235 77
77 268
268 67
67 191
191 271
271 92
92 91
91 166
166 64
64 39
39 63
63 183
183 249
249 190
190 110
110 185
185 59
59 105
105 34
34 134
134 85
85 123
123 121
121 68
68 263
263 7
7 158
158 168
168 49
49 181
181 274
274 117
117 12
12 182
182 228
228 42
42 253
253 229
229 147
147 142
142 139
139 236
236 31
31 223
223 146
146 136
136 79
79 149
149 124
124 262
262 108
108 278
278 97
18 189
251 165
56 100
197 188
40 125
193 183
22 74
152 62
241 75
2 154
114 226
161 158
269 194
214 243
227 164
267 127
227 86
99 205
170 32
187 30
147 38
251 266
147 88
159 111
31 252
252 107
193 205
119 186
141 111
81 118
189 93
269 101
31 18
168 205
142 263
127 243
6 173
142 68
133 66
160 239
179 47
49 146
60 87
166 153
9 152
44 10
153 276
236 222
278 254
10 177
56 5
117 197
167 54
60 96
20 226
70 272
258 199
72 265
108 201
255 114
182 24
157 38
165 220
85 72
231 88
65 242
87 276
215 85
98 162
139 222
88 244
187 194
90 52
199 224
210 105
261 103
102 89
141 273
4 12
197 98
148 35
247 255
115 131
34 13
224 43
155 233
12 6
38 272
234 178
250 218
253 60
60 223
122 121
185 206
19 150
152 238
188 40
95 210
212 163
153 0
220 63
260 56
7 19
42 109
11 244
143 37
143 35
165 242
67 172
8 33
72 169
114 191
153 245
132 60
152 241
256 139
157 82
228 239
242 189
89 78
47 76
202 41
39 153
162 219
139 68
211 242
44 267
206 75
61 155
82 224
277 23
219 198
23 156
251 241
191 239
91 82
236 18
247 205
130 133
159 5
33 78
242 153
157 145
189 108
199 212
168 56
7 181
206 209
18 150
189 153
169 234
228 220
40 234
165 144
211 149
83 225
11 120
266 131
146 30
255 185
276 55
230 79
37 217
242 218
190 259
156 48
13 33
156 183
122 4
53 153
270 136
220 209
169 279
222 9
257 144
97 170
103 36
252 257
241 273
118 162
232 84
104 43
61 208
52 77
279 276
78 213
151 134
138 249
243 169
96 97
109 212
230 161
253 33
277 159
270 36
14 95
160 24
32 252
229 146
55 168
80 243
201 273
87 278
197 187
200 276
224 156
94 202
253 221
52 0
88 180
35 83
84 218
208 210
109 7
245 254
151 74
266 86
33 69
102 91
267 0
150 134
231 160
180 209
88 173
64 167
26 215
244 80
131 171
26 221
243 63
24 123
147 228
256 177
164 258
47 211
96 155
41 227
88 21
169 117
149 52
85 29
192 43
263 37
141 77
174 20
83 113
149 91
198 52
278 259
37 15
232 189
42 100
137 136
6 82
82 69
205 107
208 43
242 55
72 153
15 73
194 163
219 125
166 94
58 53
176 48
151 141
103 22
78 146
145 85
257 125
16 251
226 97
124 163
0 34
87 201
245 26
67 50
160 119
125 219
231 147
184 179
73 128
112 78
42 103
208 231
194 224
119 227
110 203
234 94
71 158
171 150
130 35
18 47
84 226
46 237
144 4
88 0
37 232
168 267
135 222
178 104
153 180
7 264
92 191
110 28
162 94
170 198
278 28
181 70
193 145
160 169
103 102
231 125
7 246
56 204
89 46
216 212
242 182
40 135
178 207
78 151
187 51
226 136
205 42
193 159
100 259
262 103
202 140
243 278
30 88
131 173
145 112
234 5
245 39
197 93
70 187
129 50
22 162
226 128
187 136
58 114
6 256
140 71
54 176
43 199
40 45
225 39
5 273
278 226
273 161
206 37
84 178
58 25
171 169
255 199
19 272
108 30
15 96
199 10
149 119
183 44
85 271
80 105
216 138
56 256
266 202
75 261
188 174
211 279
4 132
265 149
109 157
182 43
276 3
177 91
200 248
101 53
228 30
101 83
274 194
195 279
77 185
215 34
234 86
68 11
239 30
21 43
0 21
257 13
237 58
27 48
42 189
106 198
156 273
160 189
57 8
73 148
70 136
223 171
52 220
71 71
224 145
102 159
277 24
202 28
61 24
143 260
107 187
152 42
84 134
85 170
267 156
72 241
78 146
174 153
164 137
24 205
197 253
98 161
141 19
174 241
114 209
200 187
124 244
107 86
180 36
256 236
217 257
75 172
187 102
132 251
149 175
197 12
124 206
191 257
61 202
64 257
165 78
143 278
148 242
20 153
266 230
186 66
109 207
122 270
5 272
75 238
81 70
125 69
134 109
54 267
75 179
96 248
170 274
31 212
67 66
262 40
192 55
30 199
42 51
183 198
238 238
217 1
165 93
239 129
269 46
57 145
160 21
110 81
152 252
52 131
183 54
211 105
174 104
206 43
143 166
55 45
229 82
92 34
100 245
216 51
5 257
192 256
175 279
174 32
54 179
211 206
37 34
48 223
200 279
207 115
174 38
205 167
34 274
220 75
271 43
249 55
116 56
269 242
29 5
61 216
104 76
210 21
174 179
205 135
61 227
158 271
249 116
138 7
61 127
28 61
53 135
212 125
29 159
122 263
183 278
212 258
129 88
53 111
194 124
157 169
91 40
88 9
211 200
249 90
40 263
252 95
193 274
83 234
140 124
5 89
155 207
251 56
44 203
224 260
250 35
167 200
108 156
134 54
173 8
47 140
99 156
155 118
18 242
254 3
148 42
52 141
89 208
84 94
64 192
171 224
175 186
41 192
266 156
245 139
119 172
12 27
21 232
166 20
182 253
85 207
20 183
83 256
56 276
178 80
123 29
205 20
238 86
275 104
127 185
163 47
4 139
195 132
265 226
188 99
73 168
35 99
168 28
27 181
68 99
138 125
232 58
14 50
234 23
91 16
168 82
64 265
9 151
41 269
105 71
79 179
215 141
180 99
276 229
166 53
37 86
244 112
15 265
38 88
116 163
84 153
128 151
141 175
220 207
171 46
119 10
17 116
224 154
171 130
114 92
271 107
185 50
239 269
206 26
157 191
129 21
7 199
7 108
154 258
134 119
166 118
40 82
170 104
266 115
107 138
49 268
156 46
51 194
154 83
229 132
104 1
28 70
144 129
204 267
55 273
130 146
132 269
266 96
271 27
154 205
208 192
104 249
239 105
86 145
221 168
107 91
45 215
112 105
246 60
93 47
271 268
137 65
161 279
222 250
129 71
33 149
77 207
165 275
232 166
120 177
64 234
130 181
44 6
154 176
141 192
88 76
176 91
237 47
3 100
30 77
207 261
17 83
66 24
92 159
17 206
125 36
30 176
188 206
177 31
6 198
103 72
19 39
65 137
2 136
27 40
210 134
251 112
102 168
271 174
278 184
98 145
81 261
114 200
94 251
193 257
127 110
117 75
158 27
71 94
81 165
241 270
221 8
30 208
170 194
18 233
177 142
81 154
140 64
268 162
178 171
121 209
58 99
175 21
257 87
206 177
250 262
108 212
276 190
131 136
8 209
91 259
256 8
252 22
174 29
72 117
98 239
243 269
228 190
210 269
205 62
19 38
223 205
65 29
37 47
254 157
113 169
0 94
210 97
11 42
140 184
60 201
266 12
127 31
249 32
272 145
246 273
23 210
260 71
199 199
232 218
151 279
36 126
173 211
20 13
244 32
155 206
160 68
186 238
15 24
206 268
227 112
78 112
258 139
149 13
104 182
264 214
52 271
173 114
226 137
46 170
257 224
81 19
126 266
271 177
135 76
242 122
183 229
122 194
149 60
81 81
149 101
8 256
160 181
10 126
174 147
69 238
178 119
272 115
244 107
107 198
64 227
8 78
235 169
59 56
274 49
262 178
155 178
67 258
74 233
26 193
210 48
200 24
29 104
98 112
216 210
45 116
228 181
69 58
203 237
70 165
14 222
191 139
112 245
200 199
60 204
103 151
120 193
161 243
68 179
271 199
131 54
74 28
82 49
86 14
32 51
165 16
211 80
41 211
71 202
262 57
49 173
231 226
256 43
158 165
207 181
105 271
206 217
266 35
146 209
28 219
51 221
4 191
77 77
220 105
252 5
130 216
213 134
64 5
179 202
264 34
157 208
27 249
148 55
55 73
167 110
158 236
150 72
106 197
38 226
163 210
43 234
1 84
80 22
277 128
153 144
99 62
19 252
114 127
90 158
229 179
90 89
218 50
158 157
93 276
140 271
67 102
104 206
212 253
116 132
115 262
197 85
242 10
54 194
155 146
193 259
219 258
268 160
234 48
161 70
83 82
92 203
93 121
126 215
143 44
137 121
95 223
226 84
109 35
106 164
245 201
269 111
24 6
215 167
111 162
13 22
125 4
221 104
146 175
135 104
57 134
186 158
234 56
196 185
50 170
127 178
138 194
277 158
52 29
125 264
161 218
104 111
278 253
206 201
20 209
114 228
145 122
53 172
25 27
89 220
86 237
224 132
108 12
26 182
172 68
152 42
106 16
77 143
144 92
6 270
97 81
182 98
169 83
48 16
131 235
170 202
278 25
251 114
151 114
108 200
149 196
41 157
152 29
31 273
187 102
179 123
0 20
16 127
100 112
58 203
16 63
73 121
150 30
188 176
227 235
76 134
115 81
211 243
168 51
150 44
85 15
16 194
153 85
175 223
41 138
138 165
257 139
55 115
93 130
78 125
37 105
31 12
192 84
202 190
136 171
18 213
111 229
167 144
67 158
53 70
173 177
25 82
68 153
10 18
69 90
163 229
247 54
232 45
256 90
111 46
123 227
125 126
91 56
25 169
274 179
254 139
137 5
143 50
151 249
106 171
105 53
13 195
43 87
274 208
44 90
71 40
42 73
84 38
5 158
69 245
47 189
271 156
157 209
93 237
271 202
140 272
238 69
188 41
59 193
22 19
93 240
69 237
169 150
261 52
32 187
27 249
204 263
29 65
42 205
118 132
28 48
14 196
105 70
140 15
215 209
97 263
119 152
220 243
178 246
161 194
5 238
30 40
91 150
178 90
128 216
188 156
1 28
266 26
251 177
39 15
195 21
72 167
187 241
60 132
40 260
261 163
149 273
31 275
278 4
264 134
34 30
152 127
102 106
14 6
100 133
41 96
259 73
54 210
73 134
93 95
13 275
42 6
159 22
251 64
256 11
127 165
137 88
213 159
176 183
60 51
209 266
13 108
183 232
20 279
91 180
144 71
111 222
180 137
104 240
29 61
107 249
217 106
5 243
202 185
53 47
40 111
223 209
3 44
71 45
29 132
158 247
256 224
148 262
122 57
143 244
74 163
87 254
165 158
174 15
193 45
20 111