290
1449
0,
1,
2,
3,
4,
5,
6,
7,
8,
9,
10,
11,
12,
13,
14,
15,
16,
17,
18,
19,
20,
21,
22,
23,
24,
25,
26,
27,
28,
29,
30,
31,
32,
33,
34,
35,
36,
37,
38,
39,
40,
41,
42,
43,
44,
45,
46,
47,
48,
49,
50,
51,
52,
53,
54,
55,
56,
57,
58,
59,
60,
61,
62,
63,
64,
65,
66,
67,
68,
69,
70,
71,
72,
73,
74,
75,
76,
77,
78,
79,
80,
81,
82,
83,
84,
85,
86,
87,
88,
89,
90,
91,
92,
93,
94,
95,
96,
97,
98,
99,
100,
101,
102,
103,
104,
105,
106,
107,
108,
109,
110,
111,
112,
113,
114,
115,
116,
117,
118,
119,
120,
121,
122,
123,
124,
125,
126,
127,
128,
129,
130,
131,
132,
133,
134,
135,
136,
137,
138,
139,
140,
141,
142,
143,
144,
145,
146,
147,
148,
149,
150,
151,
152,
153,
154,
155,
156,
157,
158,
159,
160,
161,
162,
163,
164,
165,
166,
167,
168,
169,
170,
171,
172,
173,
174,
175,
176,
177,
178,
179,
180,
181,
182,
183,
184,
185,
186,
187,
188,
189,
190,
191,
192,
193,
194,
195,
196,
197,
198,
199,
200,
201,
202,
203,
204,
205,
206,
207,
208,
209,
210,
211,
212,
213,
214,
215,
216,
217,
218,
219,
220,
221,
222,
223,
224,
225,
226,
227,
228,
229,
230,
231,
232,
233,
234,
235,
236,
237,
238,
239,
240,
241,
242,
243,
244,
245,
246,
247,
248,
249,
250,
251,
252,
253,
254,
255,
256,
257,
258,
259,
260,
261,
262,
263,
264,
265,
266,
267,
268,
269,
270,
271,
272,
273,
274,
275,
276,
277,
278,
279,
280,
281,
282,
283,
284,
285,
286,
287,
288,
289
172 272
272 237
237 57
57 135
135 183
183 187
187 154
154 102
102 127
127 118
118 236
236 33
33 220
220 10
10 218
218 213
213 289
289 260
260 73
73 153
153 26
26 265
265 229
229 212
212 271
271 96
96 263
263 79
79 238
238 195
195 281
281 56
56 51
51 87
87 152
152 32
32 84
84 5
5 273
273 262
262 204
204 107
107 88
88 226
226 101
101 131
131 104
104 71
71 264
264 259
259 133
133 215
215 55
55 13
13 130
130 181
181 201
201 197
197 69
69 16
16 216
216 129
129 39
39 254
254 81
81 210
210 80
80 76
76 193
193 114
114 176
176 66
66 89
89 214
214 143
143 270
270 43
43 164
164 20
20 217
217 124
124 244
244 155
155 286
286 243
243 111
111 287
287 140
140 91
91 1
1 94
94 117
117 106
106 180
180 205
205 0
0 6
6 178
178 49
49 136
136 227
227 277
277 58
58 85
85 77
77 74
74 116
116 82
82 252
252 150
150 46
46 112
112 157
157 225
225 248
248 146
146 208
208 253
253 144
144 41
41 231
231 276
276 92
92 97
97 115
115 280
280 40
40 45
45 165
165 134
134 189
189 30
30 44
44 36
36 28
28 279
279 17
17 162
162 284
284 19
19 258
258 182
182 50
50 67
67 223
223 148
148 31
31 42
42 48
48 283
283 203
203 228
228 199
199 179
179 123
123 249
249 3
3 138
138 275
275 250
250 221
221 147
147 35
35 14
14 177
177 288
288 163
163 246
246 267
267 161
161 119
119 222
222 166
166 53
53 98
98 247
247 159
159 78
78 174
174 22
22 61
61 24
24 219
219 235
235 167
167 21
21 170
170 234
234 4
4 192
192 99
99 200
200 257
257 65
65 37
37 75
75 171
171 261
261 126
126 233
233 209
209 186
186 63
63 128
128 132
132 266
266 9
9 108
108 232
232 145
145 103
103 27
27 47
47 100
100 245
245 190
190 83
83 274
274 230
230 184
184 198
198 38
38 34
34 269
269 168
168 256
256 59
59 110
110 255
255 241
241 211
211 60
60 52
52 207
207 278
278 151
151 2
2 175
175 23
23 282
282 86
86 122
122 196
196 15
15 68
68 120
120 173
173 62
62 188
188 12
12 268
268 64
64 72
72 240
240 194
194 125
125 95
95 29
29 7
7 137
137 121
121 224
224 70
70 242
242 141
141 185
185 202
202 191
191 149
149 25
25 160
160 285
285 158
158 8
8 251
251 169
169 105
105 156
156 11
11 90
90 18
18 142
142 113
113 239
239 139
139 206
206 93
93 109
109 54
165 89
182 176
166 60
233 13
93 166
34 251
73 101
36 108
199 141
288 227
132 219
185 232
202 289
30 240
79 59
254 86
261 169
118 240
246 74
36 75
78 133
221 64
126 238
195 38
62 250
261 213
124 137
189 174
111 267
30 181
207 124
135 66
260 98
207 143
180 185
85 252
280 72
53 119
150 128
88 227
63 74
280 101
148 112
96 40
186 69
5 245
157 235
187 153
145 34
30 25
13 71
248 109
69 166
225 218
232 142
269 104
265 261
225 41
140 42
158 230
75 69
50 147
183 161
227 183
125 112
143 253
44 151
225 68
278 199
262 123
138 22
77 101
79 215
209 108
268 165
77 243
51 53
96 227
258 228
158 90
70 147
137 221
42 46
97 280
231 106
103 27
283 82
152 72
284 83
82 214
97 168
74 269
195 287
48 203
24 126
155 66
28 46
73 184
130 114
62 146
282 70
28 267
270 255
22 70
73 209
31 127
167 229
30 33
205 231
267 45
282 147
43 142
187 65
61 64
178 48
123 135
58 2
223 274
187 268
214 95
289 223
58 225
223 4
82 218
28 269
33 214
247 256
218 97
78 45
222 221
270 146
73 70
256 77
209 68
105 0
214 45
144 268
237 137
69 63
157 220
269 25
74 13
164 235
148 68
189 214
233 147
286 207
276 243
177 242
112 254
156 32
209 277
33 97
166 141
138 10
8 88
73 51
156 73
155 211
224 107
8 245
283 239
194 196
252 10
161 171
234 167
223 36
46 199
101 25
141 112
243 26
39 7
127 275
97 282
210 194
154 246
184 264
86 254
183 209
192 130
104 245
239 29
117 231
94 209
96 74
40 82
158 131
116 122
197 249
94 136
129 91
71 39
20 10
67 203
8 83
84 260
212 19
183 39
133 48
271 75
137 96
80 96
28 262
28 277
14 202
90 269
67 46
250 191
170 218
215 197
93 11
123 181
4 267
182 213
239 284
99 118
143 4
149 226
121 277
243 38
40 44
188 119
81 176
228 218
34 13
120 221
100 105
101 140
23 245
108 19
52 262
229 220
104 173
17 5
10 10
33 58
53 173
4 208
43 25
216 58
267 244
122 82
193 83
154 93
82 132
10 84
185 51
138 130
14 8
54 204
205 34
134 288
32 237
50 178
249 10
234 115
105 144
235 268
110 142
134 255
149 49
252 175
78 226
178 172
130 103
33 146
216 170
57 34
65 208
251 117
122 228
93 106
247 242
175 130
102 81
31 96
16 275
65 31
44 156
205 200
188 226
188 199
119 279
53 13
119 255
32 216
174 222
94 228
19 256
80 41
234 275
288 84
58 285
35 41
63 90
141 90
246 245
184 289
11 119
218 75
186 203
217 184
266 239
212 19
159 146
3 224
179 93
42 64
8 287
76 276
35 45
97 71
189 283
170 124
42 43
26 234
166 178
89 92
4 60
243 242
238 62
228 47
99 219
152 20
99 73
242 236
71 199
287 233
158 65
154 83
227 3
13 245
94 80
108 50
229 141
194 233
156 94
26 251
284 71
207 105
238 205
124 228
267 112
114 204
30 166
27 269
36 103
42 233
210 124
132 237
213 114
255 186
18 93
46 65
146 182
107 252
238 102
150 117
274 61
213 160
73 4
202 254
97 234
193 179
157 181
65 9
81 39
153 162
37 202
212 162
242 174
215 162
153 161
220 264
73 54
273 155
11 106
214 63
176 258
258 196
269 98
106 102
30 181
105 54
27 216
71 270
117 281
157 91
62 99
49 275
237 95
186 212
55 159
89 49
276 234
188 12
176 136
3 174
7 150
165 138
287 140
236 115
101 185
8 197
249 133
276 98
146 43
1 44
160 78
39 68
151 197
30 261
236 61
201 140
211 232
109 230
24 29
191 269
175 67
273 39
11 213
116 104
127 93
188 289
235 283
1 235
53 108
65 10
196 240
90 75
68 252
113 244
180 181
137 46
220 210
193 183
133 233
68 187
44 79
201 222
115 174
138 259
134 197
21 100
277 246
149 253
289 276
15 272
139 230
88 5
60 81
58 91
262 273
33 66
47 258
128 69
129 77
137 245
78 180
262 278
31 197
210 2
116 231
83 52
50 278
203 262
247 192
109 267
69 267
218 153
49 145
182 248
213 181
63 64
279 193
37 270
16 224
218 120
216 22
194 264
171 119
226 222
49 116
1 179
207 91
74 108
7 129
275 105
243 169
107 219
212 229
110 206
270 190
154 91
135 205
237 221
38 72
58 212
95 4
14 156
24 89
134 254
259 37
229 280
111 11
125 196
49 36
120 158
171 161
201 96
22 29
69 91
19 97
160 233
152 75
213 53
173 47
125 191
1 219
240 55
229 208
268 53
221 280
5 185
80 164
67 14
99 24
107 248
239 235
147 38
140 229
6 85
219 153
289 148
275 126
269 248
62 34
170 186
233 136
139 19
18 73
71 163
130 173
15 111
59 95
229 159
141 221
181 71
190 139
105 261
131 10
227 202
122 236
7 237
183 270
8 55
198 45
98 156
249 182
28 127
215 147
80 133
163 133
255 253
134 31
167 283
254 41
234 86
35 173
110 108
238 119
209 242
269 168
142 82
125 63
201 195
209 133
54 82
35 82
110 202
98 3
241 9
147 26
269 117
195 222
82 89
121 45
25 114
177 91
6 166
249 173
43 63
41 255
89 35
264 229
247 10
94 283
219 167
105 263
114 240
47 218
122 98
58 287
220 34
69 232
48 211
39 143
213 258
176 142
271 0
168 24
78 281
104 19
245 219
245 26
135 221
103 101
268 78
118 93
8 248
29 99
65 154
109 282
49 185
63 179
108 30
233 123
36 255
281 89
9 249
264 119
149 7
168 264
46 6
214 22
78 198
11 242
209 44
206 42
234 65
133 204
148 227
280 110
271 75
224 69
212 260
182 84
40 147
115 171
176 35
47 149
133 14
192 158
262 219
66 227
50 231
7 27
74 118
262 154
200 140
99 159
140 170
253 39
180 274
218 29
88 32
32 80
136 148
119 169
146 237
181 20
196 96
72 121
187 206
45 86
84 207
214 149
77 218
9 178
121 177
140 2
227 144
269 150
12 90
271 185
282 174
85 288
26 288
82 119
126 197
260 124
83 196
75 215
0 134
212 61
13 28
92 267
75 75
213 123
94 83
190 259
269 221
170 281
239 35
281 67
123 193
62 56
132 26
263 250
129 211
26 77
289 130
207 67
285 104
272 179
83 189
255 230
81 82
116 263
206 226
27 249
277 18
65 61
182 282
264 25
9 85
9 6
284 226
141 155
129 180
22 261
46 4
56 28
188 39
120 133
40 246
89 250
167 41
233 232
238 30
22 25
59 21
212 174
204 31
51 2
192 125
161 230
20 42
43 234
267 177
260 234
24 263
139 282
108 139
203 132
239 126
274 145
12 70
127 41
95 201
254 44
254 98
3 67
76 272
188 46
80 274
112 179
146 11
213 89
150 37
175 50
28 196
33 17
49 200
182 125
172 45
187 253
286 42
159 185
221 69
27 235
235 39
227 50
226 129
32 143
29 238
130 171
73 172
43 232
67 150
15 275
251 50
23 66
232 0
18 53
8 5
142 207
183 236
181 268
276 74
269 280
131 34
203 5
163 131
222 258
288 227
211 64
53 93
72 101
196 52
1 66
136 30
245 187
149 7
64 100
28 87
124 30
40 155
49 115
190 149
225 26
76 199
226 96
135 204
86 86
89 289
269 254
167 205
161 83
92 120
227 228
136 97
62 21
237 73
21 33
1 210
175 217
224 218
41 180
69 162
208 125
180 198
122 166
226 193
139 205
87 257
4 62
161 4
167 153
9 224
69 76
85 55
202 82
117 238
26 31
166 26
42 244
182 62
70 57
186 181
158 170
186 234
87 79
34 65
45 85
225 104
26 119
248 80
250 90
202 282
268 36
153 66
243 284
166 280
255 243
18 273
55 119
190 33
202 19
13 240
62 208
102 202
110 167
261 273
35 48
206 168
92 207
206 167
38 19
45 164
5 85
272 244
218 87
55 104
69 20
128 144
158 88
96 262
53 150
31 89
218 123
140 33
202 180
20 262
120 148
206 129
86 63
189 268
233 195
138 260
56 210
261 193
91 44
206 225
64 263
112 119
70 73
157 274
54 70
208 48
206 185
206 163
65 191
179 235
46 263
77 107
230 185
58 192
254 21
151 227
214 10
204 273
227 238
263 77
18 243
211 40
129 120
266 138
245 156
128 177
126 282
154 81
3 141
115 142
206 74
11 18
54 29
191 208
5 208
75 161
244 117
46 43
176 114
238 266
42 250
124 241
282 236
178 126
195 105
273 133
42 60
246 278
135 61
196 155
181 87
256 76
275 193
2 223
135 196
196 161
140 189
3 72
11 137
256 196
17 180
84 129
90 131
12 11
81 16
282 289
73 209
288 286
53 26
38 226
254 76
237 258
260 208
16 93
99 85
176 47
84 251
48 230
11 194
18 215
151 229
65 48
83 282
83 149
268 184
210 238
107 77
34 34
89 240
255 104
115 96
112 8
214 63
56 165
214 232
202 35
58 134
76 181
119 183
208 88
271 138
253 121
68 263
36 23
206 152
10 42
216 66
94 283
46 145
173 252
237 12
219 271
108 199
192 140
286 225
35 97
63 287
206 182
86 40
149 289
256 101
8 204
10 201
229 86
9 148
274 195
209 207
35 33
261 12
167 219
168 208
286 227
196 227
106 3
199 289
243 198
118 106
209 103
243 226
118 162
150 270
51 108
224 174
21 133
211 94
28 33
102 73
94 136
101 0
155 7
270 29
68 8
187 161
229 256
217 95
169 102
177 236
184 179
205 185
252 11
252 252
197 235
52 41
244 129
125 123
20 76
133 51
41 278
69 234
71 54
220 279
35 186
45 30
96 113
189 275
69 192
10 31
280 268
242 43
203 247
220 108
179 84
25 16
134 53
237 73
56 260
150 123
74 246
273 151
194 135
120 34
229 219
179 95
111 152
101 178
66 92
120 173
225 238
275 147
43 202
173 160
79 28
163 42
65 153
102 141
33 236
233 280
3 135
154 147
178 248
232 137
32 97
132 22
68 23
68 39
156 165
272 280
66 233
31 159
171 134
118 68
23 274
95 13
182 53
5 212
87 278
26 113
171 180
52 171
228 18
240 246
137 201
41 154
257 109
228 155
37 99
190 158
34 67
162 13
107 49
22 260
285 254
55 53
5 283
165 39
18 121