29
144
0,
1,
2,
3,
4,
5,
6,
7,
8,
9,
10,
11,
12,
13,
14,
15,
16,
17,
18,
19,
20,
21,
22,
23,
24,
25,
26,
27,
28
26 2
2 9
9 0
0 1
1 27
27 20
20 3
3 19
19 5
5 13
13 18
18 15
15 23
23 11
11 17
17 28
28 4
4 10
10 24
24 6
6 8
8 16
16 25
25 7
7 22
22 14
14 12
12 21
10 12
19 20
23 6
25 17
1 12
12 12
3 15
22 20
21 28
7 20
27 15
23 3
3 14
26 15
15 9
3 10
18 22
18 3
22 24
23 14
11 5
6 23
15 14
28 28
7 28
20 13
16 21
18 20
9 25
19 11
21 1
6 16
19 13
2 3
17 15
16 10
1 26
12 24
3 6
10 0
8 9
5 24
23 5
8 13
19 21
1 24
14 15
9 17
7 12
18 16
27 14
25 16
25 24
13 9
5 6
2 28
28 28
15 7
7 7
4 5
22 2
4 8
4 2
22 11
23 12
21 3
15 1
3 22
15 11
12 18
17 1
18 18
19 14
18 5
19 26
15 7
24 10
18 15
15 16
12 4
2 2
17 2
12 14
5 22
21 8
2 2
11 5
22 23
25 10
24 5
15 0
18 17
9 21
12 2
24 7
4 7
5 21
11 7
12 5
13 15
13 8
18 2
20 1
21 5
20 12
14 6
11 19
28 5
24 20
5 24
19 6
4 1
11 7
20 13
10 18
15 0