33
164
0,
1,
2,
3,
4,
5,
6,
7,
8,
9,
10,
11,
12,
13,
14,
15,
16,
17,
18,
19,
20,
21,
22,
23,
24,
25,
26,
27,
28,
29,
30,
31,
32
32 26
26 8
8 30
30 16
16 12
12 17
17 6
6 29
29 15
15 24
24 2
2 28
28 14
14 31
31 3
3 22
22 10
10 1
1 7
7 5
5 23
23 0
0 13
13 18
18 20
20 11
11 27
27 25
25 4
4 21
21 19
19 9
13 18
24 2
15 3
2 19
22 7
8 12
9 14
28 16
26 16
13 31
2 11
26 12
17 31
27 10
5 11
25 25
23 0
28 11
11 2
12 14
3 29
10 23
24 18
23 1
6 0
0 27
16 26
12 5
27 22
28 3
7 3
25 0
27 13
1 1
28 29
21 7
6 14
9 0
20 24
1 1
16 30
17 32
22 26
10 28
27 19
19 21
15 22
14 26
1 1
23 32
2 19
23 28
22 25
3 9
10 29
17 18
4 27
22 23
4 2
8 4
22 5
18 0
28 13
24 12
0 9
26 22
12 1
9 30
5 8
32 21
14 27
20 24
17 12
23 24
19 21
10 16
24 5
29 32
5 6
15 9
0 9
6 23
9 6
31 17
10 26
2 25
6 11
17 1
13 12
3 23
13 23
8 8
20 10
21 10
24 16
7 24
21 6
23 5
23 19
12 12
5 22
30 13
19 5
30 22
18 10
6 22
7 4
6 29
21 5
31 25
9 31
19 11
10 17
10 32
1 13
12 19
23 23
11 29
4 16
10 32
20 18
6 31
14 24
3 18
32 23
7 12
7 20
25 27
7 10
5 24
12 9
11 29