350
1749
0,
1,
2,
3,
4,
5,
6,
7,
8,
9,
10,
11,
12,
13,
14,
15,
16,
17,
18,
19,
20,
21,
22,
23,
24,
25,
26,
27,
28,
29,
30,
31,
32,
33,
34,
35,
36,
37,
38,
39,
40,
41,
42,
43,
44,
45,
46,
47,
48,
49,
50,
51,
52,
53,
54,
55,
56,
57,
58,
59,
60,
61,
62,
63,
64,
65,
66,
67,
68,
69,
70,
71,
72,
73,
74,
75,
76,
77,
78,
79,
80,
81,
82,
83,
84,
85,
86,
87,
88,
89,
90,
91,
92,
93,
94,
95,
96,
97,
98,
99,
100,
101,
102,
103,
104,
105,
106,
107,
108,
109,
110,
111,
112,
113,
114,
115,
116,
117,
118,
119,
120,
121,
122,
123,
124,
125,
126,
127,
128,
129,
130,
131,
132,
133,
134,
135,
136,
137,
138,
139,
140,
141,
142,
143,
144,
145,
146,
147,
148,
149,
150,
151,
152,
153,
154,
155,
156,
157,
158,
159,
160,
161,
162,
163,
164,
165,
166,
167,
168,
169,
170,
171,
172,
173,
174,
175,
176,
177,
178,
179,
180,
181,
182,
183,
184,
185,
186,
187,
188,
189,
190,
191,
192,
193,
194,
195,
196,
197,
198,
199,
200,
201,
202,
203,
204,
205,
206,
207,
208,
209,
210,
211,
212,
213,
214,
215,
216,
217,
218,
219,
220,
221,
222,
223,
224,
225,
226,
227,
228,
229,
230,
231,
232,
233,
234,
235,
236,
237,
238,
239,
240,
241,
242,
243,
244,
245,
246,
247,
248,
249,
250,
251,
252,
253,
254,
255,
256,
257,
258,
259,
260,
261,
262,
263,
264,
265,
266,
267,
268,
269,
270,
271,
272,
273,
274,
275,
276,
277,
278,
279,
280,
281,
282,
283,
284,
285,
286,
287,
288,
289,
290,
291,
292,
293,
294,
295,
296,
297,
298,
299,
300,
301,
302,
303,
304,
305,
306,
307,
308,
309,
310,
311,
312,
313,
314,
315,
316,
317,
318,
319,
320,
321,
322,
323,
324,
325,
326,
327,
328,
329,
330,
331,
332,
333,
334,
335,
336,
337,
338,
339,
340,
341,
342,
343,
344,
345,
346,
347,
348,
349
110 305
305 326
326 308
308 343
343 140
140 172
172 245
245 139
139 287
287 46
46 216
216 310
310 24
24 132
132 209
209 150
150 196
196 167
167 0
0 175
175 64
64 230
230 33
33 60
60 314
314 220
220 286
286 327
327 118
118 16
16 189
189 302
302 127
127 159
159 178
178 316
316 102
102 177
177 239
239 288
288 235
235 237
237 63
63 264
264 304
304 296
296 34
34 300
300 328
328 183
183 108
108 35
35 82
82 72
72 211
211 14
14 130
130 301
301 226
226 133
133 276
276 157
157 149
149 261
261 90
90 48
48 155
155 221
221 218
218 2
2 11
11 311
311 253
253 271
271 109
109 121
121 223
223 6
6 151
151 325
325 13
13 163
163 8
8 344
344 84
84 201
201 190
190 3
3 28
28 96
96 272
272 107
107 68
68 240
240 248
248 174
174 25
25 203
203 161
161 36
36 267
267 62
62 284
284 114
114 324
324 27
27 179
179 69
69 54
54 4
4 250
250 39
39 51
51 136
136 87
87 242
242 65
65 100
100 205
205 9
9 106
106 202
202 187
187 349
349 244
244 77
77 186
186 319
319 238
238 258
258 182
182 289
289 340
340 80
80 30
30 225
225 152
152 197
197 277
277 200
200 153
153 93
93 168
168 337
337 313
313 135
135 317
317 342
342 249
249 164
164 312
312 299
299 67
67 265
265 214
214 154
154 293
293 251
251 21
21 144
144 227
227 126
126 199
199 23
23 37
37 160
160 92
92 280
280 210
210 282
282 103
103 79
79 191
191 94
94 274
274 333
333 285
285 115
115 53
53 119
119 222
222 229
229 101
101 207
207 145
145 256
256 334
334 148
148 99
99 156
156 307
307 83
83 208
208 255
255 332
332 120
120 59
59 78
78 56
56 257
257 185
185 19
19 262
262 195
195 275
275 219
219 224
224 47
47 169
169 66
66 181
181 125
125 341
341 212
212 44
44 142
142 41
41 123
123 138
138 298
298 38
38 117
117 330
330 43
43 122
122 58
58 129
129 292
292 268
268 283
283 241
241 297
297 206
206 141
141 347
347 31
31 320
320 74
74 76
76 88
88 50
50 279
279 263
263 170
170 137
137 213
213 134
134 336
336 234
234 231
231 266
266 215
215 166
166 147
147 85
85 184
184 322
322 306
306 232
232 124
124 294
294 338
338 128
128 71
71 345
345 260
260 331
331 236
236 176
176 20
20 269
269 192
192 26
26 131
131 55
55 295
295 1
1 273
273 111
111 70
70 15
15 146
146 335
335 315
315 98
98 270
270 303
303 278
278 162
162 194
194 180
180 49
49 259
259 188
188 233
233 42
42 91
91 243
243 112
112 173
173 61
61 290
290 12
12 113
113 204
204 7
7 22
22 309
309 75
75 321
321 18
18 329
329 95
95 143
143 171
171 104
104 73
73 40
40 165
165 10
10 246
246 281
281 198
198 32
32 252
252 193
193 339
339 97
97 52
52 217
217 348
348 116
116 158
158 57
57 346
346 89
89 318
318 81
81 45
45 323
323 247
247 86
86 228
228 105
105 29
29 5
5 291
291 17
17 254
92 108
7 1
217 64
160 214
196 168
184 81
53 331
295 49
211 11
336 223
30 132
241 306
183 286
110 243
40 199
55 121
319 88
177 60
134 226
328 241
93 287
264 123
96 146
294 203
307 137
107 211
203 297
146 259
211 47
63 97
162 197
166 291
282 60
277 18
272 215
303 60
196 66
211 323
341 139
272 134
298 1
161 68
288 295
296 98
225 334
195 39
224 210
325 172
202 29
93 269
69 44
184 148
302 119
168 108
9 235
182 345
301 85
157 293
202 195
271 126
115 194
116 167
44 167
151 78
168 108
210 337
334 207
82 23
215 130
153 42
28 66
178 241
343 66
68 298
312 338
265 43
269 219
67 136
228 202
264 180
63 74
194 126
148 90
298 235
339 78
24 81
150 236
231 277
302 27
237 55
8 255
313 43
13 85
321 63
59 87
312 283
153 227
263 216
238 17
28 247
70 1
330 264
194 109
98 116
9 103
205 113
44 188
265 125
300 250
275 164
55 42
266 320
222 53
7 236
136 59
329 105
107 257
317 293
205 9
2 297
287 8
312 115
77 168
68 301
340 88
274 334
271 11
276 196
145 116
305 323
49 90
151 168
26 71
1 306
338 236
31 315
34 311
25 177
193 262
244 43
87 45
8 345
137 142
158 231
231 267
237 254
108 140
259 185
269 274
333 316
75 215
331 30
311 248
46 251
4 105
40 37
225 247
288 282
114 96
303 96
282 110
202 220
277 189
69 342
60 278
293 91
26 58
240 238
152 305
22 40
268 70
327 209
269 238
42 182
251 142
109 36
308 207
149 265
5 233
329 133
116 230
174 76
324 91
331 146
28 32
287 65
312 38
136 177
58 181
173 204
235 176
52 6
117 33
185 33
321 173
5 168
59 163
15 151
251 240
103 188
216 311
293 0
253 345
346 323
0 237
275 198
28 17
147 170
76 25
218 335
343 116
138 190
138 340
305 171
195 285
219 52
105 159
190 338
136 135
69 190
141 186
98 219
235 15
318 147
329 114
161 184
184 255
268 160
64 105
287 34
32 183
70 292
261 93
17 218
156 163
346 306
225 144
213 190
269 314
274 276
98 118
229 123
276 320
231 220
165 296
42 299
347 219
271 240
40 313
72 220
176 224
132 21
184 137
295 274
210 314
109 63
15 249
278 190
244 197
122 116
277 156
19 237
174 309
240 208
289 192
124 189
25 60
288 40
196 108
219 42
177 160
208 70
230 2
183 246
245 327
102 196
325 93
52 139
31 50
68 226
333 322
177 157
153 27
269 6
41 165
120 319
37 333
146 144
109 213
333 346
79 218
130 77
257 228
59 113
4 202
46 284
34 8
156 135
345 293
156 101
330 100
119 112
166 55
21 56
327 236
151 248
11 95
279 157
326 249
242 262
54 193
41 284
157 24
3 106
324 303
247 301
342 205
38 27
191 289
19 149
2 319
72 347
0 276
84 294
182 85
228 127
183 45
105 87
250 339
9 297
15 162
308 201
3 146
241 88
12 104
105 49
114 62
187 134
262 126
77 141
311 119
230 44
206 304
34 247
80 93
56 68
286 209
145 313
345 187
128 100
91 233
122 177
166 219
218 245
41 97
67 258
98 132
334 327
230 285
329 67
317 324
126 107
272 120
127 77
235 298
161 37
125 122
74 9
34 75
224 24
219 102
346 302
98 113
325 124
289 55
127 129
270 279
49 334
215 237
171 188
49 246
304 251
298 277
254 176
175 126
151 239
208 345
157 148
145 57
347 186
77 312
216 11
128 136
115 137
217 96
318 50
198 344
346 230
30 281
104 222
239 57
24 279
204 346
244 309
160 29
346 55
236 262
190 187
40 325
215 258
284 25
1 53
276 179
323 278
295 249
310 57
12 54
298 264
42 299
40 87
291 98
345 225
345 210
8 334
167 37
172 107
133 165
116 291
95 116
120 170
155 206
25 198
40 56
122 310
117 328
290 95
239 99
160 232
45 221
160 56
233 158
76 104
196 320
8 228
219 93
267 272
316 0
170 48
315 115
185 20
42 309
281 167
134 254
276 19
62 269
337 107
45 163
3 28
255 55
63 225
275 226
223 72
2 292
143 223
188 35
263 260
249 6
250 179
72 31
196 139
140 172
184 100
295 129
220 131
98 265
65 291
254 208
342 182
85 65
28 7
231 300
314 151
151 319
119 294
136 52
302 338
81 335
274 86
260 297
95 46
137 144
254 318
26 312
141 200
125 77
334 321
128 186
187 141
237 112
326 189
225 338
201 164
334 195
17 116
119 178
161 253
284 76
61 156
232 14
266 250
114 263
202 232
192 274
96 325
62 40
219 344
332 113
285 15
17 235
275 268
282 68
44 77
282 13
168 258
326 276
30 168
51 49
341 178
130 270
31 28
242 228
278 114
204 289
85 41
94 67
145 281
317 320
67 231
151 183
291 301
101 255
151 294
167 247
96 78
344 148
283 59
283 297
181 174
260 285
221 280
59 20
122 71
78 216
145 146
166 202
57 121
172 53
212 23
176 195
262 70
142 167
9 62
203 157
56 161
167 258
128 123
344 27
185 44
50 55
78 7
262 43
90 242
61 24
301 268
230 226
323 168
125 154
158 130
321 160
237 104
14 138
341 348
24 181
303 204
54 242
268 220
235 44
296 114
18 32
200 37
341 73
282 210
127 301
120 306
68 347
128 189
99 277
93 178
294 218
177 5
300 128
129 166
197 98
183 268
29 94
265 234
300 148
204 149
324 125
227 267
235 206
276 173
153 242
1 335
161 245
9 99
14 263
146 325
210 301
2 49
80 280
176 130
279 194
80 69
18 70
283 307
235 292
248 307
268 76
145 242
244 22
280 312
266 64
80 90
237 317
202 260
129 264
337 184
334 90
159 82
88 101
82 283
85 228
47 222
209 234
293 239
71 184
329 47
172 261
252 269
329 53
305 307
321 1
72 199
347 341
51 148
9 118
54 224
271 214
208 5
86 164
144 17
284 20
179 126
148 62
209 183
274 332
254 336
196 331
283 288
115 155
259 45
177 8
289 236
145 86
4 45
100 77
340 314
199 179
228 165
247 23
112 79
256 121
348 217
162 80
323 133
224 118
278 298
245 183
102 35
177 27
63 328
54 317
310 343
349 67
80 133
47 258
184 176
17 85
209 139
123 85
132 310
4 223
242 96
68 159
244 235
255 103
92 82
3 11
137 27
185 324
237 192
158 51
28 307
124 50
187 345
195 191
196 273
111 205
74 165
284 123
129 105
219 161
130 177
246 39
232 100
164 50
155 52
182 10
101 168
160 12
342 308
99 83
5 79
260 6
19 121
60 19
39 174
335 52
224 122
98 241
32 335
123 54
26 166
336 182
91 196
97 181
306 250
311 221
335 269
85 88
69 79
216 82
240 55
255 46
262 171
274 110
281 109
176 42
220 304
296 260
338 29
148 190
148 223
286 324
315 266
199 19
171 220
225 287
287 128
242 327
301 166
247 96
82 37
31 185
329 69
342 22
52 332
70 250
293 102
185 7
112 217
283 220
290 94
162 216
41 85
68 193
195 196
108 277
297 261
79 329
48 114
75 281
29 339
272 167
50 34
138 68
115 86
294 226
144 198
310 233
132 296
169 85
323 66
54 219
19 25
58 341
81 49
46 302
325 16
49 265
37 167
328 183
156 101
236 160
6 76
237 263
160 76
289 256
317 256
167 15
152 52
346 349
295 25
14 26
116 20
123 97
165 139
67 171
174 32
149 56
295 90
242 247
17 16
124 217
25 11
238 22
90 226
82 221
138 85
206 18
130 323
222 208
346 34
51 73
315 289
303 341
317 23
348 39
143 75
147 82
324 74
245 321
287 152
78 22
240 256
325 271
45 318
259 337
209 204
153 332
343 205
116 48
65 135
60 153
84 10
298 196
22 172
152 225
333 8
62 113
108 88
42 6
82 98
36 31
309 2
67 215
243 168
26 237
87 60
217 333
208 342
135 83
161 254
41 162
262 213
226 300
194 243
287 73
234 115
43 53
19 191
158 10
73 62
197 243
76 273
129 70
111 79
192 46
7 218
229 234
72 192
3 260
40 76
4 78
211 278
221 183
335 198
78 5
345 256
19 34
213 40
326 209
218 18
27 257
0 130
219 115
196 121
58 212
265 0
62 175
90 129
248 65
249 143
52 3
170 221
209 181
8 231
10 139
144 280
101 146
117 217
38 186
319 99
334 89
101 122
141 55
207 132
0 222
33 336
335 73
204 178
195 116
281 219
238 16
257 219
98 68
246 137
342 141
185 26
188 135
73 267
159 39
220 112
27 238
110 238
239 29
258 116
217 97
299 112
106 11
60 34
273 133
192 75
159 220
282 218
149 100
55 79
108 5
253 51
344 318
232 331
244 180
266 268
156 172
338 245
348 119
124 28
155 90
223 286
57 64
50 244
55 320
216 330
68 223
222 186
116 209
163 15
41 305
142 261
161 193
272 168
274 54
254 45
0 201
333 201
327 175
145 301
136 181
346 106
32 264
339 151
41 287
326 43
129 183
211 329
251 104
141 24
189 269
151 238
150 38
287 331
84 241
270 149
77 113
1 94
140 275
286 293
161 46
121 209
14 56
341 291
187 84
145 161
344 262
26 274
321 58
162 35
93 130
324 58
330 189
276 298
140 131
9 290
177 165
11 155
327 46
326 256
321 222
195 25
163 346
317 298
162 324
301 117
21 282
349 320
45 119
331 219
34 15
264 309
123 226
73 39
76 144
322 78
232 323
111 93
2 200
216 291
210 177
162 331
221 27
275 147
153 158
106 248
216 200
80 115
85 143
333 159
179 121
64 106
208 329
278 242
36 306
84 132
150 249
327 193
148 320
33 12
113 326
235 210
159 181
86 39
57 81
209 266
212 110
220 109
68 203
324 346
108 159
179 80
92 112
18 283
276 321
140 280
8 231
244 248
113 40
60 45
303 104
231 31
46 312
212 235
209 101
188 289
289 190
150 249
48 66
67 16
84 69
96 31
223 163
72 201
286 318
242 35
336 192
170 3
245 4
153 29
300 163
110 312
37 220
82 45
322 165
308 117
197 308
305 251
293 337
327 279
294 152
71 12
296 339
335 244
114 282
93 314
163 152
35 75
316 299
310 221
101 106
87 234
218 273
261 66
345 244
56 164
336 89
235 220
325 308
201 68
161 308
221 204
323 41
58 46
94 269
145 177
64 117
308 115
219 139
173 157
257 264
224 193
201 267
320 48
30 96
216 81
172 167
147 273
37 253
179 86
63 76
331 192
28 234
158 331
171 326
41 18
150 84
232 241
38 95
230 273
265 289
116 155
111 66
49 324
160 299
338 225
233 80
189 325
345 46
101 69
125 182
75 177
309 10
169 280
82 85
78 154
302 263
27 140
82 140
160 100
243 48
328 119
42 233
97 15
276 286
15 345
187 276
312 251
268 321
180 120
136 91
251 290
161 4
5 34
65 132
218 247
333 147
1 303
342 229
191 158
137 272
302 280
141 193
91 221
201 221
255 144
87 251
235 87
191 115
274 199
145 119
0 236
198 7
107 281
179 297
228 45
139 249
243 154
140 245
117 323
181 70
243 338
185 46
310 231
3 325
327 232
102 89
300 113
137 6
25 338
182 192
117 242
27 286
135 218
56 106
21 231
186 153
167 218
342 61
20 16
284 317
18 327
316 112
221 304
260 110
112 69
237 148
223 296
97 90
311 59
211 331
243 69
117 3
345 215
338 84
42 101
20 326
198 179
134 156
332 118
256 116
123 58
130 239
82 247
56 169
245 331
326 122
300 287
123 170
148 264
229 149
257 164
167 312
0 15
186 315
183 124
224 115
275 105
305 195
303 33
56 339
10 164
338 30
43 168
116 187
66 296
283 16
116 182
134 158
333 60
303 96
313 205
200 124
140 39
53 59
106 236
78 214
105 70
94 87
214 14
51 64
25 244
347 137
100 317
209 70
233 73
313 201
66 130
332 306
200 141
46 181
347 90
10 310
232 44
342 300
310 158
308 242
215 261
226 207
66 113
247 115
53 113
164 181
184 21
347 73
146 224
239 208
280 147
142 264
175 235
169 186
305 31
75 325
12 33
138 302
143 246
337 185
168 243
294 113
275 149
238 321
28 183
78 76
58 3
101 64
122 76
218 271
68 237
209 1
34 278
322 60
45 165
25 42
35 310
323 190
117 303
139 40
334 30
266 94
136 328
97 231
285 188
131 275
121 344
23 323
207 52
97 279
259 84
54 212
124 212
137 34
12 341
229 321
118 253
204 349
327 6
308 305
343 66
282 95
42 57
282 162
258 17