35
174
0,
1,
2,
3,
4,
5,
6,
7,
8,
9,
10,
11,
12,
13,
14,
15,
16,
17,
18,
19,
20,
21,
22,
23,
24,
25,
26,
27,
28,
29,
30,
31,
32,
33,
34
27 9
9 19
19 17
17 2
2 22
22 32
32 8
8 1
1 16
16 14
14 10
10 29
29 7
7 24
24 33
33 3
3 34
34 28
28 20
20 26
26 5
5 6
6 31
31 25
25 11
11 13
13 4
4 30
30 18
18 12
12 23
23 0
0 15
15 21
11 23
3 21
29 23
25 20
30 17
28 12
27 30
14 14
23 22
32 33
34 13
11 11
34 26
20 3
7 13
6 33
3 24
15 28
5 16
5 19
18 27
17 21
20 0
18 23
30 15
9 17
28 25
6 24
19 15
25 29
8 30
9 23
8 33
32 28
2 15
26 3
20 6
18 30
10 18
2 33
28 20
4 25
31 5
3 16
18 18
34 31
12 19
3 24
4 18
18 15
5 31
12 9
2 30
30 8
29 0
11 31
8 34
12 7
21 25
19 32
12 34
10 11
17 2
30 10
14 23
27 4
8 2
22 17
17 23
8 7
30 23
1 6
9 1
34 33
12 3
18 19
21 9
27 6
5 31
0 3
9 5
11 19
13 18
30 2
10 0
6 32
17 10
5 25
25 20
19 7
17 34
10 1
25 2
21 6
27 34
22 29
33 1
32 8
24 25
11 0
5 2
11 33
24 24
25 19
26 3
7 11
23 12
15 10
8 4
5 26
8 13
27 24
4 34
16 25
6 10
4 14
17 18
25 22
5 25
33 7
26 12
23 14
4 34
5 13
20 4
30 10
17 6
8 23
24 26
8 30
34 13
21 20
4 33
17 7
15 5
24 8
7 14
8 23
30 30
3 11