360
1799
0,
1,
2,
3,
4,
5,
6,
7,
8,
9,
10,
11,
12,
13,
14,
15,
16,
17,
18,
19,
20,
21,
22,
23,
24,
25,
26,
27,
28,
29,
30,
31,
32,
33,
34,
35,
36,
37,
38,
39,
40,
41,
42,
43,
44,
45,
46,
47,
48,
49,
50,
51,
52,
53,
54,
55,
56,
57,
58,
59,
60,
61,
62,
63,
64,
65,
66,
67,
68,
69,
70,
71,
72,
73,
74,
75,
76,
77,
78,
79,
80,
81,
82,
83,
84,
85,
86,
87,
88,
89,
90,
91,
92,
93,
94,
95,
96,
97,
98,
99,
100,
101,
102,
103,
104,
105,
106,
107,
108,
109,
110,
111,
112,
113,
114,
115,
116,
117,
118,
119,
120,
121,
122,
123,
124,
125,
126,
127,
128,
129,
130,
131,
132,
133,
134,
135,
136,
137,
138,
139,
140,
141,
142,
143,
144,
145,
146,
147,
148,
149,
150,
151,
152,
153,
154,
155,
156,
157,
158,
159,
160,
161,
162,
163,
164,
165,
166,
167,
168,
169,
170,
171,
172,
173,
174,
175,
176,
177,
178,
179,
180,
181,
182,
183,
184,
185,
186,
187,
188,
189,
190,
191,
192,
193,
194,
195,
196,
197,
198,
199,
200,
201,
202,
203,
204,
205,
206,
207,
208,
209,
210,
211,
212,
213,
214,
215,
216,
217,
218,
219,
220,
221,
222,
223,
224,
225,
226,
227,
228,
229,
230,
231,
232,
233,
234,
235,
236,
237,
238,
239,
240,
241,
242,
243,
244,
245,
246,
247,
248,
249,
250,
251,
252,
253,
254,
255,
256,
257,
258,
259,
260,
261,
262,
263,
264,
265,
266,
267,
268,
269,
270,
271,
272,
273,
274,
275,
276,
277,
278,
279,
280,
281,
282,
283,
284,
285,
286,
287,
288,
289,
290,
291,
292,
293,
294,
295,
296,
297,
298,
299,
300,
301,
302,
303,
304,
305,
306,
307,
308,
309,
310,
311,
312,
313,
314,
315,
316,
317,
318,
319,
320,
321,
322,
323,
324,
325,
326,
327,
328,
329,
330,
331,
332,
333,
334,
335,
336,
337,
338,
339,
340,
341,
342,
343,
344,
345,
346,
347,
348,
349,
350,
351,
352,
353,
354,
355,
356,
357,
358,
359
309 263
263 276
276 162
162 157
157 77
77 353
353 322
322 31
31 81
81 141
141 121
121 341
341 160
160 264
264 100
100 277
277 299
299 174
174 95
95 140
140 197
197 149
149 204
204 135
135 356
356 268
268 252
252 36
36 314
314 216
216 311
311 59
59 113
113 9
9 226
226 228
228 5
5 217
217 236
236 208
208 72
72 109
109 116
116 120
120 165
165 327
327 73
73 241
241 89
89 269
269 33
33 357
357 288
288 207
207 80
80 3
3 239
239 194
194 17
17 218
218 97
97 91
91 122
122 340
340 184
184 35
35 219
219 192
192 22
22 41
41 65
65 285
285 46
46 304
304 323
323 64
64 107
107 315
315 259
259 338
338 4
4 29
29 24
24 214
214 161
161 168
168 302
302 295
295 129
129 187
187 224
224 142
142 342
342 318
318 179
179 104
104 205
205 123
123 265
265 258
258 170
170 130
130 16
16 99
99 32
32 178
178 76
76 69
69 253
253 243
243 15
15 30
30 300
300 1
1 128
128 260
260 330
330 203
203 145
145 132
132 321
321 248
248 331
331 43
43 351
351 307
307 234
234 173
173 54
54 355
355 126
126 143
143 337
337 316
316 308
308 74
74 275
275 223
223 345
345 42
42 21
21 7
7 358
358 256
256 262
262 34
34 215
215 44
44 339
339 229
229 166
166 164
164 146
146 112
112 249
249 175
175 183
183 201
201 320
320 334
334 213
213 221
221 93
93 87
87 55
55 159
159 280
280 134
134 312
312 108
108 88
88 303
303 117
117 127
127 359
359 281
281 326
326 350
350 101
101 75
75 206
206 138
138 171
171 244
244 23
23 39
39 96
96 231
231 222
222 13
13 250
250 211
211 246
246 349
349 240
240 47
47 25
25 188
188 110
110 182
182 53
53 119
119 111
111 298
298 94
94 238
238 210
210 313
313 20
20 209
209 290
290 78
78 92
92 266
266 66
66 274
274 346
346 37
37 0
0 153
153 152
152 114
114 270
270 49
49 155
155 56
56 191
191 8
8 27
27 193
193 347
347 293
293 118
118 344
344 335
335 176
176 227
227 172
172 156
156 133
133 125
125 177
177 190
190 131
131 251
251 52
52 62
62 144
144 189
189 103
103 297
297 257
257 336
336 354
354 212
212 28
28 139
139 305
305 70
70 180
180 333
333 324
324 247
247 220
220 151
151 82
82 90
90 254
254 242
242 284
284 38
38 57
57 63
63 292
292 85
85 158
158 255
255 225
225 169
169 19
19 185
185 10
10 230
230 40
40 317
317 124
124 196
196 306
306 237
237 279
279 11
11 2
2 195
195 51
51 67
67 283
283 328
328 296
296 272
272 14
14 48
48 105
105 286
286 60
60 167
167 348
348 202
202 332
332 45
45 115
115 352
352 18
18 6
6 329
329 12
12 71
71 106
106 291
291 148
148 261
261 289
289 301
301 233
233 325
325 245
245 98
98 79
79 319
319 150
150 181
181 267
267 26
26 310
310 102
102 200
200 68
68 273
273 136
136 343
343 61
61 287
287 86
86 147
147 163
163 294
294 83
83 198
198 199
199 58
58 282
282 154
154 186
186 137
137 84
84 50
50 235
235 278
278 232
232 271
354 329
34 32
291 137
331 108
4 264
147 340
161 5
332 61
158 336
226 0
156 198
188 333
334 193
157 164
8 34
351 231
140 246
88 99
341 47
132 233
236 13
13 56
337 255
89 78
18 100
18 151
221 206
292 25
142 142
280 69
106 113
162 93
233 286
90 288
312 2
119 59
76 324
160 264
202 253
266 156
2 325
280 49
72 254
213 284
93 60
124 298
105 10
227 120
152 94
2 0
10 68
304 170
16 9
70 35
230 5
18 7
342 132
261 73
30 55
205 313
321 34
203 197
351 207
79 256
137 72
357 317
42 101
38 44
264 235
41 273
203 109
132 332
248 43
64 51
319 42
102 218
306 321
323 277
251 170
27 63
316 61
113 52
62 8
232 171
54 214
344 228
266 107
22 251
98 328
322 320
157 168
52 327
296 273
190 300
82 244
0 262
234 304
254 213
317 225
303 283
143 187
223 144
122 132
283 130
266 12
240 142
30 286
133 358
72 64
20 200
335 5
182 356
35 318
235 125
217 187
335 66
137 16
81 296
188 174
358 263
339 275
207 44
202 158
246 284
113 57
350 98
327 172
253 258
244 307
174 257
339 38
27 47
31 345
292 139
0 118
261 66
343 290
295 102
136 79
269 39
218 139
52 165
79 110
339 272
10 337
353 232
274 339
103 141
57 226
202 135
54 96
232 14
340 68
169 178
29 186
201 284
226 36
209 101
169 322
23 231
86 317
114 338
170 306
123 185
262 294
165 257
89 254
258 29
15 317
349 125
236 130
163 307
104 242
327 294
113 119
328 274
344 69
258 310
196 103
129 321
269 282
130 289
150 248
46 179
251 279
333 141
9 152
205 48
61 273
68 119
75 334
147 207
57 5
232 213
348 290
264 287
48 12
105 118
130 99
213 111
127 134
113 80
168 26
50 15
211 236
310 39
226 313
218 30
10 335
49 213
356 117
107 26
322 252
18 31
115 223
328 137
170 331
14 152
191 110
186 53
346 123
18 97
146 30
120 148
89 164
15 81
172 246
8 292
59 349
312 127
192 56
288 58
341 132
18 352
55 359
161 234
88 211
35 213
24 335
10 148
251 8
161 291
130 31
178 86
273 279
160 4
106 183
186 297
27 234
132 24
149 285
255 280
110 105
334 76
67 175
286 163
74 325
149 174
142 106
351 111
178 52
47 208
47 272
285 311
323 318
145 334
45 105
95 295
147 320
175 316
198 243
315 204
186 104
106 345
181 61
121 334
36 322
280 256
29 40
7 275
127 241
348 196
243 15
232 278
14 27
133 63
320 173
149 161
100 94
315 148
83 35
241 43
156 311
120 85
30 248
33 69
41 20
240 117
89 146
53 191
324 27
178 323
104 260
149 0
318 171
155 129
227 70
182 120
95 219
51 306
232 32
241 143
184 222
210 145
287 64
275 66
21 291
20 86
70 130
252 102
89 345
339 343
152 292
39 304
257 135
346 20
167 214
243 139
268 60
290 59
283 109
82 1
116 125
191 261
119 293
350 336
117 286
87 119
56 101
160 238
306 108
57 285
22 221
119 7
84 128
73 223
225 300
340 73
160 34
348 57
100 118
90 83
138 282
183 243
100 4
132 239
226 356
159 302
115 92
105 266
278 23
45 332
142 42
21 90
12 275
203 142
95 268
290 176
213 314
266 331
101 87
84 1
286 3
92 67
353 4
148 262
258 209
264 307
46 89
212 276
35 192
136 122
355 359
38 253
36 4
296 174
70 287
295 193
20 356
75 87
261 153
243 335
301 292
2 152
78 83
246 233
286 117
218 247
262 279
153 268
43 320
191 53
192 68
88 70
25 201
297 151
17 347
285 6
59 149
279 351
134 245
191 14
329 336
182 172
169 342
333 221
222 72
115 92
120 323
68 263
148 316
155 143
309 53
309 240
313 13
269 55
33 307
217 343
180 260
134 121
245 102
177 12
348 57
245 5
176 130
250 280
227 291
277 168
241 135
236 258
123 224
261 30
52 141
105 73
324 137
331 155
76 213
204 9
184 261
75 316
353 264
44 30
54 31
31 168
115 202
202 185
217 274
344 333
292 59
120 341
327 192
189 154
163 70
260 130
25 346
227 187
73 193
111 19
75 38
151 42
88 293
193 104
51 66
237 27
18 150
337 319
110 164
28 177
297 322
178 197
29 347
133 195
330 109
287 329
34 278
295 9
197 48
175 180
207 326
194 0
181 63
140 162
316 13
349 353
206 243
74 71
346 38
37 275
66 90
18 214
250 332
186 273
143 342
176 280
73 352
178 323
55 229
184 292
309 293
179 345
12 33
282 351
38 186
139 141
165 95
78 237
79 327
132 267
192 230
16 196
146 60
228 234
303 293
312 50
238 78
273 73
354 79
328 71
347 123
183 315
269 154
211 22
293 278
210 257
150 350
24 78
314 127
8 46
37 292
116 38
341 345
265 342
86 25
358 215
156 305
23 89
105 43
33 267
355 264
313 111
30 205
119 356
265 212
221 282
257 1
166 239
14 208
318 193
172 318
34 244
326 187
51 259
36 260
53 80
286 336
337 347
314 111
102 83
126 76
179 90
305 132
2 200
110 148
143 128
79 35
261 212
222 115
20 37
104 310
264 309
148 125
343 129
115 334
292 278
97 57
169 21
249 1
353 121
137 132
10 275
33 266
247 22
289 134
317 18
256 95
79 246
227 67
249 229
43 172
253 97
293 225
130 78
125 230
352 266
88 295
225 289
33 84
26 146
128 269
204 13
176 104
36 243
32 160
30 99
125 173
243 270
47 67
260 1
105 337
242 298
172 134
4 201
305 25
31 8
111 238
143 3
256 322
230 179
304 222
170 214
140 51
179 159
352 184
311 44
269 158
306 342
206 9
182 44
276 185
324 345
82 115
69 33
293 62
287 290
339 246
266 316
298 92
121 214
41 328
60 76
263 351
196 95
161 143
117 193
231 61
47 321
83 171
101 27
311 26
62 161
17 173
211 290
197 262
358 160
346 322
293 91
244 298
249 35
57 84
333 14
14 88
314 108
205 100
154 217
328 39
334 49
231 336
343 34
226 108
261 187
301 291
298 198
246 113
134 2
270 222
233 350
197 294
176 356
349 183
142 120
83 84
37 2
169 10
323 119
28 58
328 293
84 82
28 345
101 205
250 187
234 78
31 77
293 183
202 123
319 27
106 290
328 110
162 157
244 307
332 7
86 62
217 205
317 145
89 68
4 69
39 230
29 199
150 245
34 324
112 170
75 262
282 90
260 330
346 83
278 0
205 341
190 114
300 333
36 22
166 326
276 205
324 2
68 129
177 12
319 294
166 139
100 18
169 253
304 284
124 308
81 322
155 311
253 281
69 191
21 47
243 30
203 10
205 2
197 357
142 245
153 300
281 223
117 127
334 101
276 303
85 107
55 306
28 249
32 244
262 85
61 244
91 34
158 231
300 117
315 97
17 296
279 129
79 231
324 98
128 337
157 130
149 353
28 30
200 238
170 22
220 332
87 200
199 196
350 42
345 46
284 201
170 162
226 179
329 144
151 142
31 181
216 216
95 345
116 339
340 196
175 185
164 261
102 234
230 281
15 35
54 53
11 14
49 117
102 224
7 172
92 96
320 110
47 247
306 353
42 199
19 56
104 81
305 237
265 240
64 167
231 274
292 266
158 26
67 51
351 190
316 17
293 223
73 148
211 254
30 318
230 116
14 163
141 193
232 29
293 118
164 0
15 137
202 199
86 161
76 240
227 196
116 228
24 250
253 166
52 178
357 212
227 120
67 242
345 157
261 329
206 117
248 93
5 121
187 119
301 38
260 117
135 244
6 132
173 89
11 207
355 357
120 91
226 229
228 59
356 77
142 66
330 303
146 165
89 342
217 267
222 226
80 241
253 113
67 31
144 172
337 175
18 47
95 206
83 110
322 284
236 328
123 72
168 68
223 161
54 335
202 310
257 219
219 15
349 127
254 161
199 11
284 112
146 224
306 196
219 71
201 57
259 59
69 317
72 73
179 326
121 170
100 58
28 208
171 303
23 173
332 25
185 296
165 17
87 101
218 110
52 285
36 97
214 71
87 238
300 166
150 263
313 311
5 147
343 322
193 307
346 54
117 307
233 346
107 269
241 192
82 305
221 88
231 359
114 286
33 126
295 129
75 322
115 329
187 230
284 243
303 358
258 156
110 299
280 113
112 6
191 163
122 265
344 320
51 144
248 239
172 163
49 19
261 349
250 285
274 233
280 106
330 22
305 254
182 90
21 125
157 135
240 348
103 314
250 37
249 83
315 211
119 47
264 108
286 268
286 147
91 246
55 353
23 77
123 254
75 114
301 285
146 251
273 319
72 6
111 135
197 137
319 14
349 257
271 133
166 307
48 300
193 295
265 50
232 210
143 289
53 66
113 327
250 247
128 264
31 69
314 156
161 6
147 317
325 169
225 36
10 242
53 82
114 316
193 169
202 216
179 75
163 74
185 107
21 14
148 236
106 153
323 212
96 307
286 265
355 83
227 318
146 141
3 235
236 301
252 198
12 67
67 65
288 183
206 206
233 153
118 61
109 9
202 202
56 5
205 187
256 221
82 106
224 117
12 22
247 230
239 279
272 32
64 166
40 70
19 253
259 92
251 104
353 167
42 209
42 15
335 110
145 300
342 11
283 153
225 300
135 262
0 182
43 138
115 310
251 137
354 26
251 120
304 75
284 34
146 32
117 128
357 139
171 302
99 142
308 303
170 65
209 182
347 264
356 302
160 325
356 144
30 81
304 18
37 291
57 138
40 288
88 343
88 92
264 55
145 125
347 342
276 152
165 220
10 132
167 14
302 267
320 338
359 59
44 29
23 113
115 274
165 181
111 317
185 181
94 279
113 283
164 81
5 103
290 317
12 9
355 50
59 216
89 273
339 107
241 182
284 128
90 133
230 356
65 236
35 208
295 122
204 315
35 302
154 179
74 101
336 28
107 350
149 217
127 302
310 356
292 284
185 219
242 193
32 54
77 92
83 27
199 5
288 299
47 304
294 75
4 216
51 241
41 336
348 309
318 125
171 182
11 82
2 59
211 277
207 14
120 318
84 300
299 38
242 134
340 345
84 56
255 317
118 97
8 224
147 150
119 99
143 255
4 216
78 167
230 309
116 232
320 11
80 47
116 269
232 271
187 357
321 21
184 13
102 358
334 133
96 3
315 319
288 247
50 288
83 125
10 39
219 97
239 180
67 83
70 80
103 123
156 188
304 219
135 80
356 250
179 77
96 66
96 75
109 35
221 19
141 352
88 61
15 115
173 260
186 237
213 345
44 111
270 274
285 80
304 60
62 121
45 305
234 60
28 85
266 58
303 27
56 270
186 236
303 160
192 85
238 299
163 120
202 338
212 238
261 263
250 192
169 191
199 218
270 118
208 218
292 195
299 196
179 56
125 102
236 57
162 155
88 315
125 40
167 190
327 43
193 262
46 331
192 221
104 286
92 234
225 114
186 310
296 166
69 258
332 191
60 130
142 340
53 156
99 191
222 179
327 346
177 269
58 77
65 89
281 176
342 337
100 92
154 164
90 292
348 43
355 59
257 95
9 42
59 0
218 55
190 279
134 34
252 141
347 261
73 199
9 339
282 203
353 48
317 93
6 308
138 266
94 340
277 156
263 33
16 131
347 19
280 43
229 265
55 236
276 31
273 263
279 303
103 182
115 46
139 187
260 305
309 206
302 78
289 68
356 202
310 164
307 326
177 315
56 180
58 250
91 312
223 279
159 66
321 330
133 286
251 43
103 181
135 216
98 311
306 74
116 138
300 72
317 335
77 27
267 300
189 121
33 203
294 341
338 236
309 146
20 113
189 126
267 308
339 118
149 156
345 347
252 182
36 41
68 155
107 281
25 221
194 22
109 299
271 312
315 134
201 316
306 232
22 50
115 271
287 110
36 103
100 6
299 29
162 253
265 350
94 63
165 8
123 111
52 128
315 83
354 127
192 258
163 203
39 0
91 168
328 11
277 75
157 317
135 348
213 167
95 226
309 23
338 253
126 101
9 10
129 273
27 96
101 71
55 239
294 118
32 64
76 141
99 280
116 81
317 349
109 133
98 106
243 94
257 262
180 69
168 73
221 333
181 109
310 243
50 266
194 122
160 234
352 303
252 324
194 256
308 197
129 116
26 30
247 203
108 5
174 262
65 223
18 96
138 272
11 21
322 301
79 353
155 244
145 185
304 261
348 267
86 218
102 49
285 336
149 267
220 286
147 52
2 91
51 115
21 240
351 306
318 102
15 64
293 336
182 357
356 78
323 217
38 47
64 170
233 35
240 313
283 155
157 184
250 113
98 313
284 51
251 211
105 11
257 213
106 326
61 266
332 281
122 226
341 95
47 218
224 195
280 307
65 293
118 109
199 55
104 171
116 174
108 284
238 263
276 160
209 214
276 73
140 358
5 238
353 102
294 212
98 284
247 234
28 290
304 52
205 7
97 217
17 191
29 252
258 185