36
179
0,
1,
2,
3,
4,
5,
6,
7,
8,
9,
10,
11,
12,
13,
14,
15,
16,
17,
18,
19,
20,
21,
22,
23,
24,
25,
26,
27,
28,
29,
30,
31,
32,
33,
34,
35
12 5
5 17
17 1
1 32
32 11
11 28
28 6
6 23
23 27
27 33
33 24
24 0
0 4
4 14
14 21
21 18
18 29
29 35
35 10
10 16
16 31
31 13
13 25
25 20
20 7
7 34
34 2
2 3
3 22
22 26
26 9
9 15
15 30
30 8
8 19
17 4
10 25
20 30
7 5
9 12
22 31
6 24
18 26
21 22
28 16
7 12
9 33
35 29
32 35
15 10
8 9
30 34
30 24
13 14
32 31
15 12
26 16
24 32
16 31
25 29
12 21
17 22
31 35
11 4
31 29
7 2
1 21
16 16
11 18
26 23
32 15
18 0
20 0
22 5
31 17
1 3
29 30
0 9
6 12
0 20
26 25
22 4
23 25
9 30
4 7
16 2
33 16
12 30
11 11
24 22
31 7
0 20
14 7
20 19
34 22
26 19
32 20
23 26
3 31
31 26
22 2
9 2
11 23
6 9
16 23
25 21
24 29
21 18
2 24
29 10
35 18
0 15
2 14
12 24
14 3
0 14
20 7
34 0
31 26
11 10
17 7
34 13
3 15
5 5
22 25
19 14
22 10
13 4
31 26
4 8
19 10
12 28
7 20
34 16
8 33
8 28
8 4
6 18
34 2
1 30
29 2
9 20
28 24
4 8
17 22
33 3
28 6
32 3
34 15
32 18
11 10
35 17
35 1
25 11
14 22
8 8
35 4
19 11
5 7
29 0
9 2
5 28
20 12
28 10
17 16
14 5
34 21
32 5
7 16
10 19
33 5
0 34
6 24
25 34
21 30
33 8
29 12
17 5
4 6