37
184
0,
1,
2,
3,
4,
5,
6,
7,
8,
9,
10,
11,
12,
13,
14,
15,
16,
17,
18,
19,
20,
21,
22,
23,
24,
25,
26,
27,
28,
29,
30,
31,
32,
33,
34,
35,
36
7 4
4 32
32 16
16 3
3 8
8 15
15 18
18 30
30 31
31 17
17 22
22 23
23 10
10 35
35 34
34 13
13 1
1 27
27 19
19 29
29 12
12 33
33 2
2 5
5 11
11 28
28 25
25 0
0 26
26 20
20 21
21 6
6 24
24 14
14 36
36 9
35 1
25 8
9 15
9 2
19 20
26 21
10 30
26 34
28 28
5 8
23 6
3 16
7 31
0 2
0 14
30 4
19 22
28 18
32 34
21 0
32 3
17 13
25 1
4 9
27 4
15 26
26 24
6 36
24 33
24 5
9 15
31 12
11 30
12 34
16 24
12 4
34 24
19 7
7 26
17 8
6 0
27 30
6 13
17 24
1 0
20 13
21 6
33 19
30 4
5 7
6 27
0 34
19 17
3 26
33 12
21 24
5 22
24 32
3 31
1 28
4 6
33 24
4 31
34 10
8 30
22 6
29 10
20 9
29 5
12 26
30 5
8 24
3 31
35 13
6 13
2 18
10 20
19 24
7 2
26 16
6 13
31 24
3 31
20 14
13 9
3 30
36 25
6 14
1 8
4 21
35 21
8 21
31 3
34 6
20 4
33 13
26 7
27 15
34 15
10 6
5 36
29 21
5 29
6 3
30 11
30 34
15 12
4 21
11 7
4 10
13 32
27 10
26 11
25 36
15 16
23 19
34 17
12 20
7 16
31 27
5 19
9 2
25 7
36 25
10 1
0 24
14 10
20 8
10 0
33 34
20 15
5 1
33 7
0 32
8 30
4 6
36 13
0 11
10 26
20 15
8 30
22 22
0 36
16 13
12 3
28 12
24 14
19 30