38
189
0,
1,
2,
3,
4,
5,
6,
7,
8,
9,
10,
11,
12,
13,
14,
15,
16,
17,
18,
19,
20,
21,
22,
23,
24,
25,
26,
27,
28,
29,
30,
31,
32,
33,
34,
35,
36,
37
19 7
7 20
20 30
30 22
22 21
21 10
10 8
8 11
11 6
6 34
34 4
4 14
14 32
32 37
37 12
12 35
35 13
13 26
26 0
0 29
29 27
27 2
2 31
31 5
5 9
9 36
36 23
23 16
16 15
15 28
28 1
1 3
3 33
33 25
25 17
17 24
24 18
26 23
5 19
19 30
11 23
11 27
1 36
26 2
1 10
19 34
31 10
5 28
18 1
3 37
25 24
2 29
24 8
0 31
24 21
37 31
20 25
1 33
21 37
29 15
24 18
8 35
11 20
34 34
26 27
29 30
34 17
32 7
10 15
26 34
9 19
14 25
30 13
22 30
28 32
7 17
37 15
6 10
5 7
33 3
1 15
25 1
9 8
35 23
29 28
37 14
7 37
1 12
15 16
30 11
34 4
25 27
2 31
1 10
30 9
24 4
24 31
17 16
9 29
30 4
30 32
17 17
29 7
27 14
26 32
6 24
24 1
25 36
36 34
20 29
16 10
35 22
28 7
32 4
12 1
36 0
17 31
35 10
28 15
13 9
1 10
35 29
18 37
1 17
18 18
20 2
36 26
12 28
13 4
8 34
32 17
37 33
5 10
6 29
12 29
16 31
28 35
10 10
32 34
36 25
21 5
16 13
18 25
16 6
37 17
35 27
36 35
0 19
32 34
21 15
26 11
36 3
31 31
32 12
37 6
26 11
14 35
3 36
4 31
37 12
7 23
0 31
18 5
29 15
9 11
8 21
9 6
13 27
34 23
35 17
17 28
14 1
8 8
22 23
35 4
33 24
9 17
9 24
21 12
14 8
25 24
19 5
7 13
18 2
12 14
3 3
31 8
11 15
1 5