390
1949
0,
1,
2,
3,
4,
5,
6,
7,
8,
9,
10,
11,
12,
13,
14,
15,
16,
17,
18,
19,
20,
21,
22,
23,
24,
25,
26,
27,
28,
29,
30,
31,
32,
33,
34,
35,
36,
37,
38,
39,
40,
41,
42,
43,
44,
45,
46,
47,
48,
49,
50,
51,
52,
53,
54,
55,
56,
57,
58,
59,
60,
61,
62,
63,
64,
65,
66,
67,
68,
69,
70,
71,
72,
73,
74,
75,
76,
77,
78,
79,
80,
81,
82,
83,
84,
85,
86,
87,
88,
89,
90,
91,
92,
93,
94,
95,
96,
97,
98,
99,
100,
101,
102,
103,
104,
105,
106,
107,
108,
109,
110,
111,
112,
113,
114,
115,
116,
117,
118,
119,
120,
121,
122,
123,
124,
125,
126,
127,
128,
129,
130,
131,
132,
133,
134,
135,
136,
137,
138,
139,
140,
141,
142,
143,
144,
145,
146,
147,
148,
149,
150,
151,
152,
153,
154,
155,
156,
157,
158,
159,
160,
161,
162,
163,
164,
165,
166,
167,
168,
169,
170,
171,
172,
173,
174,
175,
176,
177,
178,
179,
180,
181,
182,
183,
184,
185,
186,
187,
188,
189,
190,
191,
192,
193,
194,
195,
196,
197,
198,
199,
200,
201,
202,
203,
204,
205,
206,
207,
208,
209,
210,
211,
212,
213,
214,
215,
216,
217,
218,
219,
220,
221,
222,
223,
224,
225,
226,
227,
228,
229,
230,
231,
232,
233,
234,
235,
236,
237,
238,
239,
240,
241,
242,
243,
244,
245,
246,
247,
248,
249,
250,
251,
252,
253,
254,
255,
256,
257,
258,
259,
260,
261,
262,
263,
264,
265,
266,
267,
268,
269,
270,
271,
272,
273,
274,
275,
276,
277,
278,
279,
280,
281,
282,
283,
284,
285,
286,
287,
288,
289,
290,
291,
292,
293,
294,
295,
296,
297,
298,
299,
300,
301,
302,
303,
304,
305,
306,
307,
308,
309,
310,
311,
312,
313,
314,
315,
316,
317,
318,
319,
320,
321,
322,
323,
324,
325,
326,
327,
328,
329,
330,
331,
332,
333,
334,
335,
336,
337,
338,
339,
340,
341,
342,
343,
344,
345,
346,
347,
348,
349,
350,
351,
352,
353,
354,
355,
356,
357,
358,
359,
360,
361,
362,
363,
364,
365,
366,
367,
368,
369,
370,
371,
372,
373,
374,
375,
376,
377,
378,
379,
380,
381,
382,
383,
384,
385,
386,
387,
388,
389
118 281
281 78
78 1
1 302
302 298
298 54
54 83
83 10
10 7
7 128
128 28
28 358
358 287
287 73
73 81
81 327
327 322
322 215
215 162
162 99
99 2
2 26
26 356
356 134
134 84
84 276
276 164
164 214
214 129
129 190
190 280
280 294
294 236
236 146
146 165
165 352
352 297
297 251
251 258
258 34
34 319
319 265
265 160
160 198
198 132
132 57
57 312
312 197
197 149
149 112
112 100
100 303
303 245
245 231
231 286
286 295
295 188
188 82
82 41
41 380
380 16
16 20
20 342
342 255
255 210
210 4
4 74
74 3
3 19
19 141
141 362
362 355
355 225
225 87
87 365
365 102
102 131
131 18
18 37
37 107
107 232
232 15
15 32
32 139
139 275
275 185
185 263
263 29
29 292
292 388
388 218
218 307
307 347
347 256
256 350
350 314
314 223
223 40
40 182
182 220
220 346
346 194
194 135
135 293
293 180
180 109
109 159
159 137
137 262
262 124
124 226
226 76
76 348
348 332
332 316
316 153
153 324
324 363
363 237
237 233
233 227
227 320
320 254
254 150
150 248
248 186
186 11
11 351
351 181
181 370
370 259
259 372
372 241
241 313
313 369
369 310
310 133
133 35
35 33
33 261
261 199
199 63
63 86
86 161
161 178
178 384
384 367
367 79
79 257
257 148
148 192
192 361
361 338
338 368
368 211
211 24
24 21
21 266
266 89
89 318
318 247
247 204
204 44
44 156
156 193
193 171
171 140
140 166
166 349
349 53
53 59
59 196
196 50
50 375
375 48
48 31
31 212
212 172
172 246
246 213
213 203
203 274
274 104
104 282
282 353
353 38
38 323
323 9
9 222
222 238
238 289
289 101
101 325
325 25
25 92
92 264
264 103
103 345
345 66
66 201
201 60
60 271
271 309
309 158
158 155
155 179
179 331
331 177
177 360
360 376
376 208
208 202
202 374
374 138
138 170
170 113
113 143
143 93
93 389
389 240
240 184
184 94
94 17
17 334
334 308
308 373
373 219
219 145
145 65
65 344
344 326
326 105
105 267
267 291
291 126
126 45
45 340
340 144
144 268
268 230
230 176
176 305
305 378
378 306
306 114
114 183
183 12
12 277
277 239
239 382
382 234
234 321
321 283
283 55
55 47
47 386
386 119
119 243
243 121
121 8
8 336
336 36
36 27
27 56
56 108
108 337
337 90
90 96
96 51
51 122
122 299
299 75
75 49
49 117
117 335
335 52
52 364
364 120
120 224
224 279
279 244
244 278
278 216
216 95
95 366
366 381
381 64
64 67
67 296
296 330
330 58
58 70
70 147
147 85
85 209
209 72
72 61
61 39
39 68
68 14
14 163
163 217
217 242
242 71
71 377
377 252
252 97
97 339
339 317
317 221
221 206
206 5
5 42
42 169
169 311
311 249
249 195
195 62
62 69
69 168
168 328
328 253
253 288
288 80
80 91
91 315
315 23
23 260
260 6
6 173
173 341
341 136
136 167
167 22
22 333
333 357
357 189
189 329
329 154
154 300
300 359
359 157
157 110
110 235
235 88
88 383
383 379
379 0
0 290
290 111
111 273
273 116
116 385
385 187
187 285
285 387
387 46
46 269
269 174
174 354
354 301
301 229
229 43
43 152
152 200
200 106
106 77
77 371
371 142
142 304
304 30
30 191
191 13
13 115
115 127
127 123
123 207
207 284
284 228
228 343
343 151
151 270
270 125
125 130
130 98
98 272
272 175
175 205
205 250
15 268
288 331
112 98
345 226
299 177
144 166
348 107
199 210
339 345
169 159
210 367
62 101
90 226
111 251
160 284
160 169
167 155
119 352
195 387
101 87
170 181
249 382
108 92
119 14
293 326
324 164
355 338
251 266
158 80
74 116
133 57
301 86
252 198
244 65
205 224
189 371
19 330
235 334
306 288
26 53
385 313
88 37
251 72
360 120
82 228
79 211
10 21
328 139
262 164
165 6
157 76
4 218
369 377
300 196
317 351
301 259
32 359
17 248
143 197
335 5
71 46
324 277
183 379
250 222
295 293
276 121
162 384
73 156
371 210
91 211
4 6
84 213
89 141
300 321
94 125
293 94
97 203
195 63
130 159
303 363
306 376
216 5
207 166
376 224
282 281
79 170
180 203
337 181
344 180
184 257
129 258
248 47
56 64
230 212
255 4
153 95
355 175
348 257
45 130
276 349
48 74
252 135
191 118
187 298
332 185
300 382
83 4
371 281
147 118
120 189
158 280
349 32
252 192
315 246
270 179
248 185
302 389
369 195
80 131
244 178
343 238
315 346
114 272
321 23
320 349
315 15
171 219
304 82
235 23
177 78
333 190
101 65
311 316
95 383
335 42
306 217
350 375
75 261
61 62
337 2
89 180
352 205
225 246
381 258
331 106
317 349
365 64
150 106
91 126
86 347
190 355
72 286
258 71
19 221
35 286
227 39
235 45
248 129
306 48
201 266
123 348
344 29
389 300
286 329
230 114
346 374
335 4
81 268
184 119
356 218
298 254
261 173
228 164
183 264
347 196
88 219
103 17
203 200
51 282
377 231
228 147
291 145
17 103
31 248
325 186
66 314
263 173
265 358
355 388
297 134
44 189
131 139
182 178
240 204
353 381
109 261
166 205
327 296
32 282
306 9
272 113
161 293
196 67
16 190
16 348
369 64
19 88
261 307
303 0
322 137
327 257
316 145
376 318
161 27
66 122
13 167
373 275
36 207
275 220
366 287
163 355
61 207
212 230
378 53
255 8
322 281
320 88
16 286
42 211
38 270
285 307
225 258
129 143
15 197
369 119
383 47
278 172
203 88
24 44
79 365
246 181
379 368
160 208
81 223
240 341
362 78
221 19
157 338
130 178
357 108
51 197
140 264
238 181
112 296
259 113
121 257
343 292
35 40
291 174
200 124
2 346
210 211
252 385
167 181
246 265
209 101
383 38
111 331
190 217
86 318
102 372
204 351
151 145
101 350
376 298
239 112
231 85
176 14
356 112
25 96
267 142
112 336
91 365
221 14
356 245
69 121
386 264
238 56
3 230
236 89
165 55
265 215
327 266
290 44
331 275
371 259
336 358
356 193
11 42
249 156
18 199
124 165
171 135
175 379
238 111
275 349
225 322
288 183
198 76
350 164
114 348
203 291
328 212
27 251
230 200
365 118
8 354
110 45
315 361
84 279
350 351
264 319
376 260
339 117
367 9
261 98
26 342
149 0
98 114
114 87
260 388
327 359
173 22
169 140
319 220
287 211
47 20
363 324
238 382
76 101
226 288
329 389
84 48
249 52
253 385
8 54
29 375
200 272
327 268
311 249
85 69
363 37
231 187
10 42
55 136
58 285
241 128
312 310
119 68
22 87
349 35
145 96
256 361
284 210
230 352
21 296
138 249
143 381
208 8
226 6
5 40
115 325
305 263
367 163
155 278
328 165
40 229
211 54
291 17
285 297
285 242
200 140
129 384
210 241
246 242
33 37
377 209
245 199
311 370
248 207
300 335
21 285
131 310
58 295
61 129
226 311
275 312
234 218
265 325
138 271
375 106
201 389
286 88
245 153
132 336
58 38
27 75
173 262
231 365
224 67
180 114
21 368
86 85
336 168
74 250
379 379
328 169
190 20
208 351
103 207
346 352
165 235
113 259
130 243
99 344
296 384
129 346
306 222
208 146
304 79
364 196
98 114
265 292
243 247
218 139
195 141
55 240
264 378
197 89
208 237
141 88
21 191
337 22
258 111
286 127
345 9
116 243
225 224
379 241
152 153
197 88
3 292
377 312
365 183
168 327
333 351
152 366
124 286
69 147
11 366
231 153
127 211
192 302
162 313
327 184
140 160
124 31
163 163
220 323
357 54
63 252
153 185
210 310
387 286
216 276
37 378
228 135
250 360
216 56
128 355
53 27
387 249
377 243
46 21
363 244
58 31
220 3
121 19
233 150
183 266
57 58
212 302
266 244
144 292
132 308
325 260
112 296
122 34
351 234
147 127
332 91
288 73
191 202
190 81
7 24
169 60
111 210
274 51
219 76
165 337
112 342
217 75
28 306
147 213
312 302
305 182
380 330
101 89
172 362
142 332
185 175
111 207
24 240
109 344
25 266
386 294
155 243
138 76
40 77
29 16
48 48
213 296
202 171
89 265
295 376
28 342
310 196
220 144
231 55
305 150
75 353
200 350
65 32
126 74
17 141
97 146
129 280
181 373
116 12
61 266
254 253
93 9
340 303
47 257
244 153
224 46
317 295
297 329
215 171
297 136
212 324
55 66
306 52
23 161
142 91
103 292
37 43
145 50
112 267
123 372
32 50
158 184
43 257
31 294
313 36
313 173
292 57
282 70
180 33
342 99
355 89
176 146
282 190
50 254
323 194
299 159
12 111
152 95
185 382
154 272
293 30
252 228
54 231
97 269
321 320
160 144
80 204
110 388
171 333
44 373
154 71
301 20
369 122
31 367
13 158
376 168
189 181
224 260
145 135
155 233
112 370
49 63
98 129
236 261
133 389
63 296
89 18
72 140
130 185
364 293
16 82
165 139
271 187
51 112
275 303
204 336
243 289
287 368
177 155
374 214
277 84
101 301
149 224
168 336
212 9
119 166
381 108
271 227
169 133
146 1
273 298
290 67
350 156
333 284
31 362
72 5
53 25
372 215
98 4
72 206
247 314
68 307
114 91
38 366
331 45
339 4
37 370
379 158
244 370
317 0
283 110
308 67
89 196
129 326
305 123
22 52
198 333
106 106
240 7
93 19
264 155
121 268
92 108
199 1
249 260
260 233
139 302
118 263
218 341
120 58
286 66
184 121
90 126
269 37
106 238
378 298
232 66
216 305
63 161
246 29
164 151
125 131
248 330
101 335
156 113
174 245
252 244
306 224
82 192
382 205
117 268
72 307
83 110
250 84
55 84
376 208
76 136
353 77
384 116
104 313
36 268
282 300
120 155
227 270
31 97
241 190
107 152
113 147
143 362
74 7
195 355
1 362
5 113
226 269
106 121
108 250
296 140
223 43
379 274
8 44
199 5
92 98
344 358
261 121
329 154
306 358
170 183
215 217
103 157
72 368
90 18
247 213
189 333
195 322
187 162
362 364
288 50
263 184
17 312
51 359
114 297
118 96
139 114
8 45
365 220
310 323
185 338
363 28
276 96
9 145
74 28
383 72
354 258
115 19
272 383
171 298
364 227
180 227
143 134
35 136
293 163
28 144
164 45
107 389
327 380
101 342
77 356
370 291
310 52
325 304
84 12
211 76
14 63
62 362
196 370
384 157
56 221
283 190
179 274
148 286
151 295
29 338
348 124
213 305
64 286
339 91
55 198
169 228
154 121
62 380
143 11
288 52
106 168
373 366
386 104
220 179
283 304
318 147
191 105
5 115
257 120
271 153
82 90
116 226
146 70
173 25
348 210
170 325
173 304
52 345
278 253
31 129
96 269
37 245
194 214
27 105
3 137
205 374
206 337
300 124
12 121
154 87
193 306
221 369
5 50
113 258
303 284
380 280
171 97
297 201
204 15
167 22
371 319
214 177
286 361
320 35
296 153
319 202
116 50
311 386
23 164
346 41
47 160
342 361
10 132
4 52
267 166
363 246
345 165
192 350
289 333
170 299
380 306
312 173
244 357
244 230
320 233
385 231
8 170
106 227
51 257
229 340
62 262
223 332
201 1
57 236
300 388
122 298
232 147
306 317
162 110
377 190
259 280
193 27
194 38
108 177
63 316
145 239
306 261
349 220
307 0
379 4
74 164
294 29
100 51
180 353
149 259
110 197
86 188
281 205
370 67
166 22
204 327
384 352
86 183
85 49
330 50
193 253
52 48
323 116
35 327
246 3
301 162
117 228
343 215
312 44
348 372
175 310
363 249
311 279
231 299
356 88
279 39
141 185
98 120
20 102
75 201
174 196
226 388
5 167
179 161
88 172
82 348
78 254
326 7
317 341
37 305
360 14
3 114
231 373
271 181
231 94
134 125
311 15
292 134
106 346
200 21
18 117
19 30
366 335
34 48
372 146
339 289
112 2
327 133
239 218
333 146
94 260
177 144
219 44
64 334
201 123
55 239
200 236
85 360
83 247
180 3
389 320
95 33
21 13
189 108
336 201
304 147
5 231
218 74
245 87
4 334
317 241
316 66
96 100
144 5
297 149
211 368
217 244
315 199
308 175
269 198
19 324
250 366
79 193
329 326
3 149
43 157
84 93
204 181
244 267
84 9
5 149
285 278
361 248
203 335
240 239
280 105
235 313
192 158
161 119
353 219
9 348
0 276
266 295
115 136
191 156
330 330
230 1
17 48
359 169
3 292
70 128
95 384
90 372
311 152
172 126
123 82
73 124
127 46
384 14
246 49
287 32
242 166
220 21
230 46
352 243
147 284
58 168
187 283
219 50
268 73
57 84
338 199
181 234
101 332
73 77
22 82
67 239
10 388
107 314
297 63
337 284
284 311
217 280
353 215
57 132
74 30
118 205
215 358
180 266
302 21
235 117
148 149
222 34
148 191
299 16
278 239
179 192
329 349
50 89
160 313
287 356
234 34
43 71
184 279
218 302
308 240
13 343
57 77
77 152
186 155
86 367
263 389
203 82
13 88
376 376
192 128
115 191
249 139
252 142
39 14
217 284
76 208
366 116
350 137
302 31
28 30
332 374
297 92
35 211
380 12
92 384
182 101
174 121
260 110
131 152
130 65
370 338
219 124
164 86
67 204
354 7
119 316
103 19
342 250
299 344
127 245
374 99
304 270
52 178
85 182
294 335
99 367
154 323
111 265
247 176
22 3
243 242
389 327
245 335
287 298
211 283
286 3
353 0
87 333
170 266
7 47
62 367
164 348
142 130
41 273
176 380
264 253
348 249
27 382
104 198
257 175
8 6
319 255
67 286
267 301
366 191
82 251
315 162
278 80
261 138
365 224
306 162
16 71
384 174
211 225
225 319
8 129
12 223
88 146
271 280
28 369
298 385
180 52
224 148
257 5
235 109
301 236
370 115
61 224
352 170
28 352
201 312
252 111
22 51
259 12
234 140
323 3
342 263
101 183
158 35
351 365
147 388
237 344
206 272
337 77
218 375
161 66
190 134
232 199
140 70
299 207
171 194
20 368
208 114
206 159
351 47
43 192
134 78
182 119
344 23
192 389
42 293
224 360
293 301
323 358
27 211
327 47
289 93
134 275
68 301
276 227
29 289
172 152
8 234
4 116
316 318
24 346
320 74
317 159
158 2
231 126
258 378
174 241
303 57
237 198
373 277
120 262
68 328
53 269
323 369
105 242
5 76
245 86
144 184
339 173
297 197
136 48
61 373
296 47
320 144
101 248
176 354
110 309
216 227
9 266
166 24
305 338
263 150
274 377
130 55
245 105
120 220
193 87
249 222
248 260
10 70
168 89
319 362
73 317
195 341
246 260
335 339
314 178
167 124
72 87
345 39
125 110
116 39
253 159
361 78
73 166
31 319
288 320
69 279
142 344
19 49
199 140
65 78
316 34
18 89
168 328
266 93
56 34
209 60
158 62
86 266
138 247
89 171
178 131
105 110
302 197
310 132
155 176
30 229
255 304
0 23
210 196
72 287
193 67
244 154
225 238
340 180
388 148
222 94
170 163
112 313
321 82
137 306
112 327
92 306
81 364
57 9
335 328
213 343
26 55
0 292
349 45
300 12
143 130
79 98
299 27
187 34
345 212
6 118
44 209
155 167
194 106
346 297
86 369
164 179
269 108
303 268
298 244
153 172
11 78
188 89
368 127
227 158
151 347
281 387
72 205
234 194
287 35
261 61
213 333
11 168
197 214
144 81
51 3
256 218
193 174
214 356
208 295
215 164
138 145
219 354
60 178
98 311
52 344
386 28
228 70
23 88
370 128
378 219
22 118
87 25
298 271
178 267
67 38
302 249
51 315
239 166
70 349
262 84
377 187
75 323
83 29
236 192
12 136
287 293
62 123
163 350
309 121
174 352
183 218
57 322
45 195
35 327
215 22
342 179
340 14
320 38
236 130
93 219
183 386
140 2
147 103
388 198
77 360
315 56
325 203
205 0
62 386
332 54
165 149
383 292
326 158
70 117
293 97
210 125
380 153
343 166
326 108
354 380
32 276
24 305
65 35
2 306
173 112
188 328
179 47
111 296
82 237
208 375
199 74
385 174
103 264
248 354
220 316
233 96
72 127
115 94
335 352
316 248
227 66
252 346
315 267
137 144
284 185
278 274
344 72
131 355
245 235
59 142
339 25
200 201
19 246
239 135
348 139
198 355
42 116
373 157
120 250
144 202
334 335
53 326
202 143
76 384
47 162
199 262
362 19
80 152
303 70
140 339
240 100
257 263
230 13
362 41
140 379
342 156
258 346
97 354
221 113
53 388
38 297
6 339
352 252
332 213
335 199
154 253
26 74
341 312
360 368
130 242
8 137
52 260
161 86
370 258
107 216
66 167
188 63
98 120
351 338
329 203
369 358
18 187
266 280
140 350
150 55
244 237
91 104
22 23
133 216
366 304
280 18
209 263
119 120
171 188
385 345
316 339
279 318
271 171
73 96
195 306
263 157
219 118
373 302
105 142
135 221
233 241
345 115
379 71
41 292
68 344
128 50
56 206
352 97
111 104
54 342
237 46
108 371
32 351
322 43
111 24
292 258
284 87
183 371
353 37
128 370
324 32
82 268
162 218
86 255
94 169
147 128
8 307
121 282
110 322
220 111
251 268
105 339
5 65
380 83
12 312
20 211
377 217
230 386
209 163