400
1999
0,
1,
2,
3,
4,
5,
6,
7,
8,
9,
10,
11,
12,
13,
14,
15,
16,
17,
18,
19,
20,
21,
22,
23,
24,
25,
26,
27,
28,
29,
30,
31,
32,
33,
34,
35,
36,
37,
38,
39,
40,
41,
42,
43,
44,
45,
46,
47,
48,
49,
50,
51,
52,
53,
54,
55,
56,
57,
58,
59,
60,
61,
62,
63,
64,
65,
66,
67,
68,
69,
70,
71,
72,
73,
74,
75,
76,
77,
78,
79,
80,
81,
82,
83,
84,
85,
86,
87,
88,
89,
90,
91,
92,
93,
94,
95,
96,
97,
98,
99,
100,
101,
102,
103,
104,
105,
106,
107,
108,
109,
110,
111,
112,
113,
114,
115,
116,
117,
118,
119,
120,
121,
122,
123,
124,
125,
126,
127,
128,
129,
130,
131,
132,
133,
134,
135,
136,
137,
138,
139,
140,
141,
142,
143,
144,
145,
146,
147,
148,
149,
150,
151,
152,
153,
154,
155,
156,
157,
158,
159,
160,
161,
162,
163,
164,
165,
166,
167,
168,
169,
170,
171,
172,
173,
174,
175,
176,
177,
178,
179,
180,
181,
182,
183,
184,
185,
186,
187,
188,
189,
190,
191,
192,
193,
194,
195,
196,
197,
198,
199,
200,
201,
202,
203,
204,
205,
206,
207,
208,
209,
210,
211,
212,
213,
214,
215,
216,
217,
218,
219,
220,
221,
222,
223,
224,
225,
226,
227,
228,
229,
230,
231,
232,
233,
234,
235,
236,
237,
238,
239,
240,
241,
242,
243,
244,
245,
246,
247,
248,
249,
250,
251,
252,
253,
254,
255,
256,
257,
258,
259,
260,
261,
262,
263,
264,
265,
266,
267,
268,
269,
270,
271,
272,
273,
274,
275,
276,
277,
278,
279,
280,
281,
282,
283,
284,
285,
286,
287,
288,
289,
290,
291,
292,
293,
294,
295,
296,
297,
298,
299,
300,
301,
302,
303,
304,
305,
306,
307,
308,
309,
310,
311,
312,
313,
314,
315,
316,
317,
318,
319,
320,
321,
322,
323,
324,
325,
326,
327,
328,
329,
330,
331,
332,
333,
334,
335,
336,
337,
338,
339,
340,
341,
342,
343,
344,
345,
346,
347,
348,
349,
350,
351,
352,
353,
354,
355,
356,
357,
358,
359,
360,
361,
362,
363,
364,
365,
366,
367,
368,
369,
370,
371,
372,
373,
374,
375,
376,
377,
378,
379,
380,
381,
382,
383,
384,
385,
386,
387,
388,
389,
390,
391,
392,
393,
394,
395,
396,
397,
398,
399
257 7
7 76
76 2
2 293
293 40
40 72
72 392
392 73
73 359
359 208
208 363
363 399
399 65
65 225
225 295
295 254
254 197
197 120
120 217
217 162
162 10
10 128
128 325
325 343
343 80
80 155
155 289
289 369
369 361
361 265
265 170
170 233
233 74
74 331
331 115
115 212
212 386
386 196
196 190
190 323
323 42
42 4
4 1
1 189
189 356
356 199
199 301
301 307
307 172
172 287
287 32
32 18
18 78
78 319
319 273
273 390
390 91
91 105
105 92
92 368
368 299
299 43
43 168
168 320
320 290
290 205
205 150
150 371
371 98
98 46
46 318
318 214
214 136
136 86
86 0
0 222
222 24
24 264
264 377
377 8
8 315
315 370
370 61
61 129
129 163
163 262
262 122
122 380
380 37
37 143
143 321
321 158
158 259
259 101
101 100
100 328
328 44
44 256
256 204
204 108
108 132
132 216
216 71
71 55
55 276
276 64
64 41
41 139
139 388
388 137
137 94
94 175
175 187
187 277
277 107
107 70
70 200
200 261
261 165
165 210
210 365
365 229
229 96
96 56
56 372
372 109
109 30
30 258
258 69
69 221
221 203
203 121
121 283
283 152
152 83
83 317
317 255
255 130
130 89
89 39
39 234
234 393
393 81
81 375
375 309
309 154
154 250
250 248
248 332
332 251
251 104
104 126
126 82
82 87
87 227
227 184
184 13
13 52
52 246
246 271
271 85
85 231
231 247
247 296
296 173
173 67
67 79
79 151
151 19
19 3
3 394
394 384
384 49
49 29
29 142
142 223
223 188
188 235
235 176
176 146
146 385
385 252
252 166
166 243
243 329
329 274
274 281
281 352
352 201
201 305
305 326
326 75
75 230
230 279
279 268
268 322
322 50
50 113
113 14
14 324
324 195
195 245
245 291
291 57
57 141
141 339
339 99
99 34
34 127
127 23
23 242
242 144
144 310
310 312
312 16
16 314
314 25
25 58
58 340
340 66
66 308
308 178
178 220
220 304
304 244
244 202
202 269
269 186
186 6
6 355
355 171
171 147
147 149
149 215
215 267
267 387
387 344
344 364
364 226
226 298
298 53
53 236
236 117
117 379
379 240
240 48
48 33
33 300
300 177
177 292
292 338
338 148
148 36
36 211
211 84
84 360
360 302
302 167
167 280
280 38
38 164
164 391
391 218
218 383
383 191
191 341
341 112
112 237
237 263
263 378
378 376
376 316
316 303
303 357
357 88
88 213
213 311
311 395
395 169
169 278
278 26
26 253
253 351
351 118
118 207
207 282
282 103
103 347
347 54
54 206
206 12
12 111
111 59
59 63
63 396
396 28
28 286
286 161
161 114
114 77
77 153
153 348
348 21
21 45
45 35
35 367
367 194
194 297
297 179
179 219
219 97
97 133
133 284
284 138
138 90
90 125
125 123
123 313
313 193
193 288
288 156
156 22
22 145
145 31
31 373
373 5
5 249
249 11
11 192
192 110
110 182
182 239
239 160
160 294
294 336
336 266
266 272
272 389
389 334
334 9
9 232
232 345
345 362
362 131
131 382
382 119
119 124
124 327
327 102
102 174
174 349
349 337
337 358
358 180
180 185
185 47
47 241
241 62
62 95
95 374
374 15
15 116
116 17
17 275
275 398
398 354
354 366
366 157
157 346
346 306
306 60
60 159
159 228
228 381
381 134
134 93
93 140
140 20
20 350
350 135
135 238
238 353
353 209
209 181
181 68
68 285
285 397
397 260
260 183
183 27
27 198
198 224
224 330
330 270
270 51
51 342
342 335
335 333
333 106
246 115
244 336
156 207
327 387
264 280
47 194
169 28
77 369
59 178
332 348
116 79
56 103
340 398
70 262
238 291
219 257
383 163
70 366
75 3
313 242
279 374
349 390
62 378
274 263
242 201
115 96
138 332
229 375
300 394
128 84
122 42
315 332
193 4
299 255
136 146
214 313
331 88
98 179
105 300
390 216
342 122
281 244
50 12
142 51
222 249
42 248
219 278
76 239
337 103
66 194
196 337
74 313
297 326
123 33
310 258
389 384
329 114
293 139
81 191
390 209
353 206
362 268
157 210
120 178
89 74
320 378
68 50
250 121
59 213
382 42
118 221
123 108
349 241
55 120
104 159
236 291
239 206
58 157
277 49
81 128
177 343
251 168
390 270
54 182
110 23
146 66
335 130
7 377
60 265
26 138
321 116
239 399
56 344
236 376
253 169
231 292
249 209
298 295
121 106
233 65
27 355
385 276
30 349
164 346
377 83
204 382
326 132
330 56
84 143
121 81
59 211
177 180
245 132
296 221
107 183
375 207
87 38
219 95
281 141
31 209
148 6
65 250
140 330
100 109
28 78
3 299
69 76
324 287
300 37
318 141
57 128
200 206
26 167
31 321
322 386
134 100
284 215
147 330
350 296
344 95
224 203
201 342
210 244
393 308
177 141
134 113
227 369
16 385
195 281
112 363
399 102
360 105
239 266
148 71
248 173
293 285
368 75
303 338
46 19
162 349
265 341
330 371
17 96
165 69
241 168
1 317
9 105
96 52
78 211
232 287
340 242
164 149
74 44
282 332
281 197
262 163
336 151
266 4
218 377
358 108
260 166
330 1
72 160
344 252
169 62
93 73
145 8
166 249
277 207
354 172
378 57
41 141
33 270
376 223
205 385
364 130
17 60
213 13
219 215
85 282
295 218
378 306
109 315
194 67
285 191
51 250
376 180
56 78
153 121
220 252
378 282
51 104
193 43
261 100
229 317
358 0
76 189
330 295
218 355
47 190
380 86
285 145
13 377
190 50
250 195
384 351
192 137
305 323
261 185
213 398
195 15
25 32
146 282
232 392
261 40
302 355
94 170
315 217
37 116
121 140
33 150
189 103
390 166
134 244
300 311
100 141
174 198
201 308
272 198
129 190
302 381
89 232
212 253
340 370
110 120
10 138
40 146
98 145
226 61
183 328
101 276
283 356
201 19
239 333
338 353
12 248
0 126
238 325
102 313
154 158
355 83
24 368
285 202
370 399
29 164
13 177
181 159
316 272
110 260
256 14
398 301
270 73
309 362
194 89
99 286
347 61
18 27
310 158
205 207
259 217
326 304
1 222
251 123
332 183
196 249
180 143
124 342
165 63
253 351
148 227
250 78
102 30
125 4
331 192
121 195
40 12
368 113
322 71
141 334
28 383
386 59
305 55
395 236
322 90
65 325
69 33
43 388
49 395
22 318
113 22
376 312
61 82
2 13
138 306
79 3
396 289
323 137
258 301
296 326
112 244
47 3
43 128
168 6
222 208
327 358
61 335
207 160
167 363
391 255
77 325
91 127
395 262
95 87
331 352
28 127
268 375
132 290
187 43
289 191
297 364
298 139
227 206
372 352
257 247
91 315
70 124
245 44
215 357
123 390
19 245
215 128
215 371
356 363
209 86
119 233
341 393
190 206
339 49
344 335
237 394
258 230
181 169
339 166
293 163
89 142
378 79
333 230
299 245
358 102
349 208
332 318
278 292
169 398
132 283
148 113
123 2
295 104
196 345
307 61
118 319
110 161
49 131
154 360
40 14
285 327
157 285
227 141
328 318
58 368
163 179
310 42
202 386
217 64
167 133
323 37
129 346
76 104
221 307
285 301
112 266
252 215
193 340
234 275
207 288
150 370
246 58
71 335
46 392
185 56
158 5
281 25
319 398
386 69
21 284
359 83
54 144
83 354
51 351
82 98
143 6
160 368
264 82
102 84
288 21
220 42
147 296
284 76
199 87
353 93
71 127
325 251
324 259
198 309
355 184
84 28
275 270
216 121
126 244
106 383
16 357
340 260
329 241
391 164
130 300
136 274
100 175
305 159
276 348
321 140
281 80
91 148
371 37
152 303
252 47
263 372
208 241
357 84
216 357
64 204
149 241
142 158
74 76
10 253
327 275
264 13
23 73
20 239
55 43
177 121
264 57
142 47
274 206
78 75
151 73
197 274
262 144
270 241
385 43
230 367
53 29
117 227
101 42
211 344
285 174
134 11
229 114
376 289
7 211
193 375
119 249
7 134
366 220
277 382
217 274
242 187
249 57
333 149
33 201
142 231
65 73
3 355
70 8
347 308
31 206
263 205
137 383
96 62
398 384
114 225
292 86
358 252
325 302
202 332
279 271
294 14
103 231
54 17
371 194
394 338
179 344
394 153
113 186
119 293
110 17
109 82
142 29
157 308
322 198
316 173
199 295
324 334
253 370
378 182
285 386
1 49
311 249
252 117
33 80
202 238
314 243
389 36
68 106
139 157
305 290
170 175
164 18
200 307
22 375
304 257
28 381
387 223
95 137
125 383
270 13
265 165
202 236
248 134
268 220
380 317
329 63
173 93
242 326
223 99
230 360
42 178
3 274
52 8
215 359
196 120
362 41
308 279
203 350
235 103
299 104
179 378
224 92
294 73
363 360
356 20
167 165
157 65
214 238
230 56
261 396
263 336
48 379
277 317
15 315
202 367
29 101
315 206
303 6
124 111
263 229
360 185
272 66
360 190
126 196
336 256
249 318
247 259
179 67
1 222
73 270
370 296
213 376
119 308
205 56
341 372
371 295
307 314
183 357
396 313
280 38
355 320
137 247
117 96
201 241
213 377
116 291
60 311
194 92
399 114
161 129
120 221
162 76
396 181
305 358
315 168
28 48
103 166
339 369
350 228
397 344
306 292
114 162
68 332
394 0
113 286
97 368
131 256
27 22
302 339
171 276
128 270
151 75
68 130
195 346
41 169
203 13
248 33
154 282
60 291
166 196
338 399
124 216
205 254
119 21
373 57
310 162
33 29
130 358
251 365
216 302
303 26
84 361
224 34
362 253
20 397
228 7
200 120
76 254
52 396
11 42
198 304
368 27
374 211
219 61
324 181
135 375
208 96
364 69
334 270
13 232
179 362
214 192
152 356
222 81
333 157
64 73
321 378
373 126
82 368
102 215
232 260
29 321
124 238
205 355
50 353
364 25
218 347
276 88
250 38
352 218
131 371
109 18
84 294
64 245
56 117
11 165
357 333
368 179
71 9
220 183
301 123
399 399
319 181
312 83
149 358
54 279
98 12
38 65
175 184
148 279
229 393
84 104
171 250
90 125
273 59
89 286
49 206
159 146
120 54
177 393
225 267
316 56
249 176
252 313
328 213
317 285
109 56
50 81
285 265
45 94
164 101
357 207
376 106
388 213
181 224
329 158
38 329
255 356
293 204
318 94
393 278
154 234
284 222
367 317
98 81
148 372
205 94
16 191
196 20
168 19
54 236
209 127
395 343
364 354
347 144
123 386
345 247
211 175
145 95
247 114
54 248
65 102
56 71
232 259
387 66
188 128
118 253
323 95
42 176
347 369
344 76
383 133
106 384
280 214
44 54
188 116
59 197
46 145
369 163
57 21
390 359
252 32
2 227
332 206
156 206
355 307
111 357
192 34
113 368
118 80
69 382
103 37
15 241
254 82
378 339
86 248
287 129
388 321
343 229
267 254
142 348
379 114
384 191
17 328
24 334
226 50
227 266
298 41
135 220
33 172
321 10
31 292
350 126
7 322
123 122
365 254
6 127
384 53
240 391
311 258
31 394
121 62
239 206
286 328
297 294
28 374
312 305
318 103
211 37
326 186
144 316
317 25
284 234
36 11
85 55
48 152
262 14
26 323
5 37
64 25
238 267
70 129
324 383
379 226
342 229
163 110
340 45
303 332
386 40
61 212
302 32
23 259
329 241
75 279
47 9
132 45
301 80
251 301
26 374
199 307
39 259
125 86
162 186
232 354
172 31
360 38
168 4
167 285
363 42
388 240
250 66
275 197
339 256
170 27
58 256
102 152
29 116
132 174
80 90
180 386
57 62
19 122
203 264
345 91
84 238
160 214
244 350
321 390
318 120
112 340
238 365
171 58
153 230
304 259
55 262
123 359
111 215
1 363
65 104
19 29
263 308
83 173
167 93
250 378
275 49
99 314
350 293
72 29
234 127
265 15
207 319
394 387
103 108
53 192
214 180
102 305
37 227
80 337
183 386
212 374
331 95
108 338
152 194
46 158
202 137
156 260
173 236
8 144
115 208
260 283
379 144
120 283
303 282
154 336
138 242
390 101
339 261
127 171
174 393
151 354
24 232
310 31
74 305
279 114
142 354
70 314
259 393
28 58
342 53
387 394
375 156
397 166
271 305
355 304
159 49
278 128
291 31
25 349
194 280
360 92
180 114
399 204
48 261
148 141
304 139
332 112
29 17
234 340
215 156
70 187
264 80
29 264
105 152
35 278
12 362
46 98
214 108
80 131
108 186
273 169
157 126
230 398
363 164
167 195
28 362
316 118
266 377
104 160
79 386
254 176
315 340
69 25
204 26
8 31
187 44
182 284
173 220
339 111
349 0
114 325
293 330
332 380
107 0
138 106
32 64
252 197
311 264
80 330
81 144
308 105
329 155
195 49
352 189
21 309
173 286
261 238
132 258
345 328
187 369
312 197
290 388
187 88
374 123
336 265
222 62
246 266
263 314
63 371
22 357
90 391
168 46
362 309
158 202
339 92
394 338
363 333
334 147
340 163
150 56
236 144
167 176
123 223
41 237
150 109
14 254
109 106
313 64
342 198
337 107
342 378
247 59
399 290
10 357
12 269
221 151
357 99
238 192
318 364
376 54
222 49
346 83
317 51
102 338
205 82
325 291
313 103
286 253
180 62
117 212
144 131
87 234
46 300
329 235
37 202
26 57
230 57
386 58
88 131
389 203
203 234
326 160
367 390
60 340
153 111
11 65
135 47
321 10
304 142
330 72
24 329
147 397
3 80
265 183
84 30
39 380
20 54
192 236
82 345
149 118
27 86
1 270
49 201
115 270
89 80
16 354
106 144
313 80
237 206
393 81
100 72
340 369
158 263
144 311
183 205
352 277
363 189
231 283
286 40
382 364
317 87
62 342
144 234
305 340
225 279
259 102
159 248
212 92
285 126
255 247
386 349
262 221
44 220
252 323
243 332
173 286
158 38
264 258
136 217
364 225
41 146
27 153
46 215
29 262
83 230
120 37
288 153
272 361
20 100
55 196
99 65
381 348
218 0
224 116
143 244
89 129
124 26
261 227
177 383
293 175
201 243
56 97
285 394
239 219
181 93
187 3
331 115
251 93
80 128
341 323
58 298
159 131
125 69
11 91
277 182
109 129
202 40
145 214
23 283
158 35
166 43
387 192
184 66
129 60
285 237
134 68
109 234
193 90
156 280
355 317
170 299
357 138
286 272
140 194
145 34
55 306
397 209
43 77
387 216
258 359
349 28
129 121
195 370
63 354
132 130
26 264
86 14
150 275
223 353
200 397
368 381
127 71
250 231
323 267
57 146
46 312
113 66
95 133
145 321
31 62
104 223
215 375
248 81
197 91
265 151
110 180
0 298
393 241
153 190
227 361
148 250
80 57
73 341
151 10
164 305
179 219
341 31
226 262
344 42
46 169
61 56
364 365
383 183
262 153
46 37
184 259
246 195
107 41
285 148
118 163
33 49
83 102
320 14
158 198
175 237
277 69
3 33
193 271
81 335
53 205
148 209
288 75
325 377
329 212
7 385
295 205
258 354
240 362
86 76
341 5
308 81
101 14
261 126
209 115
269 277
305 82
32 196
366 140
7 374
98 256
379 378
122 32
348 310
285 70
252 287
63 281
309 136
209 271
59 392
343 71
357 104
173 76
199 241
224 175
3 289
382 12
126 166
133 168
397 69
265 263
376 187
184 252
95 165
52 299
68 290
39 353
158 324
371 184
200 132
172 30
392 230
160 20
126 230
129 45
367 16
57 53
10 66
96 178
236 218
384 13
222 159
274 379
284 186
265 89
108 121
182 96
64 254
187 153
391 222
281 111
241 292
242 71
119 350
307 323
385 12
324 351
177 387
287 329
139 195
109 277
159 159
29 152
282 319
300 274
204 328
119 137
19 213
49 197
162 184
178 219
380 206
140 86
70 76
275 222
223 8
234 274
182 354
233 38
256 384
27 115
242 186
233 256
293 203
226 86
138 229
52 52
225 80
3 374
384 214
160 245
208 275
220 245
191 331
337 377
46 54
325 293
287 260
269 287
41 336
125 7
392 125
47 120
370 351
179 79
353 198
192 38
15 218
203 309
325 152
228 356
352 18
367 376
369 197
242 218
104 179
247 387
101 287
49 163
390 163
30 99
348 82
102 368
267 83
202 299
311 120
179 177
290 134
166 368
241 156
220 14
76 20
76 172
199 250
142 301
333 187
55 194
126 236
202 247
12 59
26 66
54 379
367 20
327 68
127 176
281 375
17 157
165 280
197 108
3 151
360 344
262 311
7 184
151 218
307 2
97 335
39 243
242 192
282 209
251 351
186 43
10 352
340 278
355 196
233 37
72 198
77 322
241 222
150 54
176 64
31 355
110 142
16 378
386 233
305 229
315 253
2 57
275 337
228 271
81 2
130 70
191 132
265 161
200 196
288 258
237 241
290 107
335 207
374 367
396 287
30 394
41 101
107 335
264 159
131 65
243 397
271 55
45 392
239 173
303 394
333 26
90 240
40 349
262 97
97 314
42 48
8 115
161 228
345 250
152 47
73 364
365 376
214 294
24 356
7 102
12 12
17 262
260 145
288 347
25 369
208 120
74 15
63 283
312 164
294 365
219 182
195 207
243 284
362 35
125 43
56 300
200 241
239 388
323 167
103 71
22 274
116 77
1 379
264 21
117 343
139 271
166 153
176 317
165 196
185 368
314 60
384 60
156 288
230 150
202 168
228 100
342 290
234 172
339 181
69 332
360 294
50 363
45 273
18 99
91 219
357 270
286 286
79 91
305 359
110 58
95 280
289 218
182 16
344 211
20 104
352 146
134 325
267 151
131 245
228 268
275 164
41 162
291 249
182 325
0 8
49 340
211 299
358 109
312 187
21 151
133 336
251 99
302 55
364 5
388 105
367 387
249 370
133 239
236 229
42 125
362 233
397 297
74 299