40
199
0,
1,
2,
3,
4,
5,
6,
7,
8,
9,
10,
11,
12,
13,
14,
15,
16,
17,
18,
19,
20,
21,
22,
23,
24,
25,
26,
27,
28,
29,
30,
31,
32,
33,
34,
35,
36,
37,
38,
39
15 31
31 27
27 37
37 23
23 38
38 34
34 35
35 13
13 20
20 7
7 22
22 24
24 16
16 25
25 5
5 26
26 11
11 32
32 9
9 2
2 0
0 36
36 33
33 19
19 30
30 3
3 39
39 1
1 8
8 28
28 4
4 6
6 17
17 12
12 14
14 21
21 18
18 29
29 10
12 9
0 34
21 26
2 14
3 0
33 26
2 3
36 15
1 7
33 1
33 9
19 15
39 1
22 28
0 33
5 18
36 7
19 26
1 26
21 3
15 10
9 12
29 27
21 30
22 26
21 33
38 3
27 17
23 37
1 10
39 28
21 31
13 33
28 30
18 30
6 20
17 16
17 1
33 5
16 1
24 9
37 22
34 14
28 31
28 37
24 7
30 3
30 16
5 35
3 3
24 20
17 22
2 4
8 39
39 19
25 38
20 19
33 3
21 18
17 3
27 25
26 25
32 37
30 26
24 22
14 2
24 10
31 13
37 36
2 27
31 33
1 29
25 7
17 14
35 10
33 1
22 33
32 8
0 6
2 11
16 39
26 24
4 32
9 21
0 13
18 24
7 9
2 7
34 8
0 36
2 12
7 22
16 30
32 11
2 35
24 1
26 13
25 11
36 0
18 3
34 16
19 14
22 26
32 26
29 8
33 23
17 29
32 3
4 12
10 21
35 31
13 30
10 35
28 32
24 15
11 29
24 38
0 11
22 35
29 30
8 3
21 28
6 37
1 16
3 34
36 24
8 21
3 23
10 2
29 2
22 35
6 2
14 25
25 10
0 28
5 2
21 17
31 18
35 21
0 2
35 1
4 25
9 24
36 27
20 15
14 23
9 29
33 10
35 29
39 1
21 4
11 25
27 10
16 4
15 31
33 7
20 25
24 9
30 11
18 12