410
2049
0,
1,
2,
3,
4,
5,
6,
7,
8,
9,
10,
11,
12,
13,
14,
15,
16,
17,
18,
19,
20,
21,
22,
23,
24,
25,
26,
27,
28,
29,
30,
31,
32,
33,
34,
35,
36,
37,
38,
39,
40,
41,
42,
43,
44,
45,
46,
47,
48,
49,
50,
51,
52,
53,
54,
55,
56,
57,
58,
59,
60,
61,
62,
63,
64,
65,
66,
67,
68,
69,
70,
71,
72,
73,
74,
75,
76,
77,
78,
79,
80,
81,
82,
83,
84,
85,
86,
87,
88,
89,
90,
91,
92,
93,
94,
95,
96,
97,
98,
99,
100,
101,
102,
103,
104,
105,
106,
107,
108,
109,
110,
111,
112,
113,
114,
115,
116,
117,
118,
119,
120,
121,
122,
123,
124,
125,
126,
127,
128,
129,
130,
131,
132,
133,
134,
135,
136,
137,
138,
139,
140,
141,
142,
143,
144,
145,
146,
147,
148,
149,
150,
151,
152,
153,
154,
155,
156,
157,
158,
159,
160,
161,
162,
163,
164,
165,
166,
167,
168,
169,
170,
171,
172,
173,
174,
175,
176,
177,
178,
179,
180,
181,
182,
183,
184,
185,
186,
187,
188,
189,
190,
191,
192,
193,
194,
195,
196,
197,
198,
199,
200,
201,
202,
203,
204,
205,
206,
207,
208,
209,
210,
211,
212,
213,
214,
215,
216,
217,
218,
219,
220,
221,
222,
223,
224,
225,
226,
227,
228,
229,
230,
231,
232,
233,
234,
235,
236,
237,
238,
239,
240,
241,
242,
243,
244,
245,
246,
247,
248,
249,
250,
251,
252,
253,
254,
255,
256,
257,
258,
259,
260,
261,
262,
263,
264,
265,
266,
267,
268,
269,
270,
271,
272,
273,
274,
275,
276,
277,
278,
279,
280,
281,
282,
283,
284,
285,
286,
287,
288,
289,
290,
291,
292,
293,
294,
295,
296,
297,
298,
299,
300,
301,
302,
303,
304,
305,
306,
307,
308,
309,
310,
311,
312,
313,
314,
315,
316,
317,
318,
319,
320,
321,
322,
323,
324,
325,
326,
327,
328,
329,
330,
331,
332,
333,
334,
335,
336,
337,
338,
339,
340,
341,
342,
343,
344,
345,
346,
347,
348,
349,
350,
351,
352,
353,
354,
355,
356,
357,
358,
359,
360,
361,
362,
363,
364,
365,
366,
367,
368,
369,
370,
371,
372,
373,
374,
375,
376,
377,
378,
379,
380,
381,
382,
383,
384,
385,
386,
387,
388,
389,
390,
391,
392,
393,
394,
395,
396,
397,
398,
399,
400,
401,
402,
403,
404,
405,
406,
407,
408,
409
279 174
174 178
178 233
233 405
405 52
52 286
286 220
220 278
278 231
231 41
41 143
143 4
4 290
290 5
5 57
57 215
215 211
211 171
171 308
308 45
45 12
12 311
311 35
35 298
298 112
112 104
104 18
18 7
7 335
335 32
32 327
327 160
160 114
114 334
334 161
161 105
105 223
223 295
295 58
58 380
380 396
396 379
379 87
87 98
98 388
388 385
385 93
93 188
188 43
43 111
111 38
38 382
382 403
403 256
256 394
394 305
305 299
299 359
359 377
377 2
2 85
85 103
103 253
253 321
321 371
371 225
225 346
346 184
184 31
31 251
251 81
81 274
274 332
332 29
29 137
137 121
121 37
37 69
69 90
90 127
127 338
338 95
95 134
134 374
374 303
303 24
24 252
252 276
276 291
291 367
367 363
363 250
250 304
304 176
176 210
210 357
357 20
20 265
265 392
392 97
97 212
212 192
192 181
181 247
247 322
322 170
170 183
183 261
261 17
17 262
262 330
330 336
336 282
282 354
354 401
401 393
393 372
372 243
243 68
68 318
318 218
218 74
74 118
118 106
106 88
88 384
384 241
241 314
314 370
370 244
244 386
386 254
254 292
292 23
23 364
364 325
325 72
72 399
399 89
89 239
239 288
288 116
116 271
271 133
133 205
205 272
272 248
248 270
270 165
165 122
122 96
96 66
66 297
297 28
28 316
316 356
356 221
221 123
123 75
75 42
42 164
164 242
242 155
155 101
101 110
110 329
329 281
281 130
130 136
136 387
387 77
77 358
358 36
36 260
260 216
216 283
283 117
117 59
59 226
226 339
339 0
0 30
30 249
249 390
390 169
169 40
40 139
139 373
373 67
67 125
125 141
141 194
194 80
80 15
15 324
324 217
217 92
92 51
51 238
238 166
166 391
391 198
198 378
378 200
200 201
201 144
144 351
351 209
209 345
345 275
275 185
185 138
138 341
341 39
39 369
369 280
280 323
323 19
19 366
366 14
14 326
326 73
73 115
115 109
109 25
25 202
202 381
381 107
107 142
142 21
21 331
331 273
273 302
302 353
353 145
145 83
83 47
47 255
255 398
398 296
296 395
395 13
13 27
27 196
196 228
228 206
206 400
400 119
119 328
328 234
234 245
245 177
177 173
173 182
182 348
348 289
289 312
312 56
56 126
126 213
213 124
124 62
62 294
294 55
55 300
300 383
383 34
34 129
129 408
408 33
33 156
156 71
71 172
172 229
229 309
309 406
406 79
79 240
240 60
60 246
246 70
70 208
208 268
268 284
284 227
227 340
340 154
154 343
343 404
404 102
102 307
307 65
65 131
131 337
337 287
287 360
360 199
199 267
267 48
48 409
409 368
368 214
214 179
179 293
293 64
64 189
189 186
186 207
207 269
269 277
277 135
135 310
310 146
146 162
162 49
49 100
100 257
257 204
204 1
1 402
402 232
232 120
120 82
82 128
128 9
9 352
352 147
147 159
159 342
342 355
355 197
197 86
86 349
349 350
350 61
61 26
26 99
99 22
22 190
190 317
317 6
6 301
301 148
148 84
84 16
16 313
313 53
53 230
230 149
149 44
44 11
11 76
76 150
150 259
259 153
153 361
361 175
175 264
264 50
50 347
347 151
151 285
285 191
191 187
187 132
132 222
222 407
407 63
63 397
397 235
235 78
78 157
157 203
203 236
236 180
180 376
376 389
389 113
113 344
344 46
46 263
263 320
320 158
158 10
10 258
258 8
8 365
365 195
195 375
375 266
266 306
306 319
319 167
167 168
168 163
163 140
140 193
193 219
219 333
333 315
315 94
94 237
237 3
3 108
108 362
362 224
224 54
54 91
91 152
54 176
191 175
291 215
300 277
136 3
351 363
26 233
333 118
69 288
311 118
92 337
158 322
283 187
63 198
286 103
100 71
260 167
261 317
85 55
203 152
82 112
194 252
72 134
142 165
101 347
408 214
119 296
354 354
193 375
92 128
325 137
392 171
39 404
211 371
341 344
303 333
370 223
233 35
396 268
62 145
311 21
397 99
11 238
265 214
171 90
2 222
26 121
37 341
190 145
73 22
67 347
264 403
75 297
307 249
188 9
285 292
37 43
346 246
213 24
196 1
258 114
376 81
96 22
84 36
193 132
28 95
175 199
364 316
374 6
88 39
202 194
256 91
379 273
184 230
348 149
287 118
158 89
299 46
306 164
210 239
249 192
344 369
192 116
17 63
48 361
366 265
375 21
154 162
84 214
373 389
247 159
389 18
409 70
240 158
404 115
76 207
61 284
210 200
102 169
216 222
29 204
406 3
162 312
333 125
234 67
22 226
262 341
134 290
272 258
132 330
210 210
207 152
318 151
393 167
353 12
284 53
134 233
281 213
349 47
306 156
386 391
240 72
3 394
221 24
335 112
48 184
42 110
333 265
326 205
288 140
394 285
57 39
282 241
181 129
103 134
381 337
278 19
301 88
402 102
343 261
23 29
258 269
124 300
333 5
3 344
380 245
101 371
162 77
179 224
335 82
307 36
321 61
354 8
224 146
398 18
295 202
192 21
151 119
314 61
151 1
254 388
408 156
130 204
101 80
382 92
400 162
140 45
105 97
107 109
107 52
70 191
329 236
167 105
377 244
196 10
219 284
265 308
106 203
128 138
244 300
294 282
76 245
375 169
230 40
51 127
205 93
194 165
64 237
193 367
82 37
356 361
254 135
340 107
197 289
359 310
44 393
81 206
350 379
265 273
170 327
12 354
255 377
318 62
85 183
316 362
355 198
175 267
202 61
291 95
126 296
304 111
60 315
219 119
181 173
221 372
353 314
358 106
165 178
257 259
240 359
105 247
50 318
71 64
348 76
393 315
391 366
5 94
61 156
116 223
222 245
320 220
263 194
386 338
82 350
109 267
267 321
357 179
366 378
361 217
322 372
384 112
222 219
348 111
299 125
107 99
65 277
39 90
22 41
349 226
341 276
250 279
365 101
384 101
147 97
337 299
196 67
249 367
129 184
250 251
234 246
363 303
323 382
105 62
284 67
95 69
100 269
40 219
366 325
271 358
78 112
123 240
315 266
141 297
88 95
99 94
133 8
309 1
333 66
116 72
357 270
82 355
72 236
325 167
25 356
204 306
166 351
277 77
30 146
253 295
180 122
61 8
211 207
116 300
151 72
174 11
179 270
368 393
91 157
32 362
318 219
198 287
159 180
87 213
14 117
45 357
6 130
306 221
97 149
89 82
86 213
300 406
299 403
267 246
286 153
195 177
277 236
383 308
155 26
328 322
195 30
123 407
174 12
23 83
255 71
140 321
327 167
12 125
116 193
310 74
170 70
181 218
361 66
154 304
44 238
203 271
214 225
262 274
24 196
47 370
344 136
351 292
180 179
398 28
215 114
406 52
260 307
122 402
193 90
103 272
45 27
10 407
200 270
285 44
148 370
316 103
252 273
389 344
171 115
108 403
347 377
170 343
371 84
395 380
379 170
306 251
337 165
297 176
373 153
317 395
244 383
285 209
219 298
20 330
54 333
319 376
196 370
28 271
359 132
296 231
44 351
24 61
5 91
112 245
77 311
81 357
313 67
160 94
37 57
17 185
101 312
351 102
252 284
248 253
404 338
118 361
174 214
138 101
282 173
151 217
197 20
61 51
235 268
320 119
132 251
315 28
218 189
140 147
38 334
82 358
388 324
3 61
335 357
4 120
392 364
135 310
74 353
312 246
264 299
367 124
112 286
223 87
72 292
1 350
320 349
230 345
309 192
116 64
163 332
243 208
184 319
242 208
82 213
56 82
407 190
385 244
305 399
349 69
321 55
122 95
123 223
192 209
130 118
404 145
265 349
194 149
66 258
400 389
282 68
77 302
210 106
203 232
236 135
318 267
219 318
81 120
0 338
59 12
10 139
352 359
75 354
365 343
58 169
318 332
226 16
408 51
390 162
127 308
127 398
27 171
141 11
166 48
395 121
207 55
409 323
133 81
240 120
232 225
216 36
83 228
360 400
201 135
276 260
111 87
36 328
191 173
218 144
103 392
18 247
402 320
315 364
249 251
387 182
10 211
97 216
142 65
181 350
193 64
368 125
365 142
393 169
229 241
18 192
159 103
235 365
366 279
350 67
94 352
263 56
314 289
314 381
333 148
102 292
0 182
5 101
115 301
73 93
400 364
171 58
340 401
178 42
354 128
359 166
287 371
353 341
258 392
23 184
340 151
220 79
5 275
204 372
307 135
63 55
78 408
357 324
58 230
301 331
168 272
372 0
294 96
168 376
379 216
290 310
14 13
100 119
116 43
116 121
81 227
101 333
366 38
55 228
385 227
284 148
189 64
330 311
116 303
225 255
99 302
331 336
383 302
192 139
294 254
239 94
403 70
167 367
189 257
39 98
73 164
367 336
259 225
105 40
46 282
381 48
405 251
192 293
107 316
254 227
112 391
174 298
331 287
49 47
164 92
18 140
341 332
5 17
291 323
406 23
9 187
113 7
302 23
289 24
272 193
179 155
203 161
55 146
80 130
387 314
37 51
347 1
162 408
39 160
65 291
153 237
129 54
339 1
17 266
131 390
112 163
86 333
173 305
353 10
159 270
394 8
401 151
209 251
101 165
16 176
74 322
367 355
158 74
47 222
123 165
293 295
9 161
371 58
294 397
392 65
260 120
224 130
211 334
113 191
283 182
214 185
261 22
365 199
83 109
174 294
48 376
330 398
368 383
40 119
277 93
270 14
188 84
228 141
310 4
193 366
112 260
196 4
263 82
221 155
224 8
193 140
115 75
317 65
99 89
174 110
217 332
137 373
343 25
157 41
113 113
82 104
141 51
254 109
75 312
277 130
340 188
137 372
263 381
268 170
69 254
336 297
281 267
406 80
179 89
302 271
298 134
325 401
224 313
322 212
62 391
249 366
257 401
63 59
282 239
60 107
85 109
320 387
172 103
398 394
225 370
346 186
2 403
151 97
293 252
101 155
130 106
105 81
154 404
215 38
370 399
92 26
334 49
137 269
81 112
175 75
124 309
367 242
261 304
215 232
398 329
10 330
87 283
214 270
330 408
204 156
203 356
320 53
290 355
380 190
305 109
91 221
334 125
189 315
102 200
241 169
365 180
357 316
218 7
111 320
352 205
301 394
42 385
171 109
189 47
251 182
229 300
256 119
321 121
92 290
363 275
368 207
150 54
204 24
346 4
337 264
45 124
97 176
15 289
182 60
210 312
141 197
313 350
230 58
301 257
159 161
207 157
206 52
262 286
344 244
344 308
79 140
156 260
196 409
185 205
399 353
20 48
74 362
357 384
221 43
135 72
177 47
15 238
79 178
408 273
150 86
288 376
204 19
71 30
179 123
226 101
240 136
243 259
375 109
374 256
101 308
60 46
186 178
156 31
7 347
140 396
402 162
270 126
237 213
129 404
162 383
118 147
54 74
216 300
309 196
78 348
381 92
31 278
352 195
46 404
336 41
376 108
323 234
12 391
300 56
183 370
19 27
382 119
337 108
23 141
245 311
89 38
215 235
77 83
400 87
401 167
168 35
65 390
237 120
377 181
196 337
295 372
52 56
90 176
184 393
239 286
231 407
216 346
57 129
21 89
274 8
96 171
394 322
260 235
240 56
353 348
2 194
306 80
150 404
65 168
10 151
326 186
81 401
124 370
212 207
99 191
188 181
374 399
1 22
349 272
210 281
105 99
260 127
221 22
33 128
40 149
158 246
137 0
88 269
314 138
398 156
28 339
105 131
22 89
220 389
332 284
130 318
65 94
164 298
181 398
127 361
376 362
341 22
193 143
256 127
267 253
358 400
341 98
371 175
48 299
150 233
5 300
149 107
376 108
225 10
301 303
278 407
401 273
161 77
324 4
404 71
370 385
229 6
401 115
205 357
199 339
78 126
110 60
55 243
38 172
292 64
215 327
378 123
309 167
199 343
329 365
48 59
303 10
241 374
230 69
161 359
228 182
278 20
317 402
267 226
164 240
384 178
118 378
333 238
119 343
375 54
135 101
13 181
31 160
258 251
147 317
239 72
298 154
306 71
399 130
150 199
7 96
272 68
15 16
252 334
1 278
55 317
245 329
312 25
191 209
83 349
398 33
23 149
2 151
119 378
350 109
336 369
55 77
144 121
109 120
204 396
227 135
234 408
133 222
302 383
361 221
406 387
150 47
312 317
325 262
313 98
116 174
345 49
111 250
63 253
181 242
103 295
30 379
219 323
213 336
130 77
210 176
287 202
127 305
55 286
42 129
267 307
212 208
103 310
234 209
279 58
390 133
355 385
212 371
280 179
202 143
352 76
172 383
15 204
6 302
68 170
338 155
93 241
22 194
263 280
300 77
255 361
180 28
278 83
88 142
285 284
382 395
317 97
41 22
75 88
255 27
331 160
269 108
308 339
399 246
160 385
127 145
103 130
298 121
355 406
315 187
255 287
299 214
400 263
382 29
130 388
74 251
29 80
63 354
197 87
324 61
50 83
19 288
280 357
10 197
256 70
46 6
169 358
197 161
306 280
278 93
315 300
149 137
66 238
244 126
216 307
111 301
327 52
354 121
247 181
174 317
253 374
109 66
371 64
178 195
217 314
156 347
121 249
121 270
209 285
137 340
339 93
376 406
95 313
289 89
164 233
408 408
400 333
387 375
125 355
249 53
232 402
203 47
62 391
312 75
134 306
314 191
40 319
261 274
400 54
354 357
298 88
393 328
380 59
234 17
182 30
259 187
103 198
195 16
4 124
366 355
71 398
152 184
96 190
116 367
100 65
177 396
406 23
366 334
8 326
409 406
292 225
9 238
19 31
259 253
25 97
371 259
373 235
264 265
406 35
2 401
165 223
85 59
282 262
372 193
239 298
186 158
382 162
265 338
87 380
28 331
118 18
201 330
204 13
215 326
226 221
343 220
159 400
244 146
29 202
268 190
99 354
406 368
277 356
313 113
243 305
220 73
253 257
103 111
370 85
169 21
93 234
150 218
234 47
192 36
272 211
56 284
339 391
253 407
298 285
191 49
303 261
65 319
62 338
317 86
66 201
44 158
369 214
408 332
255 262
364 32
123 72
394 317
334 365
118 324
367 81
189 45
66 131
132 222
382 212
54 309
125 173
41 191
175 136
185 129
361 257
193 159
47 211
292 316
233 364
192 367
178 202
338 76
2 24
349 45
271 106
360 297
143 136
235 214
165 117
299 73
330 42
138 77
349 343
254 330
282 303
327 134
58 40
17 176
85 322
68 185
51 170
360 28
151 124
369 274
145 377
95 312
57 38
330 39
154 80
351 224
237 152
181 297
147 381
140 164
137 390
189 114
277 166
275 177
173 156
199 94
264 101
316 262
158 5
80 256
347 338
154 372
203 390
18 293
377 0
320 143
194 392
383 142
306 165
181 55
146 306
303 272
382 374
207 239
97 406
231 310
161 293
286 83
354 348
390 289
20 154
244 392
280 236
29 260
127 295
81 305
379 131
409 54
28 226
200 36
240 281
383 124
5 371
17 217
180 363
133 362
181 330
60 380
3 352
220 365
101 72
101 199
349 409
142 198
167 30
259 282
199 6
164 351
271 208
163 40
0 169
62 190
392 145
187 125
43 130
371 68
121 177
312 223
356 264
4 159
354 20
347 124
37 402
13 281
78 36
385 241
98 84
214 157
118 84
169 201
62 212
405 83
309 294
398 188
227 238
391 176
176 65
328 69
325 284
289 148
357 75
6 41
177 289
102 78
264 61
224 133
46 308
64 159
297 58
34 332
66 62
278 397
310 119
191 107
396 252
5 256
122 108
276 350
268 180
291 134
273 351
37 72
123 322
42 369
226 371
244 35
383 218
269 101
56 244
270 48
377 304
23 69
175 133
373 239
41 95
48 77
123 86
200 107
86 219
361 331
354 31
221 85
290 205
220 310
225 85
65 125
191 251
321 236
344 311
104 263
339 340
403 312
309 339
347 17
119 129
50 156
327 20
209 212
23 268
56 2
395 230
329 226
191 364
7 328
322 139
90 331
264 378
363 362
304 244
94 127
330 260
142 383
144 99
385 322
345 93
120 368
341 147
382 138
283 28
22 320
373 389
239 287
274 208
392 125
248 18
224 314
61 17
366 109
113 89
61 326
133 116
299 214
238 134
161 75
386 259
150 403
231 173
165 210
317 45
162 362
17 324
181 145
248 148
409 80
315 15
379 172
358 263
171 71
143 199
235 379
192 160
273 220
5 220
251 33
108 12
156 166
403 159
21 364
314 370
206 381
250 6
363 77
13 130
213 63
219 372
10 82
66 285
202 288
204 280
49 376
321 231
312 193
165 379
4 324
47 361
188 130
89 384
18 159
17 141
51 400
120 159
357 229
251 85
277 228
49 341
356 205
37 370
358 158
147 271
302 312
204 355
40 317
136 27
107 106
64 21
142 65
285 50
384 307
147 302
135 309
107 281
346 316
409 50
391 231
332 319
359 317
341 106
322 220
299 384
228 129
373 132
325 386
116 210
269 400
256 246
211 83
304 225
336 395
362 315
242 6
238 351
382 164
309 238
117 243
53 142
367 17
290 288
26 394
345 27
164 65
69 159
136 314
5 49
354 169
382 122
105 360
308 409
144 227
158 45
175 289
147 46
158 404
337 135
297 214
12 308
30 131
70 169
6 221
282 101
296 208
257 386
189 185
117 13
357 197
283 340
348 365
289 29
18 257
169 382
212 130
52 101
193 262
177 304
206 379
306 113
341 38
24 30
218 95
136 160
91 292
309 172
37 308
318 232
23 215
386 354
402 57
75 33
368 343
23 223
238 12
223 119
67 366
393 89
183 403
151 75
304 346
15 284
364 397
287 45
116 167
366 187
111 139
7 282
319 272
337 334
57 251
263 346
8 158
272 160
69 61
198 56
318 317
199 340
280 102
20 8
377 35
248 344
272 312
300 336
279 94
299 299
224 324
271 330
83 393
12 391
342 203
30 59
245 52
57 206
236 27
97 48
285 402
100 105
138 52
362 229
343 409
405 154
128 131
276 27
269 53
285 182
409 400
329 143
187 333
231 40
212 405
70 313
279 388
121 57
388 91
345 96
319 294
365 38
87 23
191 107
391 325
321 2
135 263
141 388
147 211
188 56
339 188
198 165
116 212
162 345
353 139
19 133
143 223
39 189
83 241
88 119
339 265
222 154
139 404
359 161
233 349
77 34
190 122
85 25
38 179
358 308
280 171
124 382
266 268
276 85