420
2099
0,
1,
2,
3,
4,
5,
6,
7,
8,
9,
10,
11,
12,
13,
14,
15,
16,
17,
18,
19,
20,
21,
22,
23,
24,
25,
26,
27,
28,
29,
30,
31,
32,
33,
34,
35,
36,
37,
38,
39,
40,
41,
42,
43,
44,
45,
46,
47,
48,
49,
50,
51,
52,
53,
54,
55,
56,
57,
58,
59,
60,
61,
62,
63,
64,
65,
66,
67,
68,
69,
70,
71,
72,
73,
74,
75,
76,
77,
78,
79,
80,
81,
82,
83,
84,
85,
86,
87,
88,
89,
90,
91,
92,
93,
94,
95,
96,
97,
98,
99,
100,
101,
102,
103,
104,
105,
106,
107,
108,
109,
110,
111,
112,
113,
114,
115,
116,
117,
118,
119,
120,
121,
122,
123,
124,
125,
126,
127,
128,
129,
130,
131,
132,
133,
134,
135,
136,
137,
138,
139,
140,
141,
142,
143,
144,
145,
146,
147,
148,
149,
150,
151,
152,
153,
154,
155,
156,
157,
158,
159,
160,
161,
162,
163,
164,
165,
166,
167,
168,
169,
170,
171,
172,
173,
174,
175,
176,
177,
178,
179,
180,
181,
182,
183,
184,
185,
186,
187,
188,
189,
190,
191,
192,
193,
194,
195,
196,
197,
198,
199,
200,
201,
202,
203,
204,
205,
206,
207,
208,
209,
210,
211,
212,
213,
214,
215,
216,
217,
218,
219,
220,
221,
222,
223,
224,
225,
226,
227,
228,
229,
230,
231,
232,
233,
234,
235,
236,
237,
238,
239,
240,
241,
242,
243,
244,
245,
246,
247,
248,
249,
250,
251,
252,
253,
254,
255,
256,
257,
258,
259,
260,
261,
262,
263,
264,
265,
266,
267,
268,
269,
270,
271,
272,
273,
274,
275,
276,
277,
278,
279,
280,
281,
282,
283,
284,
285,
286,
287,
288,
289,
290,
291,
292,
293,
294,
295,
296,
297,
298,
299,
300,
301,
302,
303,
304,
305,
306,
307,
308,
309,
310,
311,
312,
313,
314,
315,
316,
317,
318,
319,
320,
321,
322,
323,
324,
325,
326,
327,
328,
329,
330,
331,
332,
333,
334,
335,
336,
337,
338,
339,
340,
341,
342,
343,
344,
345,
346,
347,
348,
349,
350,
351,
352,
353,
354,
355,
356,
357,
358,
359,
360,
361,
362,
363,
364,
365,
366,
367,
368,
369,
370,
371,
372,
373,
374,
375,
376,
377,
378,
379,
380,
381,
382,
383,
384,
385,
386,
387,
388,
389,
390,
391,
392,
393,
394,
395,
396,
397,
398,
399,
400,
401,
402,
403,
404,
405,
406,
407,
408,
409,
410,
411,
412,
413,
414,
415,
416,
417,
418,
419
315 101
101 345
345 185
185 138
138 3
3 375
375 263
263 171
171 57
57 228
228 119
119 286
286 398
398 77
77 39
39 376
376 215
215 245
245 340
340 295
295 243
243 282
282 264
264 24
24 242
242 234
234 327
327 418
418 92
92 170
170 356
356 382
382 32
32 104
104 413
413 313
313 385
385 107
107 129
129 341
341 305
305 280
280 58
58 300
300 250
250 67
67 335
335 262
262 278
278 272
272 227
227 143
143 199
199 271
271 117
117 193
193 84
84 61
61 241
241 324
324 212
212 6
6 70
70 136
136 168
168 293
293 189
189 362
362 68
68 81
81 148
148 130
130 386
386 367
367 333
333 2
2 91
91 210
210 181
181 235
235 317
317 110
110 369
369 194
194 383
383 89
89 259
259 71
71 131
131 329
329 357
357 63
63 297
297 394
394 83
83 144
144 184
184 400
400 52
52 296
296 16
16 105
105 417
417 174
174 267
267 158
158 371
371 100
100 93
93 221
221 261
261 391
391 102
102 318
318 390
390 206
206 294
294 405
405 351
351 5
5 399
399 8
8 23
23 291
291 298
298 269
269 411
411 364
364 195
195 370
370 253
253 387
387 164
164 141
141 160
160 137
137 140
140 159
159 239
239 134
134 396
396 338
338 208
208 156
156 344
344 266
266 346
346 45
45 316
316 214
214 46
46 113
113 265
265 121
121 108
108 233
233 354
354 255
255 339
339 274
274 116
116 87
87 11
11 380
380 353
353 337
337 323
323 133
133 147
147 161
161 361
361 412
412 109
109 123
123 50
50 308
308 20
20 80
80 54
54 114
114 401
401 175
175 153
153 95
95 409
409 290
290 22
22 258
258 363
363 408
408 191
191 415
415 273
273 257
257 75
75 165
165 78
78 342
342 355
355 268
268 15
15 176
176 328
328 88
88 0
0 60
60 395
395 334
334 145
145 275
275 372
372 359
359 183
183 303
303 173
173 69
69 85
85 65
65 211
211 96
96 177
177 111
111 82
82 128
128 149
149 204
204 276
276 292
292 38
38 17
17 182
182 115
115 76
76 252
252 397
397 152
152 142
142 307
307 187
187 12
12 209
209 270
270 325
325 326
326 384
384 392
392 64
64 301
301 151
151 314
314 86
86 139
139 59
59 99
99 162
162 260
260 19
19 26
26 48
48 225
225 21
21 347
347 336
336 237
237 414
414 368
368 163
163 304
304 381
381 352
352 288
288 226
226 283
283 126
126 219
219 10
10 343
343 419
419 254
254 127
127 320
320 43
43 284
284 66
66 205
205 25
25 319
319 201
201 240
240 220
220 281
281 223
223 285
285 310
310 13
13 122
122 30
30 7
7 402
402 330
330 166
166 42
42 238
238 279
279 406
406 287
287 79
79 378
378 388
388 33
33 360
360 55
55 28
28 389
389 309
309 146
146 410
410 135
135 103
103 331
331 236
236 404
404 393
393 377
377 44
44 169
169 34
34 299
299 231
231 72
72 132
132 249
249 27
27 4
4 224
224 217
217 172
172 321
321 202
202 190
190 18
18 62
62 374
374 120
120 373
373 196
196 322
322 51
51 49
49 218
218 289
289 407
407 229
229 47
47 247
247 251
251 332
332 179
179 416
416 256
256 216
216 36
36 37
37 197
197 97
97 112
112 188
188 311
311 118
118 150
150 167
167 155
155 232
232 56
56 40
40 14
14 207
207 41
41 350
350 178
178 244
244 306
306 157
157 200
200 348
348 154
154 403
403 1
1 248
248 358
358 246
246 35
35 9
9 312
312 192
192 125
125 365
365 98
98 124
124 90
90 198
198 180
180 94
94 302
302 73
73 29
29 349
349 53
53 186
186 277
277 31
31 74
74 366
366 230
230 203
203 379
379 222
222 106
106 213
239 178
0 337
7 333
271 134
405 170
341 27
321 367
316 401
380 323
400 28
235 60
162 71
104 175
172 200
302 127
108 141
185 322
78 91
388 184
129 68
226 175
193 148
230 72
288 155
217 72
142 82
143 275
324 229
303 71
232 150
8 2
133 58
300 240
26 85
153 30
89 296
416 384
47 186
193 77
153 373
223 201
190 147
308 261
396 298
327 8
47 59
211 322
330 10
406 384
264 231
41 388
223 232
263 286
208 184
251 85
87 287
125 47
139 182
309 146
160 191
217 287
382 124
386 200
33 204
155 100
391 376
76 184
66 183
337 206
85 39
200 33
25 185
374 142
138 196
178 338
267 8
296 255
144 313
38 310
253 155
345 276
266 124
250 122
337 204
276 322
290 230
92 262
354 197
197 169
266 93
247 265
122 179
27 285
32 58
176 40
20 303
70 375
219 419
275 13
333 195
273 152
342 268
402 279
264 379
270 210
75 163
358 125
22 142
111 270
301 84
52 29
166 123
167 136
23 141
279 357
385 228
61 187
55 267
26 65
167 43
221 335
69 333
326 289
303 19
325 94
165 367
162 203
84 105
258 68
324 234
112 59
88 70
276 402
337 227
279 40
218 321
161 226
72 127
223 13
191 308
34 260
382 367
122 31
79 209
405 89
316 242
169 146
217 92
45 353
22 207
217 263
166 127
262 330
229 316
256 416
360 302
12 11
148 405
339 40
175 278
20 141
9 314
273 92
26 59
233 298
323 381
58 316
120 196
366 10
410 147
235 41
297 406
260 307
382 201
419 116
319 267
113 343
411 56
98 4
111 316
193 310
66 165
59 312
345 22
116 307
181 124
190 186
77 101
275 180
113 394
173 46
118 259
241 95
237 48
153 285
150 83
29 151
164 20
292 274
343 49
47 339
267 48
283 172
299 101
306 362
414 15
166 290
348 2
98 26
322 388
387 343
25 23
334 134
164 340
169 340
346 167
381 405
32 309
324 238
88 411
342 161
157 362
264 231
264 338
365 74
395 253
289 94
273 140
381 317
185 39
18 20
378 71
12 363
374 73
255 130
323 96
388 101
236 219
42 7
91 345
195 153
25 189
258 215
168 54
7 163
1 49
233 214
340 35
329 120
167 85
73 406
239 343
415 170
281 373
355 70
44 204
252 381
339 410
400 271
171 118
57 106
192 71
112 115
106 231
171 263
137 259
254 193
139 60
270 222
31 386
137 213
331 17
204 308
349 148
414 99
130 191
117 110
293 333
71 165
316 249
253 340
310 302
238 338
199 19
163 289
123 160
294 413
199 230
400 267
278 171
380 416
284 45
14 152
218 399
79 62
390 136
81 402
352 245
176 118
312 387
35 264
99 230
35 366
12 366
205 305
3 86
59 385
146 359
274 31
181 264
84 355
373 41
166 372
94 285
86 21
31 399
294 326
146 16
189 312
268 196
277 100
390 117
327 377
100 236
171 282
362 238
172 307
191 101
166 20
419 332
117 266
211 308
46 178
256 125
346 60
265 220
204 220
239 251
225 140
312 80
40 290
383 299
32 201
406 309
330 204
192 55
91 196
402 88
413 175
23 306
220 236
195 372
34 101
195 102
50 178
195 224
357 289
119 334
76 339
405 63
17 42
409 107
252 311
143 291
176 186
174 325
249 26
390 417
32 299
392 54
318 365
315 409
267 267
73 335
27 358
360 79
274 150
167 346
71 221
222 83
79 112
255 307
364 418
17 165
108 45
50 93
162 181
208 34
36 135
377 220
275 169
134 103
62 179
216 207
36 320
358 285
199 63
236 410
82 389
223 242
263 26
248 189
196 266
258 103
404 255
216 374
115 12
398 362
406 132
143 222
405 347
391 210
83 343
207 123
241 272
382 190
320 10
362 285
368 355
185 338
273 272
177 86
298 399
418 26
186 295
375 71
305 216
304 249
184 267
161 140
404 217
250 376
403 312
117 196
377 136
286 133
407 124
190 121
249 9
27 262
301 339
93 181
191 126
10 12
31 377
154 275
370 220
31 290
292 69
247 290
298 21
354 252
183 396
214 81
372 103
101 157
69 179
9 90
143 165
262 1
66 115
310 256
61 80
201 221
404 280
180 299
330 182
94 344
363 56
93 159
219 273
131 310
111 210
405 116
393 223
178 311
17 139
405 26
173 178
249 197
127 89
395 411
274 286
134 159
234 45
82 405
133 104
227 265
137 256
149 262
84 389
239 410
75 12
348 287
63 110
372 60
217 294
360 352
326 187
78 330
119 63
308 274
334 298
156 155
41 153
179 265
184 144
286 188
307 266
352 111
240 276
350 123
68 172
73 272
256 264
179 221
335 104
333 234
351 296
28 108
118 105
145 91
0 61
342 410
408 417
315 367
151 244
87 319
198 242
362 193
201 70
107 18
177 157
122 176
49 35
58 102
196 216
54 217
179 384
413 23
63 162
270 268
387 331
320 322
111 316
281 74
36 292
166 413
51 328
88 352
225 296
205 209
79 380
397 83
348 182
138 44
415 44
4 252
418 74
180 256
290 85
113 127
70 91
388 276
294 65
279 36
312 45
171 386
228 64
105 180
98 296
84 96
195 188
107 335
280 341
62 151
296 360
87 335
108 79
191 317
231 164
118 124
294 405
83 195
241 77
147 193
414 293
366 75
299 33
234 333
195 2
74 220
181 167
71 154
290 50
172 418
254 380
199 9
305 97
165 8
269 73
226 62
231 235
266 194
304 166
231 355
57 417
382 269
325 307
124 351
208 386
272 3
32 173
239 260
25 158
217 87
326 205
27 134
320 348
409 45
151 195
394 252
372 57
369 187
384 103
189 302
76 110
176 279
302 338
362 208
336 6
205 379
368 384
143 56
171 57
72 109
146 254
387 282
72 34
7 288
213 414
73 379
82 56
350 155
292 79
128 115
374 267
357 117
145 56
27 182
284 119
183 23
178 294
106 277
336 357
117 233
263 348
358 397
286 23
261 36
307 12
335 92
312 89
200 359
278 415
18 219
370 7
14 259
80 177
245 40
293 314
400 152
306 216
219 394
170 273
249 227
212 244
339 408
42 142
216 407
39 224
401 247
56 292
257 193
169 22
398 251
326 2
306 239
416 158
108 110
64 87
225 358
48 57
188 87
274 231
311 314
414 406
109 229
37 17
212 354
64 280
236 93
325 416
22 316
366 299
100 108
4 98
146 115
308 224
254 210
114 4
54 113
366 78
99 165
203 294
67 239
324 186
61 391
281 79
217 356
226 264
84 166
8 159
155 415
330 141
59 411
341 56
118 49
299 406
82 65
215 268
154 36
378 19
359 263
226 206
402 377
19 46
253 366
402 185
111 250
106 322
232 95
345 131
199 379
166 315
310 220
315 258
142 225
207 228
236 15
95 282
410 160
168 227
93 37
381 144
86 45
259 163
121 23
40 91
227 173
125 18
186 306
16 184
29 214
57 213
50 115
373 378
150 288
42 85
296 47
408 384
60 142
26 91
328 189
34 300
138 88
49 383
141 202
94 397
372 227
331 305
17 237
0 156
325 196
113 122
134 414
203 359
187 129
168 365
159 67
121 31
4 335
9 283
35 283
194 157
304 310
419 208
415 109
398 297
100 44
132 281
320 292
37 302
12 319
354 173
222 120
380 288
101 394
236 123
9 186
222 329
259 146
402 228
331 69
21 207
22 281
269 287
5 357
42 319
332 298
408 22
223 3
146 352
4 5
339 362
268 252
251 46
388 261
327 416
18 130
208 377
418 387
140 342
338 319
368 418
336 61
354 101
134 286
114 42
334 108
268 222
418 197
120 416
36 48
335 179
270 318
196 92
157 250
181 374
317 7
34 176
294 246
261 160
350 409
159 324
100 136
166 416
154 240
356 331
97 155
189 399
353 292
210 210
88 240
17 49
235 397
194 285
25 383
310 230
320 9
36 373
346 237
177 382
7 57
250 359
300 364
49 130
129 265
297 360
365 167
32 319
65 166
95 119
139 276
96 274
236 168
344 172
379 213
277 205
354 290
69 159
346 383
225 395
418 71
234 200
319 72
418 373
123 257
237 278
334 103
61 238
416 328
155 4
253 94
382 386
82 316
227 158
175 358
332 76
176 103
279 25
202 49
133 280
399 216
324 349
367 241
388 332
16 95
401 236
127 314
2 376
202 360
112 403
324 416
84 397
307 164
217 182
214 291
315 27
185 175
147 182
131 158
327 229
161 385
230 294
169 255
43 157
372 371
215 329
416 22
239 124
122 59
389 405
173 306
401 127
162 195
107 172
26 101
37 74
39 182
244 359
36 135
278 201
272 138
125 315
356 241
265 151
168 6
201 89
305 337
401 151
250 34
386 17
329 364
392 145
286 372
340 406
393 232
419 266
198 169
132 341
227 26
254 38
327 361
276 129
113 197
158 149
286 371
141 281
366 69
369 334
143 78
60 356
167 229
233 187
184 390
360 327
39 235
67 276
100 161
368 306
121 180
322 279
15 161
237 295
75 276
125 250
203 340
171 85
370 53
270 91
109 353
278 386
69 403
268 168
26 354
168 258
204 347
128 48
389 118
14 337
38 211
297 19
102 285
127 189
87 329
329 11
204 37
99 333
203 365
102 404
171 373
358 404
333 321
133 165
241 65
262 366
262 306
320 133
387 356
137 187
359 144
132 267
346 310
381 98
68 75
130 311
378 51
70 308
245 276
339 303
172 260
337 36
21 381
91 306
294 357
15 335
373 273
358 168
99 354
161 31
315 210
285 248
172 307
329 276
368 237
262 354
243 273
296 38
277 115
20 227
309 91
309 16
355 360
121 48
37 90
401 283
192 398
225 352
1 83
155 417
376 307
184 348
134 2
315 246
32 145
94 146
332 363
150 391
386 190
303 392
48 263
379 159
70 352
161 175
28 306
372 90
108 64
301 214
338 120
63 75
130 6
187 331
117 256
134 92
281 37
94 122
154 35
69 267
13 105
142 395
15 91
43 349
381 225
213 118
45 215
181 21
213 134
243 413
81 4
61 418
152 332
324 353
341 274
355 134
108 215
87 97
164 159
278 416
219 387
113 342
167 397
157 142
126 273
199 74
70 335
79 81
323 126
338 34
251 45
96 371
214 384
194 337
99 314
164 370
298 127
243 109
128 352
270 186
318 100
297 11
208 66
13 201
144 330
314 42
345 370
239 19
398 314
195 51
148 193
103 107
171 375
173 396
3 134
303 175
378 259
396 394
218 123
359 2
365 291
364 220
321 282
80 2
4 344
126 365
371 315
267 138
309 396
204 85
403 188
338 252
63 193
341 155
272 273
39 288
136 264
209 117
378 18
241 38
394 129
220 413
36 167
111 364
32 183
203 250
243 40
275 78
133 148
400 347
377 407
349 341
318 215
324 302
128 99
230 190
12 230
192 358
48 248
264 223
177 361
75 200
241 45
116 258
260 94
396 250
123 80
323 396
276 225
47 272
300 403
135 226
195 237
99 324
183 198
27 77
126 152
322 153
289 260
21 352
43 237
96 382
39 155
335 322
190 104
233 33
213 252
209 183
400 150
153 21
394 301
373 302
221 337
353 178
259 396
87 188
163 7
10 184
247 246
21 279
8 158
155 289
106 120
115 70
288 135
130 102
275 77
211 11
398 375
223 71
1 306
214 340
300 167
17 35
180 20
19 294
276 33
305 127
132 344
365 408
174 306
96 223
48 226
84 172
212 419
236 268
407 192
53 29
218 160
75 118
377 197
2 10
55 292
262 100
368 185
174 158
221 158
199 377
183 102
239 18
244 393
33 173
370 39
333 73
263 1
337 164
218 171
242 2
372 392
51 303
407 330
219 271
118 140
114 259
395 183
274 62
64 10
230 299
143 131
418 308
163 117
252 138
343 132
75 410
322 333
46 72
381 238
340 55
243 34
402 54
380 405
323 280
225 284
75 292
131 238
355 135
351 139
154 362
363 333
39 418
106 387
57 92
110 233
76 339
71 27
80 29
122 297
205 236
120 336
260 142
346 177
273 308
222 363
245 373
240 24
304 233
56 237
61 18
273 173
250 283
69 199
176 311
26 413
9 407
215 19
273 363
413 232
378 273
247 16
216 391
67 291
5 359
285 358
359 413
400 195
160 292
8 98
157 269
11 58
66 71
203 389
204 356
78 388
389 237
176 190
185 7
77 20
323 43
113 1
139 230
30 323
160 250
41 310
132 90
240 9
71 9
180 11
133 186
364 402
327 132
323 259
385 383
100 115
77 322
112 176
147 173
355 284
142 234
65 331
148 128
238 291
344 93
33 12
33 300
154 97
138 314
124 265
135 207
268 249
110 24
105 235
218 290
338 274
131 332
266 56
118 297
234 304
25 153
233 70
149 182
275 28
290 286
408 95
152 92
290 161
382 41
385 256
412 104
280 404
117 117
54 380
289 153
326 373
42 46
380 248
360 409
113 147
27 230
200 398
63 61
172 347
275 394
35 184
30 267
399 161
5 171
188 98
85 264
109 122
235 114
330 123
43 321
273 168
396 120
346 318
391 239
309 246
151 121
90 151
222 301
4 3
382 249
342 414
393 172
326 148
19 414
294 332
42 298
293 179
70 392
347 363
42 130
147 322
224 251
301 149
325 68
88 275
210 258
85 243
387 396
58 236
188 90
227 26
286 50
92 209
313 361
282 172
0 330
78 143
174 378
86 341
184 25
36 152
411 105
45 152
198 333
398 48
263 10
227 5
264 156
303 197
310 344
41 331
37 117
385 322
12 318
193 209
44 118
322 231
201 122
8 108
338 39
302 289
221 167
410 314
166 127
388 300
289 142
84 31
226 116
246 360
138 128
342 396
7 258
217 185
218 73
377 216
348 6
47 71
167 271
17 229
339 12
160 177
368 398
253 73
390 53
172 380
107 15
260 236
339 168
377 182
348 354
292 350
30 108
373 53
294 370
116 182
67 413
348 140
414 229
115 144
339 97
203 230
165 27
228 210
186 161
407 42
134 380
307 95
292 136
337 22
306 162
309 138
388 278
334 282
370 51
371 383
137 214
76 354
14 86
155 379
88 259
174 305
10 209
17 298
158 220
201 289
115 245
31 52
374 16
84 309
270 208
282 200
231 129
248 413
417 388
276 170
357 192
413 383
375 112
144 184
304 208
154 245
103 91
122 234
220 38
350 327
178 237
415 259
348 33
234 374
152 348
291 121
181 316
321 273
287 172
392 334
124 359
277 325
409 276
359 55
346 202
35 87
393 50
112 188
352 313
417 207
145 356
259 40
304 229
22 46
301 37
294 168
134 291
383 169
166 112
127 270
5 143
103 335
70 398
251 268
360 140
23 235
89 86
190 234
91 227
351 222
252 304
119 74
189 198
355 231
52 308
317 235
164 374
246 241
216 221
359 222
229 37
399 381
36 140
97 277
75 334
200 214
58 76
362 213
165 352
253 332
72 99
417 382
115 246
317 277
265 288
213 173
150 413
195 160
136 129
390 27
252 43
71 55
27 281
318 229
284 94
261 190
161 13
138 88
311 237
386 387
307 198
185 46
345 268
108 301
290 168
56 139
78 128
86 180
412 341
279 14
10 327
48 154
384 347
107 376