42
209
0,
1,
2,
3,
4,
5,
6,
7,
8,
9,
10,
11,
12,
13,
14,
15,
16,
17,
18,
19,
20,
21,
22,
23,
24,
25,
26,
27,
28,
29,
30,
31,
32,
33,
34,
35,
36,
37,
38,
39,
40,
41
30 21
21 7
7 15
15 24
24 36
36 23
23 31
31 26
26 3
3 17
17 13
13 19
19 25
25 14
14 28
28 32
32 5
5 12
12 10
10 16
16 41
41 11
11 39
39 29
29 9
9 20
20 8
8 1
1 18
18 35
35 22
22 6
6 0
0 38
38 37
37 33
33 27
27 34
34 4
4 2
2 40
22 11
34 30
39 36
36 21
6 6
11 26
2 37
11 41
38 2
30 20
13 22
5 35
22 38
6 30
3 1
1 30
8 14
20 18
18 30
27 24
3 1
36 30
33 37
21 26
28 9
1 10
39 2
34 17
13 10
34 16
24 18
8 24
19 17
12 4
24 9
38 2
7 13
33 35
22 13
30 26
15 34
13 35
6 41
26 13
3 18
25 6
17 9
24 17
39 24
12 33
32 14
32 1
32 38
11 39
1 3
9 38
4 3
0 30
30 7
27 14
2 16
30 5
35 39
37 17
4 15
8 24
37 11
4 33
7 36
10 10
23 17
11 28
26 27
23 41
9 16
31 36
35 18
6 10
28 5
41 9
38 37
23 23
23 10
4 37
16 12
9 30
41 14
12 39
11 15
34 7
7 22
15 1
9 9
32 20
35 19
20 1
8 40
20 27
3 0
40 4
22 13
30 14
17 37
32 34
24 5
29 11
4 10
3 15
31 17
36 1
9 29
9 21
24 1
34 5
23 25
28 29
0 16
0 22
21 26
39 41
28 7
1 25
2 40
21 11
33 34
38 11
24 30
41 38
31 12
25 16
35 20
23 34
19 22
16 3
8 36
3 5
29 13
31 4
34 21
19 5
41 39
17 37
28 18
35 6
38 0
37 28
8 15
34 11
23 37
11 15
24 24
11 23
12 22
4 34
23 17
31 20
23 40
27 38
28 39
16 38
28 39
3 29
19 27
9 19
1 36
39 6
35 16
31 35