430
2149
0,
1,
2,
3,
4,
5,
6,
7,
8,
9,
10,
11,
12,
13,
14,
15,
16,
17,
18,
19,
20,
21,
22,
23,
24,
25,
26,
27,
28,
29,
30,
31,
32,
33,
34,
35,
36,
37,
38,
39,
40,
41,
42,
43,
44,
45,
46,
47,
48,
49,
50,
51,
52,
53,
54,
55,
56,
57,
58,
59,
60,
61,
62,
63,
64,
65,
66,
67,
68,
69,
70,
71,
72,
73,
74,
75,
76,
77,
78,
79,
80,
81,
82,
83,
84,
85,
86,
87,
88,
89,
90,
91,
92,
93,
94,
95,
96,
97,
98,
99,
100,
101,
102,
103,
104,
105,
106,
107,
108,
109,
110,
111,
112,
113,
114,
115,
116,
117,
118,
119,
120,
121,
122,
123,
124,
125,
126,
127,
128,
129,
130,
131,
132,
133,
134,
135,
136,
137,
138,
139,
140,
141,
142,
143,
144,
145,
146,
147,
148,
149,
150,
151,
152,
153,
154,
155,
156,
157,
158,
159,
160,
161,
162,
163,
164,
165,
166,
167,
168,
169,
170,
171,
172,
173,
174,
175,
176,
177,
178,
179,
180,
181,
182,
183,
184,
185,
186,
187,
188,
189,
190,
191,
192,
193,
194,
195,
196,
197,
198,
199,
200,
201,
202,
203,
204,
205,
206,
207,
208,
209,
210,
211,
212,
213,
214,
215,
216,
217,
218,
219,
220,
221,
222,
223,
224,
225,
226,
227,
228,
229,
230,
231,
232,
233,
234,
235,
236,
237,
238,
239,
240,
241,
242,
243,
244,
245,
246,
247,
248,
249,
250,
251,
252,
253,
254,
255,
256,
257,
258,
259,
260,
261,
262,
263,
264,
265,
266,
267,
268,
269,
270,
271,
272,
273,
274,
275,
276,
277,
278,
279,
280,
281,
282,
283,
284,
285,
286,
287,
288,
289,
290,
291,
292,
293,
294,
295,
296,
297,
298,
299,
300,
301,
302,
303,
304,
305,
306,
307,
308,
309,
310,
311,
312,
313,
314,
315,
316,
317,
318,
319,
320,
321,
322,
323,
324,
325,
326,
327,
328,
329,
330,
331,
332,
333,
334,
335,
336,
337,
338,
339,
340,
341,
342,
343,
344,
345,
346,
347,
348,
349,
350,
351,
352,
353,
354,
355,
356,
357,
358,
359,
360,
361,
362,
363,
364,
365,
366,
367,
368,
369,
370,
371,
372,
373,
374,
375,
376,
377,
378,
379,
380,
381,
382,
383,
384,
385,
386,
387,
388,
389,
390,
391,
392,
393,
394,
395,
396,
397,
398,
399,
400,
401,
402,
403,
404,
405,
406,
407,
408,
409,
410,
411,
412,
413,
414,
415,
416,
417,
418,
419,
420,
421,
422,
423,
424,
425,
426,
427,
428,
429
107 51
51 423
423 100
100 413
413 286
286 89
89 252
252 291
291 325
325 17
17 138
138 31
31 36
36 79
79 406
406 316
316 180
180 164
164 232
232 157
157 382
382 384
384 146
146 69
69 28
28 191
191 300
300 296
296 163
163 186
186 207
207 378
378 326
326 111
111 267
267 295
295 145
145 154
154 360
360 208
208 395
395 197
197 1
1 27
27 247
247 127
127 172
172 427
427 11
11 86
86 143
143 43
43 404
404 420
420 128
128 156
156 183
183 310
310 320
320 278
278 162
162 342
342 262
262 375
375 256
256 255
255 174
174 114
114 91
91 147
147 50
50 409
409 112
112 87
87 187
187 95
95 229
229 292
292 401
401 328
328 335
335 332
332 322
322 260
260 390
390 44
44 344
344 165
165 313
313 230
230 349
349 414
414 264
264 341
341 110
110 269
269 56
56 131
131 169
169 272
272 14
14 151
151 7
7 259
259 250
250 201
201 155
155 45
45 210
210 416
416 133
133 241
241 173
173 68
68 248
248 37
37 26
26 29
29 281
281 48
48 178
178 418
418 388
388 78
78 209
209 104
104 364
364 52
52 171
171 290
290 72
72 412
412 351
351 41
41 94
94 22
22 73
73 214
214 113
113 140
140 370
370 221
221 254
254 261
261 161
161 212
212 275
275 213
213 67
67 97
97 399
399 294
294 279
279 398
398 363
363 365
365 167
167 122
122 6
6 224
224 71
71 9
9 339
339 377
377 379
379 190
190 80
80 84
84 181
181 216
216 166
166 49
49 195
195 253
253 405
405 317
317 101
101 119
119 42
42 20
20 411
411 135
135 288
288 376
376 106
106 70
70 105
105 63
63 298
298 318
318 329
329 18
18 217
217 428
428 139
139 277
277 233
233 280
280 321
321 102
102 76
76 270
270 303
303 324
324 134
134 118
118 374
374 25
25 354
354 371
371 385
385 108
108 383
383 2
2 311
311 355
355 419
419 333
333 83
83 115
115 159
159 132
132 92
92 196
196 367
367 103
103 24
24 268
268 215
215 245
245 136
136 345
345 74
74 235
235 23
23 348
348 176
176 15
15 81
81 343
343 8
8 194
194 265
265 85
85 394
394 10
10 366
366 240
240 314
314 141
141 142
142 120
120 368
368 336
336 35
35 226
226 425
425 58
58 152
152 330
330 66
66 228
228 315
315 202
202 424
424 61
61 393
393 60
60 121
121 249
249 55
55 116
116 283
283 179
179 137
137 211
211 222
222 402
402 158
158 319
319 244
244 263
263 192
192 21
21 62
62 276
276 200
200 243
243 30
30 64
64 312
312 293
293 4
4 417
417 251
251 96
96 306
306 403
403 323
323 16
16 160
160 57
57 327
327 126
126 32
32 33
33 150
150 170
170 284
284 227
227 396
396 82
82 19
19 358
358 148
148 236
236 273
273 38
38 149
149 218
218 361
361 422
422 304
304 3
3 305
305 271
271 98
98 54
54 381
381 198
198 12
12 347
347 204
204 238
238 189
189 231
231 13
13 199
199 246
246 153
153 46
46 391
391 287
287 285
285 205
205 99
99 184
184 125
125 77
77 220
220 168
168 387
387 239
239 223
223 334
334 117
117 234
234 299
299 309
309 389
389 206
206 144
144 203
203 219
219 123
123 34
34 257
257 340
340 407
407 426
426 429
429 386
386 302
302 237
237 301
301 188
188 346
346 369
369 75
75 39
39 225
225 350
350 297
297 359
359 88
88 47
47 357
357 331
331 397
397 282
282 400
400 372
372 93
93 130
130 242
242 338
338 266
266 185
185 109
109 175
175 307
307 356
356 392
392 353
353 410
410 40
40 408
408 337
337 352
352 415
415 258
258 193
193 274
274 421
421 308
308 5
5 182
182 0
0 53
53 124
124 380
380 90
90 362
362 177
177 65
65 59
59 373
373 289
289 129
116 242
369 351
57 273
117 157
30 195
209 424
1 240
271 166
323 331
322 243
367 75
295 237
329 390
367 226
14 49
358 133
314 30
6 310
296 359
429 339
24 94
222 99
20 283
129 22
203 104
412 254
153 90
391 206
407 290
81 157
405 135
427 183
257 301
117 303
342 122
132 116
235 156
92 51
37 328
366 355
46 296
389 282
373 220
347 97
427 218
231 226
8 293
81 32
395 371
136 278
146 76
315 86
279 200
145 240
364 140
281 344
402 48
236 393
259 265
343 234
168 131
370 172
183 212
269 228
111 242
107 26
398 142
111 48
349 308
317 408
234 210
177 288
237 281
143 391
79 197
313 134
200 22
203 339
228 80
365 191
376 330
1 423
302 92
84 191
320 56
24 104
50 232
325 255
32 277
14 142
230 233
80 305
5 281
297 360
1 214
262 362
161 257
98 173
366 338
426 350
25 189
174 112
415 92
31 13
301 381
244 284
401 237
55 352
91 181
299 148
230 375
8 130
335 153
277 414
212 95
23 214
239 234
163 244
409 201
423 113
258 324
231 273
181 402
196 35
352 348
207 26
398 228
227 79
392 402
107 250
152 267
161 135
210 107
16 427
370 128
178 204
298 4
261 345
194 374
118 330
275 139
427 373
344 118
301 429
97 181
212 197
185 342
93 366
57 39
26 238
149 154
125 173
5 252
41 281
347 244
152 414
106 103
343 378
43 23
145 182
94 137
65 78
158 157
169 424
6 105
68 399
27 68
40 8
62 215
22 58
354 321
256 321
254 209
0 148
53 212
265 65
193 170
410 59
83 265
274 286
25 203
276 201
241 259
144 69
370 133
97 224
14 179
221 422
238 130
116 280
342 8
301 20
233 183
46 248
203 328
421 362
5 375
318 115
97 4
203 213
52 302
410 265
58 408
187 75
324 288
178 106
2 284
94 293
7 82
276 179
173 335
56 311
390 70
137 265
402 23
176 178
88 98
47 353
277 211
44 281
250 41
256 166
230 6
195 363
9 191
304 274
87 355
324 103
57 251
0 80
21 171
286 354
117 413
348 417
73 352
283 423
350 413
395 69
400 61
326 17
128 74
21 132
384 107
290 201
278 337
3 25
402 36
175 170
225 209
36 189
236 263
383 69
167 155
126 307
170 35
170 122
232 287
313 176
207 140
113 271
138 360
267 337
159 248
391 37
220 240
55 232
366 141
171 282
218 142
62 167
14 422
107 15
403 169
31 312
169 275
132 250
87 249
0 208
179 357
69 372
22 159
251 244
215 378
300 43
356 239
148 153
9 263
353 31
130 269
161 413
57 397
51 343
132 165
102 67
33 160
380 393
333 321
345 60
344 427
78 245
288 289
368 221
69 415
319 55
347 177
309 334
21 70
48 347
81 235
370 358
32 85
424 366
129 197
403 155
361 300
262 37
350 146
426 410
253 244
265 83
275 160
10 317
96 309
403 100
313 43
423 114
191 20
64 91
139 383
362 411
353 288
415 76
221 242
64 312
31 83
315 316
337 55
194 185
232 213
358 335
171 200
83 163
62 3
106 271
74 124
266 39
405 103
251 237
80 233
218 382
337 70
162 63
245 414
282 138
112 129
185 394
236 273
208 279
317 18
65 241
181 343
110 173
307 171
143 310
176 402
109 152
3 330
171 197
40 130
53 18
77 103
153 396
229 400
426 144
337 284
59 156
363 99
418 184
89 400
6 64
91 375
381 287
184 132
368 11
57 204
276 349
206 251
92 56
350 173
272 133
427 16
157 405
370 252
258 196
397 88
29 195
389 309
341 110
265 7
302 159
227 203
396 136
128 174
47 9
43 116
85 36
265 393
69 131
37 103
75 237
201 369
36 328
102 81
335 216
158 116
111 7
21 370
64 274
349 355
405 189
415 158
158 411
405 94
105 176
85 43
135 49
107 399
346 205
134 407
386 425
160 254
213 217
158 154
282 13
373 40
217 385
349 76
94 133
277 74
377 85
426 365
163 169
275 301
305 246
147 56
41 210
147 290
385 314
156 426
221 287
278 76
427 99
359 289
110 360
86 102
167 192
20 422
182 224
24 119
132 288
128 34
166 104
8 368
420 25
116 171
226 178
214 77
385 242
34 369
367 315
257 67
67 95
372 398
29 389
341 130
341 110
382 144
259 237
426 216
262 36
385 254
212 172
344 183
131 418
362 289
125 6
192 82
218 216
387 62
189 139
167 14
10 376
328 186
173 204
281 89
354 17
322 165
262 212
400 282
222 190
355 381
96 377
405 13
116 35
34 161
184 395
46 298
330 157
322 101
202 179
159 183
167 300
86 153
208 28
337 48
117 48
361 110
366 90
382 334
391 406
175 13
231 287
13 100
218 213
287 246
45 289
275 9
121 347
22 414
83 117
332 265
125 172
314 86
7 140
301 116
207 191
385 235
89 363
301 289
426 52
400 9
162 376
374 85
249 117
48 253
218 83
107 267
97 340
249 429
144 336
141 196
305 221
377 300
39 260
79 48
417 220
301 245
169 393
16 277
29 57
129 119
237 336
363 323
124 118
355 345
338 38
156 328
258 233
227 358
129 309
180 122
332 296
176 429
50 12
291 111
402 350
227 143
73 351
113 78
302 337
418 5
383 14
289 428
96 134
79 348
212 278
231 309
38 242
148 60
168 136
104 177
243 3
268 28
55 232
159 188
192 231
276 70
102 331
10 263
169 428
84 90
112 413
82 81
221 138
270 350
361 246
189 318
78 205
123 137
357 47
46 42
373 111
418 23
340 153
423 90
125 368
390 330
386 111
316 340
335 313
326 268
270 305
397 163
270 350
240 379
326 203
161 70
249 332
29 62
413 218
407 348
306 147
394 346
63 280
343 175
290 191
49 366
93 371
135 91
388 49
210 354
184 22
230 382
203 191
407 132
58 387
295 328
183 118
299 37
57 357
320 88
408 398
295 221
69 200
424 277
21 206
147 101
232 327
358 123
103 75
216 295
95 203
171 300
18 402
388 101
55 238
162 315
115 148
57 237
325 93
384 424
1 13
306 59
125 217
47 51
273 283
179 373
168 276
53 167
410 360
3 420
286 71
217 167
254 42
266 369
427 44
27 263
14 147
402 32
118 101
298 34
99 429
74 2
220 70
58 230
107 201
318 298
95 396
332 105
324 307
9 115
8 296
142 76
217 371
54 301
72 182
205 106
311 400
178 35
258 198
316 183
293 208
358 225
382 106
19 68
147 346
58 160
271 34
354 287
113 283
410 378
32 113
286 370
45 367
170 107
114 106
421 416
114 52
239 342
291 407
223 32
335 111
177 223
143 313
15 262
265 22
91 385
191 7
250 165
68 196
321 119
212 287
128 117
262 44
364 262
196 280
130 267
119 43
171 20
265 289
376 391
382 26
373 237
47 329
46 173
237 271
37 253
200 325
217 96
400 81
272 190
70 98
154 100
267 149
347 106
34 329
20 399
180 54
256 419
25 358
28 74
268 6
373 410
270 244
39 315
127 74
337 315
102 204
178 267
315 72
328 106
41 148
58 91
355 75
26 149
87 146
383 179
124 367
61 211
407 129
85 205
66 36
288 323
380 325
331 378
330 40
239 82
34 420
300 354
368 427
192 204
317 211
182 342
394 412
298 317
216 281
258 269
294 107
384 404
262 203
219 168
25 226
272 292
120 250
337 349
182 9
354 316
196 296
412 104
216 106
95 308
308 261
185 86
316 246
326 51
196 300
359 31
25 264
357 112
161 237
355 308
122 301
132 388
369 343
238 69
349 273
415 51
99 37
161 427
370 292
194 185
207 73
89 162
88 315
415 134
418 230
376 232
307 91
309 412
171 250
162 345
370 26
261 86
5 281
207 154
13 80
190 328
396 284
124 40
2 270
81 208
297 138
386 292
382 368
0 199
65 385
251 376
198 297
417 179
206 353
335 218
57 51
227 382
224 320
300 362
8 403
285 243
109 190
376 339
33 101
416 143
85 213
379 110
10 36
86 404
89 285
253 300
421 396
419 400
423 172
417 16
83 282
218 209
286 197
398 283
92 180
217 176
366 138
5 78
34 201
347 292
88 195
287 116
385 251
2 298
218 354
269 406
58 346
92 162
212 357
358 256
17 280
224 83
156 245
380 387
331 39
338 71
389 127
274 56
114 416
396 59
106 221
55 307
49 42
254 344
110 385
307 359
163 71
12 161
207 279
316 191
264 219
180 253
169 360
353 125
317 323
242 141
314 46
40 12
185 242
353 406
164 238
318 57
181 192
75 44
41 78
149 295
253 25
380 322
87 89
222 16
413 76
389 45
88 73
123 213
122 297
294 41
280 52
114 377
208 27
12 369
320 168
212 111
294 345
255 400
279 161
154 76
177 304
322 169
336 40
101 134
191 101
355 118
149 111
31 338
157 383
157 246
292 14
410 170
185 228
417 304
105 123
413 68
179 245
420 87
33 377
252 86
35 270
416 139
346 202
141 296
101 269
156 329
96 226
83 311
325 420
334 237
230 219
135 184
221 263
382 63
317 70
180 184
271 111
16 167
399 329
93 107
149 95
58 178
305 367
20 422
364 424
423 67
125 3
203 313
244 404
319 201
149 249
274 22
353 337
237 224
146 359
210 217
127 419
330 268
214 212
186 14
212 76
228 420
56 264
53 164
276 96
81 14
385 210
354 123
192 347
88 183
25 116
415 220
128 203
10 405
326 170
388 184
199 268
343 209
414 109
207 254
231 166
95 95
179 129
136 16
354 145
24 181
262 357
198 163
131 276
53 52
234 192
255 243
323 185
190 146
118 418
361 35
117 366
274 219
165 91
21 152
33 279
180 156
20 99
365 79
261 112
51 177
110 80
148 225
258 2
371 374
82 156
382 120
62 418
267 219
330 4
2 417
12 262
333 356
298 429
223 348
197 50
152 237
277 62
94 358
413 108
82 309
379 265
128 272
33 77
183 65
135 313
412 8
52 398
9 101
24 325
130 130
337 330
66 244
136 427
40 129
262 105
143 351
361 42
395 230
164 336
393 416
243 320
414 284
380 302
9 30
405 194
171 310
185 410
54 151
141 416
265 246
315 46
183 396
310 157
382 46
180 34
39 35
1 234
142 181
309 282
314 150
363 208
407 202
30 161
141 137
381 29
203 223
128 106
46 351
280 222
147 181
186 302
221 259
172 323
61 139
235 84
33 212
205 130
324 373
34 47
319 361
241 424
408 363
311 13
66 124
356 282
288 400
100 140
183 404
43 66
118 120
253 192
199 75
411 50
20 292
368 341
297 92
234 159
302 107
81 348
270 383
253 19
181 324
95 297
247 8
307 238
144 266
402 209
51 368
217 376
415 397
419 193
291 288
270 27
255 22
112 318
153 375
49 125
152 154
12 147
224 31
248 262
185 5
4 404
341 327
105 261
343 67
358 205
235 46
172 2
350 371
402 82
113 308
343 100
38 209
285 410
172 101
351 390
374 68
166 262
67 409
352 103
212 168
218 324
18 251
370 36
264 73
205 74
261 44
265 166
274 350
414 379
242 356
227 6
67 246
403 336
198 402
268 95
382 175
80 178
159 97
51 318
257 355
235 178
371 260
166 227
168 172
349 192
266 289
17 203
83 251
272 107
331 225
128 8
423 369
168 320
5 326
404 366
33 377
201 405
91 327
217 302
37 132
25 220
285 254
185 405
350 162
71 40
58 271
373 404
265 129
157 383
111 274
117 74
249 304
326 355
329 157
338 388
241 397
66 106
290 156
342 20
322 154
40 394
142 32
316 336
406 11
8 278
152 358
14 184
85 224
220 199
184 200
193 70
365 330
339 60
21 358
104 290
340 38
255 134
236 203
418 27
102 362
149 13
245 22
366 16
186 320
154 388
283 226
238 381
239 98
96 335
284 1
247 410
409 9
251 25
247 123
210 137
250 121
321 304
284 288
2 429
71 9
282 98
41 116
72 310
95 11
10 363
227 207
294 179
298 19
328 162
349 151
346 377
33 140
260 38
272 335
162 420
355 416
30 116
261 123
411 408
88 409
66 119
426 266
282 2
226 55
313 363
192 58
309 29
302 202
62 395
350 105
134 199
259 99
402 128
22 114
279 96
176 388
284 255
198 144
130 190
262 211
397 424
326 296
35 170
128 285
120 107
152 317
375 385
222 205
280 205
180 252
288 390
39 420
246 152
234 196
296 209
427 263
343 160
63 17
424 201
386 64
244 102
3 251
78 281
313 72
111 145
223 354
62 36
394 403
285 268
287 108
205 385
192 156
426 132
277 232
66 124
402 416
381 97
327 259
383 100
90 292
15 166
398 425
119 297
320 325
143 399
122 158
179 161
342 393
97 336
11 217
206 375
349 424
360 129
134 91
271 158
262 326
203 287
411 335
13 425
279 90
317 279
399 29
408 398
144 31
186 112
415 254
348 53
301 197
28 250
21 35
68 67
351 57
366 234
374 201
375 351
306 162
83 89
194 341
324 248
167 90
183 360
240 337
222 224
413 221
152 265
59 352
311 103
68 353
305 332
185 272
355 282
9 310
283 267
99 200
155 404
358 111
223 184
149 58
407 231
218 226
195 389
120 289
153 109
408 226
142 38
301 20
319 296
204 207
217 129
303 195
268 86
231 102
171 291
123 359
184 408
327 45
398 89
168 107
332 60
0 271
215 366
106 178
414 20
198 278
427 178
265 206
91 190
235 408
417 414
107 364
425 110
210 327
357 356
342 229
190 55
0 188
188 219
427 194
66 134
87 404
330 299
288 152
353 123
316 394
121 69
374 351
237 133
182 15
333 346
205 237
11 112
383 340
9 317
129 26
151 197
190 178
274 41
201 265
31 54
23 331
214 71
388 6
166 373
98 426
369 253
21 414
259 376
425 236
8 78
285 404
47 178
197 125
50 146
346 332
304 103
17 291
401 112
250 175
70 67
359 361
196 164
221 411
26 378
127 211
101 333
55 282
347 128
106 330
262 168
117 200
97 144
91 108
344 380
62 273
289 6
246 233
130 367
247 40
238 79
355 165
52 83
412 352
129 375
139 33
74 184
292 406
129 369
203 340
224 268
259 172
256 177
62 341
69 391
236 382
27 116
397 199
243 179
41 195
95 88
357 177
333 427
383 198
383 106
394 365
182 397
338 25
372 308
23 108
415 263
393 199
422 211
352 336
37 95
28 201
82 338
371 131
123 52
173 233
51 184
56 309
6 340
200 334
219 400
395 314
396 383
196 301
223 43
57 222
171 420
394 128
305 130
96 354
349 299
373 98
105 286
110 221
304 291
140 365
280 212
357 219
144 327
409 182
60 183
270 81
39 427
123 391
404 317
93 371
175 351
350 423
30 214
113 133
173 286
306 180
224 330
37 158
138 197
363 245
320 261
90 156
418 164
9 56
197 173
31 110
332 21
422 381
64 131
303 294
31 13
222 397
328 296
300 330
395 263
272 185
248 327
159 306
310 354
20 342
231 161
198 334
241 303
279 135
413 344
29 261
305 330
26 333
190 119
429 335
7 113
30 132
47 54
309 148
300 154
141 230
309 253
263 135
390 205
284 187
133 316
340 391
197 17
51 298
429 326
29 169
89 62
85 326
292 26
286 97
428 260
198 131
169 71
57 199
392 391
252 344
87 64
135 112
369 53
323 318
214 222
277 280
342 53
191 293
210 101
357 72
226 265
166 12
281 345
115 421
69 50
67 401
298 128
328 254
197 381
65 355
399 242
280 228
395 189
61 419
104 179
63 423
303 109
77 29
52 45
170 57
373 104