43
214
0,
1,
2,
3,
4,
5,
6,
7,
8,
9,
10,
11,
12,
13,
14,
15,
16,
17,
18,
19,
20,
21,
22,
23,
24,
25,
26,
27,
28,
29,
30,
31,
32,
33,
34,
35,
36,
37,
38,
39,
40,
41,
42
12 30
30 31
31 1
1 16
16 39
39 10
10 29
29 27
27 22
22 17
17 40
40 5
5 25
25 21
21 41
41 24
24 3
3 26
26 37
37 23
23 13
13 2
2 42
42 0
0 8
8 4
4 33
33 9
9 7
7 15
15 20
20 18
18 14
14 38
38 11
11 28
28 6
6 34
34 35
35 19
19 32
32 36
24 25
4 30
38 38
13 11
21 38
40 8
30 23
7 16
25 7
3 14
39 15
24 41
5 20
32 17
3 5
42 41
0 25
2 36
33 36
14 37
21 6
37 29
41 5
34 14
9 23
14 8
22 18
37 17
31 37
40 34
37 25
8 26
15 27
36 25
30 0
12 21
10 6
10 7
37 18
26 15
1 19
36 7
6 13
11 24
2 15
16 32
21 28
21 27
29 8
27 25
40 2
20 0
40 17
31 6
17 18
21 38
14 11
22 17
33 13
29 15
26 42
35 9
42 1
23 16
25 36
2 18
7 9
27 13
33 3
15 21
16 41
11 14
41 33
8 17
7 30
36 3
32 40
24 9
6 7
28 17
13 32
35 4
19 29
35 23
9 30
17 11
18 1
0 11
25 14
35 16
23 38
24 5
6 38
25 15
30 26
8 28
27 25
4 16
3 28
40 6
30 26
20 13
32 20
16 19
17 33
37 24
7 28
33 15
37 22
11 10
32 2
33 7
26 41
37 13
40 23
19 37
11 31
2 6
32 26
11 24
5 34
29 40
35 24
14 16
4 11
0 28
34 4
29 41
17 38
33 6
26 5
34 15
26 17
27 31
7 0
21 37
37 8
28 38
33 37
9 27
41 24
37 24
22 11
17 27
40 37
1 17
9 41
18 10
5 12
32 32
7 4
36 11
21 35
7 10
23 8
28 12
14 14
39 27
0 25
32 41
13 16
34 12
24 16
25 38
8 38
32 4
28 39
37 37
18 29
34 42
15 41
39 36