450
2249
0,
1,
2,
3,
4,
5,
6,
7,
8,
9,
10,
11,
12,
13,
14,
15,
16,
17,
18,
19,
20,
21,
22,
23,
24,
25,
26,
27,
28,
29,
30,
31,
32,
33,
34,
35,
36,
37,
38,
39,
40,
41,
42,
43,
44,
45,
46,
47,
48,
49,
50,
51,
52,
53,
54,
55,
56,
57,
58,
59,
60,
61,
62,
63,
64,
65,
66,
67,
68,
69,
70,
71,
72,
73,
74,
75,
76,
77,
78,
79,
80,
81,
82,
83,
84,
85,
86,
87,
88,
89,
90,
91,
92,
93,
94,
95,
96,
97,
98,
99,
100,
101,
102,
103,
104,
105,
106,
107,
108,
109,
110,
111,
112,
113,
114,
115,
116,
117,
118,
119,
120,
121,
122,
123,
124,
125,
126,
127,
128,
129,
130,
131,
132,
133,
134,
135,
136,
137,
138,
139,
140,
141,
142,
143,
144,
145,
146,
147,
148,
149,
150,
151,
152,
153,
154,
155,
156,
157,
158,
159,
160,
161,
162,
163,
164,
165,
166,
167,
168,
169,
170,
171,
172,
173,
174,
175,
176,
177,
178,
179,
180,
181,
182,
183,
184,
185,
186,
187,
188,
189,
190,
191,
192,
193,
194,
195,
196,
197,
198,
199,
200,
201,
202,
203,
204,
205,
206,
207,
208,
209,
210,
211,
212,
213,
214,
215,
216,
217,
218,
219,
220,
221,
222,
223,
224,
225,
226,
227,
228,
229,
230,
231,
232,
233,
234,
235,
236,
237,
238,
239,
240,
241,
242,
243,
244,
245,
246,
247,
248,
249,
250,
251,
252,
253,
254,
255,
256,
257,
258,
259,
260,
261,
262,
263,
264,
265,
266,
267,
268,
269,
270,
271,
272,
273,
274,
275,
276,
277,
278,
279,
280,
281,
282,
283,
284,
285,
286,
287,
288,
289,
290,
291,
292,
293,
294,
295,
296,
297,
298,
299,
300,
301,
302,
303,
304,
305,
306,
307,
308,
309,
310,
311,
312,
313,
314,
315,
316,
317,
318,
319,
320,
321,
322,
323,
324,
325,
326,
327,
328,
329,
330,
331,
332,
333,
334,
335,
336,
337,
338,
339,
340,
341,
342,
343,
344,
345,
346,
347,
348,
349,
350,
351,
352,
353,
354,
355,
356,
357,
358,
359,
360,
361,
362,
363,
364,
365,
366,
367,
368,
369,
370,
371,
372,
373,
374,
375,
376,
377,
378,
379,
380,
381,
382,
383,
384,
385,
386,
387,
388,
389,
390,
391,
392,
393,
394,
395,
396,
397,
398,
399,
400,
401,
402,
403,
404,
405,
406,
407,
408,
409,
410,
411,
412,
413,
414,
415,
416,
417,
418,
419,
420,
421,
422,
423,
424,
425,
426,
427,
428,
429,
430,
431,
432,
433,
434,
435,
436,
437,
438,
439,
440,
441,
442,
443,
444,
445,
446,
447,
448,
449
318 388
388 211
211 23
23 167
167 357
357 64
64 75
75 394
394 315
315 108
108 188
188 358
358 379
379 297
297 443
443 36
36 100
100 221
221 210
210 298
298 228
228 300
300 4
4 261
261 118
118 380
380 197
197 257
257 276
276 94
94 332
332 416
416 224
224 346
346 76
76 396
396 234
234 111
111 348
348 220
220 61
61 304
304 277
277 200
200 250
250 437
437 258
258 344
344 196
196 26
26 285
285 37
37 282
282 347
347 440
440 411
411 176
176 116
116 181
181 106
106 393
393 371
371 85
85 268
268 449
449 293
293 323
323 292
292 375
375 105
105 403
403 284
284 16
16 162
162 404
404 434
434 1
1 401
401 414
414 223
223 204
204 19
19 123
123 38
38 77
77 239
239 192
192 263
263 400
400 279
279 267
267 56
56 202
202 127
127 391
391 185
185 301
301 431
431 438
438 189
189 195
195 286
286 84
84 287
287 269
269 378
378 376
376 353
353 430
430 368
368 88
88 34
34 125
125 339
339 156
156 288
288 201
201 290
290 114
114 70
70 342
342 236
236 337
337 325
325 241
241 382
382 406
406 213
213 112
112 49
49 199
199 330
330 289
289 351
351 121
121 14
14 345
345 386
386 40
40 208
208 133
133 92
92 6
6 32
32 424
424 10
10 102
102 207
207 314
314 338
338 229
229 235
235 151
151 313
313 150
150 126
126 163
163 11
11 132
132 260
260 187
187 237
237 402
402 317
317 12
12 361
361 316
316 340
340 418
418 350
350 219
219 13
13 311
311 245
245 145
145 193
193 408
408 122
122 131
131 96
96 407
407 425
425 159
159 33
33 43
43 433
433 448
448 109
109 392
392 168
168 69
69 308
308 256
256 429
429 51
51 360
360 283
283 5
5 410
410 157
157 22
22 363
363 365
365 79
79 169
169 370
370 262
262 107
107 164
164 31
31 432
432 226
226 244
244 66
66 0
0 194
194 178
178 198
198 42
42 57
57 91
91 373
373 303
303 390
390 444
444 209
209 231
231 87
87 146
146 93
93 203
203 144
144 415
415 190
190 265
265 48
48 171
171 381
381 60
60 243
243 18
18 17
17 421
421 95
95 115
115 186
186 309
309 349
349 173
173 50
50 356
356 413
413 333
333 328
328 183
183 153
153 128
128 369
369 383
383 366
366 21
21 2
2 322
322 367
367 47
47 63
63 271
271 246
246 331
331 426
426 3
3 191
191 65
65 242
242 83
83 67
67 274
274 104
104 278
278 165
165 398
398 129
129 166
166 417
417 384
384 182
182 136
136 326
326 305
305 445
445 230
230 113
113 149
149 251
251 119
119 436
436 302
302 385
385 254
254 138
138 273
273 180
180 179
179 143
143 212
212 341
341 155
155 46
46 441
441 270
270 68
68 72
72 439
439 124
124 409
409 58
58 74
74 7
7 427
427 41
41 232
232 44
44 281
281 101
101 98
98 218
218 82
82 324
324 45
45 362
362 174
174 222
222 253
253 327
327 139
139 374
374 24
24 55
55 62
62 81
81 59
59 310
310 442
442 175
175 158
158 80
80 140
140 295
295 53
53 172
172 306
306 423
423 275
275 73
73 329
329 130
130 321
321 161
161 39
39 248
248 148
148 334
334 238
238 135
135 280
280 215
215 97
97 259
259 419
419 364
364 359
359 387
387 86
86 291
291 233
233 389
389 249
249 307
307 99
99 152
152 134
134 9
9 206
206 170
170 20
20 395
395 27
27 225
225 177
177 120
120 399
399 54
54 35
35 28
28 355
355 29
29 117
117 141
141 272
272 296
296 25
25 110
110 214
214 377
377 336
336 335
335 205
205 372
372 397
397 240
240 89
89 78
78 252
252 15
15 352
352 435
435 294
294 184
184 71
71 447
447 137
137 420
420 227
227 299
299 103
103 90
90 354
354 343
343 422
422 255
255 319
319 446
446 266
266 217
217 8
8 30
30 147
147 320
320 312
312 160
160 154
154 142
142 412
412 264
264 52
52 405
405 247
247 428
428 216
147 390
39 26
75 298
416 199
279 329
428 26
330 441
74 395
86 126
441 282
238 371
237 7
123 401
67 369
252 291
219 361
104 426
325 389
141 334
113 307
307 51
246 436
46 405
52 222
416 49
383 285
4 320
342 246
90 40
78 290
343 434
16 305
72 158
79 81
427 65
286 336
35 171
313 134
116 216
48 67
149 287
184 84
14 89
6 6
234 74
342 324
330 44
238 24
65 26
404 85
159 449
352 379
142 76
268 73
349 135
222 76
167 39
73 123
406 20
3 29
352 166
123 16
216 298
179 425
206 46
263 24
396 92
431 189
182 114
198 210
27 130
356 164
163 8
298 42
214 279
384 173
169 446
194 109
258 108
347 352
242 373
381 326
290 299
437 210
66 96
218 299
175 445
254 17
48 28
373 201
122 42
414 299
282 383
110 351
26 242
306 172
224 76
261 333
437 259
24 414
369 157
278 61
390 255
41 379
123 96
156 308
260 376
170 45
315 248
150 102
369 165
435 217
177 66
265 414
94 43
244 432
35 293
403 261
72 75
99 422
277 13
259 405
211 185
353 91
310 427
332 79
36 206
275 287
334 128
418 27
297 195
59 358
305 282
113 134
284 152
299 205
290 355
435 79
190 62
108 328
217 346
376 149
431 224
312 125
433 287
305 413
20 149
444 239
443 336
72 333
1 12
326 2
37 194
416 276
335 231
221 447
360 81
27 445
394 314
305 327
353 27
402 154
244 222
382 209
79 226
70 375
210 305
309 399
246 204
94 415
294 112
115 207
238 354
124 63
8 158
264 38
282 79
352 92
191 233
110 297
407 395
144 80
415 414
309 65
344 4
244 193
341 112
242 446
207 156
246 444
193 221
408 134
283 78
407 309
92 227
318 322
6 3
185 215
229 395
195 372
411 151
249 106
196 111
313 349
86 182
59 92
358 165
48 78
164 348
156 289
18 110
415 55
13 42
27 345
293 372
80 256
417 190
256 46
316 222
61 173
436 405
6 96
75 292
89 177
35 218
301 274
126 302
369 139
204 396
15 62
69 439
50 291
112 372
263 325
141 268
330 376
309 235
171 309
177 241
291 168
303 274
288 421
113 152
280 46
289 248
383 39
17 74
370 133
74 282
98 363
152 106
375 311
237 260
208 4
258 386
125 329
30 350
16 397
228 26
138 201
329 371
324 331
324 17
94 238
120 269
123 343
365 263
448 415
245 139
22 371
59 291
441 298
70 407
26 427
360 165
434 429
1 99
74 244
134 269
70 50
272 331
327 288
227 331
158 147
79 118
217 115
231 185
237 282
162 376
145 167
257 255
152 238
55 240
52 25
47 74
268 331
167 334
166 114
429 343
228 291
10 28
405 64
222 162
138 242
182 260
179 29
88 171
13 109
70 270
67 23
130 289
431 22
189 66
421 14
157 100
193 259
316 309
297 123
129 286
246 282
190 23
212 379
360 115
277 41
61 227
33 207
126 279
387 442
410 41
138 204
75 411
387 341
346 293
131 327
277 80
31 121
282 365
443 111
180 186
195 178
323 224
4 432
15 391
138 136
72 349
200 145
315 445
367 183
16 240
11 311
363 229
136 417
110 116
263 357
370 404
262 420
181 406
244 94
184 36
5 401
269 342
418 92
38 130
163 41
97 379
440 391
405 128
294 123
101 251
97 407
73 406
259 105
352 153
178 80
224 231
286 131
243 120
385 88
236 90
234 347
408 104
374 163
228 115
375 235
349 286
247 186
430 95
111 328
407 376
136 20
217 161
325 173
10 132
112 419
191 35
149 175
30 157
152 98
162 297
299 437
107 113
20 431
152 300
297 286
39 50
401 217
236 235
293 180
251 89
442 238
121 66
328 138
104 19
25 256
174 152
103 44
359 362
270 321
363 448
149 212
328 185
176 195
111 252
393 229
66 326
35 414
335 21
176 300
433 381
263 375
321 88
304 124
17 370
307 31
333 202
343 67
55 143
34 164
217 241
288 61
187 409
444 245
60 174
240 280
336 58
210 71
418 258
213 267
401 448
397 397
14 433
328 16
408 436
117 320
255 83
434 73
395 289
121 263
447 146
77 286
337 2
420 289
363 85
420 427
217 153
298 306
377 45
335 246
248 429
363 100
358 67
388 301
421 0
212 34
318 35
248 118
136 42
335 435
18 220
124 254
127 33
285 282
74 376
111 54
296 64
175 102
23 307
265 425
136 330
93 434
271 407
35 275
57 112
267 185
397 297
105 369
139 73
279 407
342 283
218 178
192 203
55 419
141 149
6 113
439 236
247 207
136 332
38 414
344 142
168 352
125 376
286 171
388 339
47 188
107 227
309 404
330 279
369 186
195 92
68 158
102 445
353 13
424 86
183 156
132 336
300 326
337 133
102 411
105 20
239 205
100 12
83 14
428 289
302 176
279 436
140 19
206 179
386 58
4 182
81 48
319 418
246 166
53 358
274 385
447 257
120 335
46 356
56 68
45 356
161 419
241 60
396 237
404 58
213 158
48 351
87 395
11 100
61 328
88 232
329 55
151 137
244 148
174 27
63 277
260 11
355 293
240 41
383 377
288 137
193 70
395 294
218 423
130 192
55 209
79 396
170 186
190 281
165 253
20 154
427 441
23 110
3 37
120 376
346 378
402 140
300 113
137 75
397 269
74 72
246 257
265 368
138 143
246 127
392 449
36 55
445 445
216 235
257 197
161 352
381 252
253 87
414 104
46 285
72 436
169 294
302 273
112 231
228 199
423 35
352 353
274 399
21 434
195 187
294 378
343 21
59 315
439 294
354 121
307 65
370 391
217 35
30 300
248 398
437 393
20 430
93 123
293 188
15 248
41 431
15 323
359 308
36 69
20 316
228 114
18 249
345 308
19 214
115 282
204 87
205 351
392 2
14 211
8 90
18 82
88 399
111 364
440 290
232 233
49 197
199 47
395 168
350 87
148 69
359 303
323 91
203 214
362 134
154 115
153 230
417 35
238 95
77 274
4 169
91 444
240 296
79 395
433 203
101 388
32 302
381 284
173 104
60 346
38 253
150 407
406 210
402 175
397 121
276 350
164 62
376 158
158 278
76 166
258 44
436 187
25 33
13 424
288 410
178 433
81 232
156 440
359 7
165 90
376 403
2 64
45 234
60 165
299 85
155 270
99 61
385 22
287 203
121 391
9 413
438 124
375 445
76 16
379 135
346 239
177 150
427 119
31 146
280 416
124 399
104 113
314 292
158 135
230 425
285 433
206 150
65 36
288 340
41 35
134 382
172 307
356 24
190 300
11 57
36 347
298 448
304 94
23 188
212 210
341 315
63 97
250 172
353 147
239 443
399 295
21 0
37 408
107 355
70 22
290 388
346 407
77 364
284 401
17 374
90 294
57 141
443 34
139 249
12 246
238 434
394 230
415 101
255 223
208 199
243 14
316 301
162 282
67 184
369 22
262 396
420 392
373 113
289 2
304 194
424 242
185 36
332 189
393 359
442 380
48 9
13 356
264 255
51 382
404 119
246 176
33 120
365 67
120 420
44 441
143 309
156 41
140 439
385 385
135 402
242 235
200 307
121 122
373 426
74 38
415 277
307 210
85 123
387 258
359 66
13 103
108 356
385 345
39 434
221 20
144 176
404 425
45 212
10 349
133 66
152 436
406 88
104 405
219 3
414 4
178 73
443 334
182 403
26 335
402 96
146 170
447 107
253 163
333 231
158 277
323 239
308 35
335 21
41 404
391 285
108 279
206 146
125 415
73 262
404 28
339 183
244 332
228 238
311 219
424 357
184 303
145 163
172 161
93 196
165 270
152 19
36 442
327 246
353 130
260 97
163 181
71 33
121 22
42 148
17 75
57 337
263 20
296 29
67 6
203 311
263 272
205 100
347 354
73 211
339 397
304 340
42 125
51 52
157 266
369 432
415 435
213 226
2 87
337 145
151 215
194 291
120 197
320 136
384 148
362 307
428 221
154 145
439 49
184 192
34 61
65 5
82 361
258 5
243 231
123 216
366 115
77 120
53 295
7 364
286 335
174 290
37 388
59 143
106 248
215 446
91 449
238 93
279 257
349 164
204 412
207 288
60 301
8 21
165 269
442 289
24 29
441 423
349 429
148 364
81 448
312 229
10 374
308 7
432 74
10 439
448 376
232 132
338 179
15 395
81 113
76 301
10 160
153 68
322 146
19 230
155 137
19 163
88 26
56 333
1 62
155 24
434 124
328 152
72 217
177 56
160 341
410 247
287 447
221 333
123 324
417 43
350 337
112 384
339 74
434 352
395 168
366 389
20 208
238 56
401 252
423 438
178 416
199 265
435 196
6 131
238 64
326 116
228 208
444 195
409 354
52 162
110 246
257 365
363 112
88 79
200 11
364 155
122 310
56 310
76 413
190 363
414 368
94 396
121 373
126 357
71 389
49 353
271 186
4 309
85 227
159 332
366 319
230 385
126 306
268 174
132 157
66 15
22 447
218 7
411 84
315 167
336 214
222 389
151 54
94 179
354 396
229 222
429 409
443 294
213 71
60 347
103 392
162 426
422 411
70 63
417 158
275 4
383 18
246 357
207 411
139 0
137 206
111 130
421 270
189 394
347 88
71 158
152 19
297 34
121 85
12 222
52 155
391 193
246 346
305 125
0 155
294 387
13 407
384 58
410 385
447 193
280 21
335 130
210 292
274 11
445 220
277 363
140 86
171 283
237 30
445 184
370 339
26 304
391 381
207 368
228 279
274 438
45 391
260 419
274 220
105 6
156 284
307 384
76 332
421 358
11 251
75 135
145 194
443 22
288 378
370 130
167 283
173 77
433 1
160 279
207 376
119 310
69 34
77 225
280 290
69 138
378 62
262 445
30 400
316 108
172 414
160 42
91 407
11 317
260 307
377 91
10 334
126 47
203 217
223 102
284 331
443 397
52 341
266 14
121 65
234 251
215 154
5 129
353 193
7 408
406 243
157 325
278 122
365 80
140 160
0 313
287 324
18 218
191 219
408 349
178 375
335 275
318 187
131 121
286 188
59 415
101 72
131 339
213 55
395 155
277 52
357 123
123 341
313 390
380 315
340 21
283 95
124 161
429 414
440 150
350 302
143 271
446 365
106 218
130 29
33 379
52 306
154 11
83 349
153 424
359 27
88 309
336 70
66 226
238 294
257 182
311 128
91 79
420 105
309 328
295 189
302 80
414 366
108 137
186 65
331 326
337 316
312 449
144 142
439 40
448 26
115 277
262 164
420 373
138 393
260 399
233 184
147 19
143 16
434 264
251 429
428 116
424 310
361 330
2 288
236 162
244 307
236 212
13 325
321 128
362 356
138 191
20 230
91 66
110 42
256 349
216 128
395 253
246 326
13 66
272 118
21 295
259 254
180 100
15 377
449 76
400 1
329 407
266 315
180 83
350 413
196 373
163 328
122 46
177 199
195 129
11 277
184 355
17 202
437 331
122 65
22 25
386 148
203 310
222 11
258 288
217 235
273 40
395 387
14 326
77 418
78 97
227 367
386 17
444 389
261 258
257 65
342 241
390 281
29 47
238 72
133 241
152 384
298 402
318 90
108 96
195 42
74 66
234 30
262 273
49 351
287 256
283 102
97 397
170 25
110 211
21 140
233 166
50 52
314 169
320 350
130 19
287 302
10 71
437 359
81 160
264 69
244 326
59 308
178 214
63 182
305 75
242 42
351 191
229 121
332 54
42 243
392 197
89 95
27 139
4 347
337 302
9 24
77 303
70 335
70 399
188 427
226 219
379 44
1 355
63 133
190 368
418 415
83 228
126 1
315 286
118 79
398 286
199 59
84 110
158 223
246 368
128 81
154 81
435 125
337 78
441 63
374 368
286 182
287 391
443 15
273 50
155 64
391 374
265 175
355 393
443 320
387 331
193 348
369 189
311 223
247 98
22 448
247 351
285 212
196 35
233 92
310 301
339 347
436 207
43 216
311 61
276 288
165 362
406 310
106 32
380 131
27 138
307 243
172 115
421 254
393 263
92 368
219 262
350 51
222 103
263 256
87 261
314 238
184 314
20 227
326 399
395 69
39 381
304 50
178 76
156 40
58 408
32 289
370 267
301 427
193 208
160 303
160 324
163 109
43 138
441 220
207 309
252 39
33 21
298 88
121 59
363 177
189 7
357 278
316 77
170 402
94 313
404 315
384 190
192 280
29 194
147 13
394 49
124 10
189 124
410 361
213 84
187 5
13 374
116 40
386 83
389 288
168 154
124 319
67 71
438 95
107 176
347 316
114 254
372 358
384 239
428 307
312 83
81 439
194 148
362 17
97 272
178 142
281 353
12 12
444 199
75 144
392 159
122 129
248 237
240 21
35 166
17 312
172 365
218 100
431 14
370 108
314 160
205 437
318 118
347 94
285 102
247 195
56 87
22 361
61 250
114 387
82 12
118 93
294 74
102 262
242 54
317 416
224 272
380 5
356 14
30 162
328 329
141 293
415 420
86 122
38 306
140 367
348 14
345 95
248 404
341 191
11 349
330 139
261 387
205 24
156 121
271 253
266 356
90 331
267 125
64 270
94 189
324 189
186 85
432 420
343 196
119 356
424 74
136 379
149 147
32 267
293 253
107 328
264 136
434 189
353 68
226 323
330 417
353 34
102 141
278 381
293 121
157 303
32 42
341 392
102 104
376 377
358 369
48 172
292 309
414 149
380 405
334 92
419 123
145 182
18 181
359 228
356 419
280 392
287 98
418 67
263 221
245 47
292 89
163 318
409 269
392 315
193 272
142 444
347 65
382 197
119 36
227 71
299 74
431 96
344 95
361 322
373 403
3 153
83 263
218 252
184 245
69 265
295 398
441 357
242 185
277 162
399 379
211 177
87 294
126 173
310 134
34 158
200 355
81 442
131 333
83 121
222 239
311 247
21 239
383 422
205 174
137 204
389 229
11 231
26 140
164 6
139 106
291 270
430 102
441 133
191 386
369 84
160 337
222 199
77 259
233 400
25 449
397 351
113 256
322 311
387 383
292 39
189 138
206 160
67 186
173 253
69 122
59 317
16 108
125 218
307 99
412 256
268 333
90 299
235 68
197 302
425 135
429 87
302 237
442 181
190 306
234 427
249 361
437 191
83 280
0 390
96 390
9 75
288 289
118 333
244 183
393 134
352 229
281 185
295 330
372 320
153 88
327 239
112 233
390 365
231 171
218 255
328 90
426 68
285 170
7 210
31 78
206 367
263 277
273 282
127 96
302 320
268 286
201 82
240 374
165 392
283 28
445 245
104 59
405 426
325 442
296 445
9 352
111 214
326 439
154 201
103 172
82 317
350 178
282 197
273 214
252 438
275 446
320 60
102 351
63 143
86 122
441 10
14 197
398 384
447 73
316 336
146 269
311 268
430 313
65 253
109 218
410 260
384 207
111 24
52 353
244 134
142 152
368 101
230 290
259 376
5 46
279 203
40 160
25 282
418 286
161 29
321 389
264 292
231 329
370 185
334 55
26 307
307 206
271 123
347 161
262 377
88 103
101 226
133 320
438 291
427 447
159 56
131 399
429 383
248 126
385 442
132 414
116 98
214 110
97 417
188 255
309 331
432 190
68 34
401 259
308 81
257 122
55 191
440 38
443 257
392 369
26 411
133 364
422 152
159 419
331 392
25 429
35 18
12 198
8 347
35 440
259 178
205 110
26 302
269 254
68 57
59 224
100 330
149 93
383 172
148 54
4 318
157 355
429 313
307 84
441 34
304 157
406 9
119 117
356 122
362 117
32 20
123 83
9 2
247 374
446 149
161 76
235 367
158 305
219 107
129 32
268 361
412 247
235 237
311 234
65 45
333 224
276 174
89 282
253 264
46 149
177 243
107 238
138 268
423 440
273 53
122 228
442 129
46 310
39 104
315 105
366 248
339 335
87 370
130 350
52 255
235 207
190 17
310 371
2 39
114 55
95 438
290 201
285 99
139 170
132 24
134 429
263 398
421 268
356 77
357 134
306 364
264 322
370 372
54 387
248 349
145 134
412 165
415 211
327 399
9 35
293 92
412 330
329 148
286 350
19 32
137 165
385 373
35 62
121 77
272 399
88 204
411 211
271 144
437 87
19 96
204 444
182 277
364 111
21 315
113 122
237 91
158 339
263 175