45
224
0,
1,
2,
3,
4,
5,
6,
7,
8,
9,
10,
11,
12,
13,
14,
15,
16,
17,
18,
19,
20,
21,
22,
23,
24,
25,
26,
27,
28,
29,
30,
31,
32,
33,
34,
35,
36,
37,
38,
39,
40,
41,
42,
43,
44
32 20
20 13
13 26
26 41
41 10
10 44
44 27
27 2
2 6
6 43
43 40
40 24
24 21
21 19
19 7
7 4
4 15
15 28
28 42
42 31
31 39
39 0
0 17
17 8
8 12
12 23
23 29
29 1
1 9
9 3
3 22
22 34
34 18
18 25
25 14
14 30
30 37
37 5
5 16
16 36
36 33
33 38
38 35
35 11
9 4
25 33
42 6
5 22
8 19
22 33
12 36
34 2
12 15
35 12
13 6
11 39
3 25
42 14
29 33
36 17
8 24
30 8
25 0
3 1
36 33
36 15
26 38
22 16
26 7
27 15
2 17
15 22
19 26
16 14
29 33
13 3
39 43
15 28
33 40
37 25
6 16
33 26
43 27
13 40
39 26
26 36
17 15
16 15
40 25
19 10
3 34
26 17
3 10
4 36
36 35
21 12
13 5
19 41
18 40
6 11
8 29
33 40
20 33
1 25
25 23
1 44
32 24
33 37
27 18
20 0
3 9
25 0
8 3
44 30
32 8
23 25
7 30
34 0
18 19
44 37
22 0
14 44
37 28
26 23
8 28
24 38
35 24
38 11
12 5
35 1
1 42
34 9
9 33
26 14
28 25
42 36
7 24
2 1
17 0
39 17
20 33
20 8
29 26
31 26
19 25
15 1
19 16
15 29
9 38
26 27
17 0
16 25
12 22
43 6
6 14
2 21
42 17
36 9
3 10
5 23
25 21
7 29
7 16
6 15
10 44
12 14
40 22
29 23
40 44
31 20
26 43
32 13
24 5
12 1
32 29
7 7
38 10
21 2
28 43
2 9
14 38
22 8
16 39
15 4
26 7
22 17
12 5
19 3
5 23
0 44
1 33
44 44
3 10
28 26
9 11
39 30
17 35
1 35
19 44
31 24
34 24
8 21
23 19
23 32
24 25
7 14
33 30
29 27
24 17
16 21
24 15
34 27
16 22
33 38
12 21
27 22
4 42
38 21
40 25
42 5
23 4
14 36
25 27
29 29