46
229
0,
1,
2,
3,
4,
5,
6,
7,
8,
9,
10,
11,
12,
13,
14,
15,
16,
17,
18,
19,
20,
21,
22,
23,
24,
25,
26,
27,
28,
29,
30,
31,
32,
33,
34,
35,
36,
37,
38,
39,
40,
41,
42,
43,
44,
45
19 42
42 25
25 20
20 41
41 6
6 32
32 2
2 8
8 33
33 22
22 30
30 18
18 28
28 11
11 39
39 4
4 40
40 13
13 1
1 14
14 26
26 23
23 35
35 15
15 10
10 3
3 44
44 43
43 0
0 38
38 27
27 12
12 17
17 21
21 16
16 7
7 9
9 24
24 34
34 37
37 5
5 45
45 36
36 29
29 31
32 41
31 12
8 14
40 31
22 19
38 14
38 37
22 30
17 16
25 30
37 44
41 17
19 35
38 30
3 13
42 27
16 6
39 9
1 3
15 36
31 45
31 28
1 35
31 36
38 30
22 22
27 17
29 23
41 24
34 15
38 11
15 40
18 17
27 20
25 15
3 42
22 33
6 23
23 19
43 24
38 1
37 45
21 24
31 34
6 0
43 37
34 20
11 31
31 30
33 21
31 4
0 22
35 23
30 21
43 6
5 5
39 7
8 37
6 7
1 17
25 8
23 6
40 45
13 6
27 2
22 18
13 15
17 2
26 43
26 33
32 6
34 33
13 22
41 45
14 22
3 28
16 27
42 33
23 45
43 9
27 26
20 39
10 25
21 6
17 20
17 34
40 35
2 4
1 11
29 31
38 32
10 3
43 3
0 7
29 44
30 21
41 19
7 32
45 5
34 12
39 14
35 45
42 13
22 11
5 19
5 2
35 28
8 34
8 19
26 28
22 22
7 22
33 15
25 3
25 10
27 4
13 43
16 45
8 11
23 30
27 2
45 1
43 16
2 45
43 43
2 24
42 15
4 28
23 8
43 1
13 30
33 30
10 41
28 20
2 0
26 41
12 20
32 43
26 10
10 44
35 34
1 9
38 29
5 25
0 35
44 27
28 33
29 21
15 7
40 18
33 3
35 41
23 35
11 4
12 2
19 17
1 26
38 1
22 32
5 21
31 21
22 30
22 38
4 9
38 13
23 42
34 38
4 10
27 14
22 23
3 24
32 34
32 15
31 28
45 20
8 34
4 17
29 33
5 16
29 8
33 15
38 9
31 19
32 36