470
2349
0,
1,
2,
3,
4,
5,
6,
7,
8,
9,
10,
11,
12,
13,
14,
15,
16,
17,
18,
19,
20,
21,
22,
23,
24,
25,
26,
27,
28,
29,
30,
31,
32,
33,
34,
35,
36,
37,
38,
39,
40,
41,
42,
43,
44,
45,
46,
47,
48,
49,
50,
51,
52,
53,
54,
55,
56,
57,
58,
59,
60,
61,
62,
63,
64,
65,
66,
67,
68,
69,
70,
71,
72,
73,
74,
75,
76,
77,
78,
79,
80,
81,
82,
83,
84,
85,
86,
87,
88,
89,
90,
91,
92,
93,
94,
95,
96,
97,
98,
99,
100,
101,
102,
103,
104,
105,
106,
107,
108,
109,
110,
111,
112,
113,
114,
115,
116,
117,
118,
119,
120,
121,
122,
123,
124,
125,
126,
127,
128,
129,
130,
131,
132,
133,
134,
135,
136,
137,
138,
139,
140,
141,
142,
143,
144,
145,
146,
147,
148,
149,
150,
151,
152,
153,
154,
155,
156,
157,
158,
159,
160,
161,
162,
163,
164,
165,
166,
167,
168,
169,
170,
171,
172,
173,
174,
175,
176,
177,
178,
179,
180,
181,
182,
183,
184,
185,
186,
187,
188,
189,
190,
191,
192,
193,
194,
195,
196,
197,
198,
199,
200,
201,
202,
203,
204,
205,
206,
207,
208,
209,
210,
211,
212,
213,
214,
215,
216,
217,
218,
219,
220,
221,
222,
223,
224,
225,
226,
227,
228,
229,
230,
231,
232,
233,
234,
235,
236,
237,
238,
239,
240,
241,
242,
243,
244,
245,
246,
247,
248,
249,
250,
251,
252,
253,
254,
255,
256,
257,
258,
259,
260,
261,
262,
263,
264,
265,
266,
267,
268,
269,
270,
271,
272,
273,
274,
275,
276,
277,
278,
279,
280,
281,
282,
283,
284,
285,
286,
287,
288,
289,
290,
291,
292,
293,
294,
295,
296,
297,
298,
299,
300,
301,
302,
303,
304,
305,
306,
307,
308,
309,
310,
311,
312,
313,
314,
315,
316,
317,
318,
319,
320,
321,
322,
323,
324,
325,
326,
327,
328,
329,
330,
331,
332,
333,
334,
335,
336,
337,
338,
339,
340,
341,
342,
343,
344,
345,
346,
347,
348,
349,
350,
351,
352,
353,
354,
355,
356,
357,
358,
359,
360,
361,
362,
363,
364,
365,
366,
367,
368,
369,
370,
371,
372,
373,
374,
375,
376,
377,
378,
379,
380,
381,
382,
383,
384,
385,
386,
387,
388,
389,
390,
391,
392,
393,
394,
395,
396,
397,
398,
399,
400,
401,
402,
403,
404,
405,
406,
407,
408,
409,
410,
411,
412,
413,
414,
415,
416,
417,
418,
419,
420,
421,
422,
423,
424,
425,
426,
427,
428,
429,
430,
431,
432,
433,
434,
435,
436,
437,
438,
439,
440,
441,
442,
443,
444,
445,
446,
447,
448,
449,
450,
451,
452,
453,
454,
455,
456,
457,
458,
459,
460,
461,
462,
463,
464,
465,
466,
467,
468,
469
120 328
328 227
227 158
158 144
144 46
46 125
125 345
345 96
96 417
417 463
463 363
363 199
199 116
116 368
368 140
140 322
322 65
65 326
326 146
146 100
100 69
69 89
89 74
74 3
3 86
86 101
101 51
51 63
63 122
122 91
91 208
208 313
313 449
449 376
376 394
394 428
428 181
181 466
466 454
454 58
58 389
389 180
180 85
85 297
297 52
52 451
451 171
171 327
327 319
319 285
285 277
277 7
7 0
0 219
219 204
204 283
283 129
129 468
468 325
325 95
95 351
351 292
292 258
258 41
41 460
460 288
288 82
82 44
44 32
32 434
434 68
68 176
176 315
315 433
433 343
343 469
469 205
205 183
183 307
307 22
22 279
279 336
336 215
215 124
124 222
222 170
170 94
94 72
72 133
133 234
234 213
213 127
127 382
382 151
151 211
211 356
356 231
231 233
233 267
267 134
134 287
287 289
289 306
306 358
358 23
23 13
13 21
21 249
249 253
253 97
97 377
377 198
198 419
419 153
153 344
344 45
45 38
38 467
467 364
364 278
278 177
177 84
84 268
268 372
372 398
398 411
411 379
379 207
207 209
209 172
172 380
380 102
102 232
232 312
312 60
60 357
357 40
40 441
441 367
367 240
240 25
25 374
374 6
6 259
259 112
112 155
155 56
56 427
427 355
355 235
235 257
257 430
430 397
397 178
178 164
164 154
154 406
406 18
18 385
385 445
445 48
48 303
303 321
321 452
452 159
159 266
266 111
111 130
130 218
218 212
212 295
295 88
88 337
337 400
400 426
426 381
381 99
99 341
341 117
117 98
98 1
1 270
270 296
296 200
200 43
43 450
450 37
37 437
437 384
384 275
275 243
243 304
304 424
424 128
128 352
352 453
453 2
2 465
465 114
114 455
455 152
152 185
185 369
369 413
413 252
252 390
390 420
420 362
362 421
421 165
165 141
141 206
206 263
263 113
113 286
286 16
16 396
396 439
439 12
12 340
340 329
329 11
11 403
403 301
301 135
135 187
187 24
24 387
387 339
339 276
276 346
346 190
190 260
260 8
8 166
166 386
386 217
217 311
311 42
42 138
138 309
309 191
191 169
169 317
317 365
365 119
119 294
294 298
298 93
93 203
203 320
320 265
265 342
342 174
174 123
123 80
80 34
34 415
415 305
305 349
349 409
409 214
214 290
290 239
239 446
446 459
459 248
248 202
202 81
81 405
405 250
250 55
55 201
201 273
273 148
148 331
331 350
350 230
230 401
401 224
224 412
412 308
308 143
143 378
378 149
149 383
383 103
103 444
444 323
323 87
87 36
36 150
150 462
462 440
440 404
404 282
282 264
264 14
14 194
194 54
54 19
19 402
402 354
354 27
27 262
262 300
300 78
78 244
244 393
393 64
64 302
302 348
348 35
35 361
361 408
408 39
39 425
425 47
47 33
33 115
115 108
108 15
15 229
229 175
175 330
330 410
410 156
156 291
291 49
49 280
280 338
338 17
17 359
359 237
237 332
332 416
416 163
163 197
197 83
83 391
391 30
30 20
20 281
281 29
29 399
399 414
414 59
59 407
407 438
438 293
293 447
447 193
193 53
53 192
192 442
442 255
255 137
137 236
236 318
318 284
284 126
126 79
79 431
431 464
464 366
366 167
167 186
186 196
196 316
316 50
50 132
132 76
76 67
67 246
246 223
223 456
456 61
61 28
28 10
10 272
272 238
238 73
73 136
136 392
392 168
168 139
139 4
4 31
31 157
157 107
107 334
334 242
242 228
228 226
226 62
62 106
106 373
373 210
210 436
436 241
241 9
9 353
353 435
435 274
274 370
370 221
221 254
254 182
182 66
66 105
105 371
371 26
26 118
118 314
314 110
110 335
335 70
70 77
77 388
388 251
251 188
188 131
131 189
189 147
147 75
75 216
216 90
90 92
92 271
271 71
71 195
195 423
423 245
245 429
429 162
162 299
299 324
324 57
57 443
443 457
457 432
432 422
422 458
458 184
184 347
347 121
121 360
360 269
269 461
461 256
256 104
104 173
173 179
179 261
261 395
395 109
109 225
225 160
160 418
418 448
448 220
220 310
310 145
145 375
375 5
5 142
142 333
333 161
161 247
54 304
72 168
36 261
288 18
195 241
456 72
337 132
216 457
53 394
419 9
461 25
417 77
126 54
386 323
272 304
30 149
400 458
158 234
131 122
460 441
15 467
402 74
61 49
178 439
451 323
234 69
377 184
153 77
192 167
293 207
237 212
24 66
123 124
217 207
34 36
113 54
44 280
345 282
267 281
113 107
379 24
338 428
175 370
12 35
109 207
372 257
464 147
69 295
309 464
469 140
154 126
161 351
298 173
311 82
121 236
98 453
62 6
16 288
414 215
196 432
416 99
32 447
85 360
277 218
398 98
201 54
66 89
439 237
82 380
59 286
99 273
367 285
291 338
202 33
176 212
322 296
100 442
50 293
436 75
100 196
227 102
226 416
110 234
323 167
307 307
27 282
267 190
248 165
4 219
264 198
444 384
90 349
226 258
21 132
391 213
65 408
186 126
63 82
71 54
266 459
54 333
99 179
173 424
237 210
316 114
215 65
31 143
43 172
36 397
60 183
335 378
174 424
120 389
9 300
388 33
273 135
420 34
445 59
341 442
203 74
349 354
464 262
66 388
110 366
229 29
73 50
404 400
13 261
131 214
59 164
401 15
63 55
180 400
53 70
379 65
81 66
173 178
109 363
360 241
72 17
315 375
114 423
296 178
238 274
381 129
284 329
458 33
271 345
130 448
30 291
416 172
239 92
379 141
119 460
88 346
391 150
465 134
239 421
42 460
372 418
355 367
352 239
218 174
378 41
467 213
306 91
120 259
268 164
460 53
288 224
286 454
28 246
461 5
376 403
56 460
434 2
459 272
421 143
243 342
280 461
468 293
76 439
463 209
119 151
313 389
147 267
235 364
427 456
29 208
271 440
181 297
132 19
277 192
352 123
197 430
313 256
184 150
299 81
268 285
308 378
445 180
422 200
392 398
218 448
90 142
277 351
14 10
459 41
427 304
70 123
183 63
334 453
358 157
459 78
276 112
202 442
414 171
16 424
257 90
294 439
77 64
433 374
455 241
373 351
405 80
103 21
385 424
351 295
406 121
435 136
308 298
14 354
124 342
375 39
237 112
124 338
433 325
268 26
57 11
190 292
101 59
304 72
89 378
69 325
311 5
420 407
406 415
305 19
140 295
381 336
146 76
339 175
138 276
75 242
13 286
430 118
24 324
383 178
105 250
370 385
205 132
249 245
179 208
174 363
257 85
460 116
383 216
251 35
265 273
350 387
142 223
150 354
403 350
450 163
338 416
94 415
465 375
31 83
362 1
157 44
284 273
141 417
194 255
116 388
388 137
345 93
425 17
337 247
324 423
131 264
8 277
150 394
291 202
226 468
24 342
321 380
277 195
347 404
346 125
283 108
252 440
436 166
269 300
110 126
462 256
137 156
305 437
377 401
181 33
214 123
265 36
218 464
437 96
49 457
326 338
97 165
416 145
468 281
422 299
158 304
2 346
180 14
55 194
34 108
122 84
270 160
158 227
292 246
30 162
334 162
6 13
397 327
332 44
193 119
173 170
176 420
50 184
437 264
152 61
100 289
66 417
211 117
336 442
460 237
208 2
40 152
409 243
105 51
435 392
460 58
297 355
163 418
332 233
107 436
47 92
414 469
232 386
370 266
369 457
358 403
184 85
190 25
15 462
30 13
167 271
390 367
263 290
17 227
347 367
222 168
57 280
420 340
173 468
342 247
138 94
340 348
78 328
253 159
37 84
410 364
320 276
118 227
242 30
377 448
250 140
440 418
303 102
161 116
442 371
27 296
205 225
325 340
115 158
38 271
327 210
90 165
45 69
77 338
182 392
41 100
397 127
95 241
138 64
210 261
61 121
183 266
278 443
334 103
180 8
52 242
45 357
13 391
147 234
105 373
209 151
144 313
308 381
44 454
401 84
445 165
362 351
397 91
397 176
22 220
293 146
336 343
68 207
326 386
457 243
402 55
325 423
335 325
316 190
403 428
112 182
316 321
387 142
460 189
448 55
226 296
146 212
406 117
122 144
342 191
276 11
162 23
251 87
274 371
358 171
369 411
332 412
201 19
216 72
58 450
382 44
179 269
210 186
108 152
366 87
15 312
333 443
144 383
362 292
175 440
285 453
313 387
323 48
303 437
389 174
368 44
457 343
137 276
264 340
375 30
65 412
77 44
125 188
325 270
185 366
453 73
373 69
66 343
50 143
68 82
131 58
354 460
416 445
17 249
95 389
215 277
202 419
443 336
235 160
154 111
75 129
396 25
113 28
223 428
263 109
112 179
132 175
161 208
150 70
451 11
41 297
408 279
386 263
453 9
398 105
315 382
394 282
236 76
148 259
134 344
214 402
18 226
216 181
193 376
322 242
299 246
50 377
297 394
367 359
463 324
160 329
180 391
332 25
336 325
55 212
431 56
458 245
255 152
383 234
95 327
54 435
421 308
421 104
329 153
240 305
458 223
81 252
195 0
113 176
394 166
180 308
337 165
25 292
252 236
457 56
135 218
404 363
266 415
18 465
275 414
51 65
46 121
194 231
467 111
322 313
412 375
153 406
132 464
102 311
125 232
252 68
437 210
52 47
166 73
199 156
450 109
412 193
41 185
345 264
91 111
265 367
284 296
268 324
442 371
328 188
47 38
220 300
370 55
206 162
234 36
358 204
402 293
120 179
326 42
385 433
254 44
193 38
427 173
362 101
276 305
184 439
282 283
160 347
404 225
244 82
386 189
235 290
222 34
72 287
208 376
17 451
382 90
93 11
414 181
436 303
140 326
59 403
29 207
355 457
32 402
248 362
140 221
448 249
263 436
266 150
377 300
281 44
422 196
67 198
57 133
80 231
304 41
0 132
43 216
123 170
253 344
324 154
117 131
440 80
29 244
86 253
21 186
370 179
209 413
311 336
131 122
25 160
33 448
257 285
132 242
321 0
169 293
355 142
179 100
228 385
106 172
166 234
122 81
37 74
293 165
416 185
47 166
438 324
309 246
319 79
389 168
357 81
439 431
197 450
201 7
257 198
233 446
140 75
415 397
174 283
167 147
304 228
399 193
143 158
56 433
170 182
265 288
283 47
406 334
251 361
64 421
285 71
30 227
137 378
332 443
298 374
26 229
210 133
48 172
348 126
24 450
392 348
412 246
432 77
434 207
187 320
427 18
342 275
154 400
118 164
263 443
199 73
415 353
132 84
232 263
398 369
49 344
230 57
15 54
462 299
284 167
224 27
116 308
369 21
93 72
117 197
407 258
270 275
169 279
328 71
45 382
284 237
299 346
37 220
191 386
36 326
326 382
414 156
334 388
110 124
265 403
243 261
399 468
24 448
323 334
287 369
291 391
129 117
71 326
268 465
124 430
313 43
105 405
212 76
262 127
20 96
107 119
146 100
97 318
144 245
279 171
322 83
427 60
262 252
104 173
368 460
83 175
425 29
203 371
126 235
178 214
245 184
36 99
287 88
205 195
334 339
199 335
409 35
375 38
3 193
243 10
469 377
430 97
65 285
149 333
234 466
168 419
394 51
423 391
130 256
129 166
40 341
73 43
298 129
127 248
156 448
274 62
274 462
427 45
383 255
315 166
66 428
432 384
289 85
113 179
318 302
350 344
349 440
227 241
219 178
28 61
425 26
137 226
181 421
131 143
320 127
255 3
122 206
267 182
147 394
61 36
243 296
86 354
296 453
136 263
279 375
200 356
164 383
367 182
311 176
342 232
267 325
196 114
83 297
157 417
420 34
300 80
121 406
115 425
273 254
254 271
160 460
77 294
89 429
391 301
176 235
188 132
140 179
249 198
53 199
322 8
64 61
233 239
251 339
162 212
287 12
90 275
224 333
102 392
71 77
458 181
305 413
10 443
245 140
4 163
61 27
3 19
108 29
255 73
450 128
461 243
12 300
208 259
123 344
400 258
108 248
328 256
18 285
16 221
434 111
230 217
318 383
152 76
79 149
41 251
449 243
249 427
232 238
195 252
199 414
206 361
41 279
383 403
219 122
77 442
438 61
427 160
351 457
135 191
135 11
259 438
175 184
56 418
175 457
104 293
81 461
54 414
231 263
409 27
50 400
260 443
98 210
198 170
303 216
139 236
186 355
171 365
201 350
157 289
81 101
451 148
183 240
204 48
32 267
7 40
434 71
343 413
369 46
112 379
341 448
60 101
121 438
228 126
383 64
150 294
260 412
209 238
20 114
258 120
269 269
176 221
106 214
369 183
30 144
226 251
386 260
444 27
171 410
314 48
235 421
341 406
332 226
241 172
71 38
319 200
273 64
357 250
447 24
24 71
407 77
251 139
348 357
272 181
123 28
441 50
239 376
153 455
99 334
147 340
184 3
75 435
48 396
8 203
211 458
210 415
398 80
47 384
34 371
183 81
118 410
48 280
208 303
377 293
80 425
216 178
428 98
181 248
50 393
38 462
12 47
148 3
427 124
380 303
27 307
373 364
236 314
325 292
6 50
73 412
396 165
214 49
314 411
434 20
204 11
343 281
452 419
9 113
403 291
93 66
33 98
80 410
169 385
38 152
214 442
200 434
203 236
299 179
264 136
252 12
157 350
327 305
142 369
87 186
378 115
160 348
12 48
10 185
413 400
167 380
463 180
319 248
133 39
247 62
284 170
343 86
278 210
103 129
293 238
114 157
85 191
344 341
238 180
283 192
37 344
338 392
301 376
144 184
233 251
246 205
40 194
198 386
250 60
326 409
408 252
231 273
180 163
135 178
327 233
24 260
321 153
314 139
391 179
445 30
459 11
318 115
50 145
152 53
58 223
277 213
22 285
146 41
334 437
121 178
333 368
416 193
136 467
19 140
159 114
36 173
440 173
159 246
414 380
411 389
83 118
152 233
74 118
185 318
76 254
17 250
399 303
447 368
312 204
254 438
331 61
381 77
310 309
28 352
305 264
231 281
367 140
18 242
41 43
272 96
37 417
237 322
9 3
100 205
117 39
321 313
125 357
39 212
416 237
456 224
32 215
252 103
193 27
412 318
369 177
65 373
148 123
183 28
400 413
39 463
88 416
236 402
255 440
259 148
176 326
275 356
341 286
350 250
403 153
211 336
168 240
426 308
7 176
164 119
158 263
176 110
424 195
147 28
86 57
108 100
241 200
203 267
394 298
284 371
435 113
279 13
382 168
8 193
227 203
204 437
452 445
189 110
166 71
395 409
355 268
347 10
11 343
288 341
251 428
320 354
239 228
188 284
123 4
414 322
71 467
439 51
168 291
260 397
201 136
277 155
73 162
107 423
117 407
316 438
44 0
310 67
395 301
166 75
427 382
258 54
313 364
392 234
328 424
198 401
324 10
61 345
37 57
352 358
166 441
82 97
361 441
430 50
112 91
21 137
83 105
24 312
85 386
330 377
72 427
443 151
397 366
359 423
313 296
274 304
469 86
450 107
1 38
121 84
65 405
350 60
71 466
224 27
157 393
125 254
158 335
385 255
438 405
425 290
446 375
269 411
438 222
280 129
285 248
211 338
377 61
159 383
410 84
435 251
351 265
436 347
227 106
213 285
222 362
447 34
284 301
326 84
283 361
227 59
349 104
392 416
257 254
443 279
338 95
131 268
451 328
299 113
188 146
31 74
40 380
192 11
146 416
332 76
204 69
145 43
94 119
239 171
163 255
207 383
396 134
458 51
298 449
157 282
396 235
199 32
346 35
2 388
287 372
286 58
285 60
378 420
197 196
357 75
355 274
115 277
169 291
313 353
349 42
335 244
192 394
12 273
463 162
348 115
129 32
368 378
55 131
232 228
436 306
327 243
433 98
109 24
110 60
211 166
194 143
123 208
209 366
326 406
372 273
200 115
56 34
7 182
38 443
218 317
316 77
45 12
222 140
390 451
223 461
91 276
189 436
119 138
87 335
303 388
66 383
391 402
280 444
167 200
413 334
353 283
436 391
5 209
81 446
142 21
338 355
76 206
50 122
93 60
273 194
136 105
304 27
245 164
299 104
247 198
185 359
118 243
362 102
26 298
214 234
358 307
435 216
448 442
82 444
408 285
417 96
45 2
202 371
174 158
347 217
439 183
179 131
383 248
205 108
256 137
312 55
404 469
359 350
389 24
84 189
2 141
241 141
455 144
385 190
336 345
32 226
79 136
265 456
316 368
459 119
156 124
459 129
368 222
296 366
271 374
328 417
247 407
40 12
261 32
352 304
161 190
340 10
0 287
129 322
253 16
278 34
247 328
455 3
244 304
239 422
223 413
27 123
202 449
346 321
317 233
297 284
179 190
152 410
187 243
74 18
49 348
395 336
146 110
209 111
365 254
392 41
420 334
263 465
227 180
192 371
384 3
233 138
451 243
43 398
223 75
55 437
40 92
232 132
34 268
24 406
461 199
123 354
84 451
177 199
336 372
191 238
404 29
189 252
43 167
372 300
186 364
372 44
244 288
63 304
138 373
315 125
134 371
108 140
436 332
228 87
235 327
210 452
291 289
155 181
154 417
315 119
458 404
376 344
203 342
85 178
207 318
243 80
97 102
327 189
228 29
151 330
364 151
341 63
274 232
424 6
202 205
113 261
384 252
441 321
333 203
372 452
0 157
272 84
286 348
237 238
416 10
338 270
329 165
259 247
412 336
468 204
330 73
337 177
444 411
95 50
411 350
357 204
310 234
462 254
4 217
100 421
129 414
77 69
123 297
441 317
228 55
65 236
315 304
443 113
424 368
74 77
116 389
250 95
382 349
120 62
1 29
170 48
315 121
229 384
422 313
253 133
445 222
204 89
105 406
180 108
302 99
42 220
239 282
31 431
147 218
421 468
321 15
73 81
235 463
320 319
227 379
63 233
445 133
409 2
442 359
199 444
44 281
42 422
234 174
231 385
24 279
385 329
82 142
416 442
393 295
458 9
141 202
70 379
184 400
98 72
424 92
52 110
97 191
287 436
83 379
120 192
178 170
438 368
125 227
427 269
231 151
19 247
38 235
104 282
232 361
32 269
175 100
401 97
193 375
321 247
393 80
335 173
209 114
276 297
53 312
461 403
444 432
350 110
361 215
460 317
291 303
340 307
28 75
376 314
464 192
207 201
247 145
414 138
14 443
239 90
345 141
81 309
350 260
443 155
402 1
96 191
242 163
188 228
149 443
68 103
166 425
383 96
11 325
77 135
161 109
70 37
241 312
456 249
83 275
189 48
257 181
127 237
52 396
69 421
122 78
151 466
81 276
22 189
5 235
31 171
41 306
178 316
280 190
133 180
140 185
15 177
405 174
255 285
199 99
132 59
155 62
54 438
373 42
335 409
288 350
409 330
174 241
163 21
40 176
168 200
389 412
423 437
54 410
17 168
190 245
112 116
66 179
294 395
104 230
64 422
456 271
157 386
19 423
293 140
112 267
467 164
350 51
171 284
243 180
453 151
439 72
89 454
191 228
439 81
444 149
328 292
254 104
376 109
331 437
127 426
162 380
106 203
403 208
333 203
124 464
25 404
147 364
146 250
74 153
57 236
188 298
222 456
53 350
301 166
115 458
39 66
297 425
248 195
406 333
136 14
421 394
66 254
36 200
292 89
147 194
286 431
187 225
62 207
271 358
428 61
121 169
332 275
95 130
123 380
27 287
195 221
460 445
124 108
282 348
214 349
349 236
417 98
269 357
455 78
421 449
345 68
197 93
175 23
104 260
234 329
345 238
157 136
89 466
335 173
88 272
49 24
72 179
173 84
445 5
21 294
311 32
213 118
91 255
411 111
57 237
398 288
416 145
142 429
34 326
30 157
12 247
70 348
460 65
311 407
32 437
102 202
322 274
221 145
421 273
253 397
214 82
127 98
89 90
246 307
184 400
54 331
74 357
428 283
61 250
288 10
241 53
270 60
100 28
469 291
316 14
265 346
229 451
156 35
53 131
202 116
186 117
399 27
342 462
10 310
408 415
45 324
304 65
443 26
194 328
276 424
387 317
79 191
440 142
18 213
135 283
231 110
341 252
286 149
74 100
377 38
207 73
200 119
36 438
343 262
296 28
6 11
334 370
333 225
155 62
104 147
98 237
408 175
404 168
386 16
75 204
323 460
153 346
289 402
94 146
104 290
274 405
461 190
260 200
287 187
99 229
321 320
281 378
246 100
297 364
411 197
213 368
96 279
18 463
386 360
429 191
75 282
72 242
326 361
84 227
380 223
92 419
9 325
137 167
70 249
352 166
444 451
125 179
110 190
41 402
281 49
364 441
245 315
420 52
162 441
65 299
84 435
463 153
313 91
223 380
70 54
56 162
0 90
440 182
67 182
318 447
415 12
267 355
418 375
332 57
86 141
59 242
140 205
302 237
86 136
80 317
410 155
420 337
199 208
285 430
0 224
226 462
21 456
245 416
430 396
110 227
189 147
410 91
375 99
413 58
292 58
211 103
257 360
433 91
440 189
391 237
117 174
318 340
65 130
465 245
226 341
243 370
192 302
436 260
131 344
26 155
425 192
258 195
369 41
305 325
66 426
226 100