47
234
0,
1,
2,
3,
4,
5,
6,
7,
8,
9,
10,
11,
12,
13,
14,
15,
16,
17,
18,
19,
20,
21,
22,
23,
24,
25,
26,
27,
28,
29,
30,
31,
32,
33,
34,
35,
36,
37,
38,
39,
40,
41,
42,
43,
44,
45,
46
32 6
6 20
20 19
19 42
42 11
11 8
8 10
10 16
16 40
40 28
28 1
1 15
15 31
31 22
22 13
13 23
23 36
36 44
44 14
14 2
2 46
46 33
33 39
39 12
12 37
37 24
24 5
5 29
29 4
4 0
0 45
45 9
9 35
35 41
41 26
26 18
18 27
27 38
38 21
21 17
17 34
34 43
43 3
3 30
30 25
25 7
12 28
13 39
4 19
37 12
16 23
8 22
10 45
45 6
41 43
7 27
2 42
26 30
42 2
25 21
5 4
20 6
40 16
4 12
46 18
40 26
8 8
24 9
8 8
9 34
10 36
28 21
21 20
32 19
12 0
33 18
9 39
46 4
34 11
11 28
10 7
40 33
4 40
10 7
1 24
19 14
34 26
37 33
9 27
22 7
2 29
17 18
38 12
12 11
36 14
23 26
35 16
18 39
16 31
44 12
16 12
13 38
1 16
33 46
5 21
30 38
18 29
4 35
16 25
38 33
24 1
0 42
46 8
6 8
10 15
5 41
22 45
7 46
5 30
29 1
16 23
36 35
12 5
11 15
29 44
26 41
4 15
24 35
17 20
24 10
33 6
31 36
7 24
19 29
44 16
40 13
3 46
7 38
3 5
16 32
0 0
11 3
22 18
36 32
18 23
25 36
18 13
17 9
23 38
16 12
43 17
18 11
9 0
40 43
19 7
31 35
7 6
17 42
24 44
19 35
31 3
32 26
26 10
45 14
37 7
34 4
35 37
20 7
7 31
7 5
40 37
22 25
29 36
2 6
20 32
22 32
18 38
28 43
40 9
9 36
27 36
37 22
21 17
42 46
19 11
43 40
18 11
44 44
23 35
41 22
15 25
29 0
5 37
37 36
10 24
19 34
1 45
41 20
30 3
0 11
36 2
5 27
39 39
17 3
1 42
8 12
5 30
21 30
34 26
12 31
13 15
33 0
3 27
33 12
3 43
38 35
39 43
45 9
11 31
8 36
42 19
8 45
10 26
4 45
25 5
38 14
11 13
16 41
43 6
29 9
3 35
8 34
16 0
1 24