48
239
0,
1,
2,
3,
4,
5,
6,
7,
8,
9,
10,
11,
12,
13,
14,
15,
16,
17,
18,
19,
20,
21,
22,
23,
24,
25,
26,
27,
28,
29,
30,
31,
32,
33,
34,
35,
36,
37,
38,
39,
40,
41,
42,
43,
44,
45,
46,
47
33 25
25 34
34 7
7 40
40 6
6 45
45 1
1 18
18 42
42 41
41 36
36 10
10 13
13 0
0 44
44 39
39 5
5 28
28 32
32 27
27 37
37 26
26 47
47 43
43 30
30 22
22 35
35 16
16 3
3 8
8 24
24 4
4 23
23 2
2 29
29 20
20 9
9 15
15 19
19 21
21 14
14 12
12 11
11 38
38 31
31 17
17 46
33 37
28 18
47 31
37 47
19 34
17 4
10 0
24 26
23 40
35 5
12 12
14 27
26 41
5 27
22 33
47 36
9 15
20 47
46 5
30 12
0 31
41 7
32 18
25 22
37 40
26 21
42 9
8 23
40 19
27 26
11 47
42 24
35 26
6 12
8 23
47 45
34 22
8 7
14 16
17 18
4 30
27 20
10 44
19 14
22 37
32 14
10 38
33 24
5 13
38 24
42 46
41 3
17 33
28 10
26 38
28 3
46 6
43 46
0 47
2 33
26 1
13 38
21 34
10 46
19 29
12 15
14 3
38 34
40 38
29 41
21 26
16 44
30 44
46 43
37 9
23 25
14 44
43 14
4 28
11 36
11 44
34 8
5 0
25 25
37 10
39 19
20 39
43 11
6 40
3 32
47 29
15 29
2 44
25 12
2 27
47 42
39 4
43 0
27 32
35 33
12 32
30 36
40 12
39 44
7 27
3 4
35 43
1 36
41 22
36 40
12 28
35 17
11 10
16 3
3 7
29 35
29 26
2 3
31 0
26 6
47 10
32 45
21 21
5 24
5 10
0 19
18 6
30 38
21 1
12 8
17 9
19 7
20 21
40 33
42 17
26 28
39 7
43 5
47 7
40 7
31 1
5 13
46 2
40 46
35 29
11 1
4 8
35 38
35 25
6 4
31 45
12 18
9 11
17 28
33 32
35 35
27 6
12 44
37 26
47 45
39 38
3 29
1 9
12 4
41 5
18 14
19 15
0 20
47 35
19 12
41 10
35 43
4 15
35 2
40 6
19 29
18 15
16 2
13 21
30 39
22 41
39 45
2 2
17 17
6 36
24 31
1 5
7 35
38 11
36 29
44 20
45 33