490
2449
0,
1,
2,
3,
4,
5,
6,
7,
8,
9,
10,
11,
12,
13,
14,
15,
16,
17,
18,
19,
20,
21,
22,
23,
24,
25,
26,
27,
28,
29,
30,
31,
32,
33,
34,
35,
36,
37,
38,
39,
40,
41,
42,
43,
44,
45,
46,
47,
48,
49,
50,
51,
52,
53,
54,
55,
56,
57,
58,
59,
60,
61,
62,
63,
64,
65,
66,
67,
68,
69,
70,
71,
72,
73,
74,
75,
76,
77,
78,
79,
80,
81,
82,
83,
84,
85,
86,
87,
88,
89,
90,
91,
92,
93,
94,
95,
96,
97,
98,
99,
100,
101,
102,
103,
104,
105,
106,
107,
108,
109,
110,
111,
112,
113,
114,
115,
116,
117,
118,
119,
120,
121,
122,
123,
124,
125,
126,
127,
128,
129,
130,
131,
132,
133,
134,
135,
136,
137,
138,
139,
140,
141,
142,
143,
144,
145,
146,
147,
148,
149,
150,
151,
152,
153,
154,
155,
156,
157,
158,
159,
160,
161,
162,
163,
164,
165,
166,
167,
168,
169,
170,
171,
172,
173,
174,
175,
176,
177,
178,
179,
180,
181,
182,
183,
184,
185,
186,
187,
188,
189,
190,
191,
192,
193,
194,
195,
196,
197,
198,
199,
200,
201,
202,
203,
204,
205,
206,
207,
208,
209,
210,
211,
212,
213,
214,
215,
216,
217,
218,
219,
220,
221,
222,
223,
224,
225,
226,
227,
228,
229,
230,
231,
232,
233,
234,
235,
236,
237,
238,
239,
240,
241,
242,
243,
244,
245,
246,
247,
248,
249,
250,
251,
252,
253,
254,
255,
256,
257,
258,
259,
260,
261,
262,
263,
264,
265,
266,
267,
268,
269,
270,
271,
272,
273,
274,
275,
276,
277,
278,
279,
280,
281,
282,
283,
284,
285,
286,
287,
288,
289,
290,
291,
292,
293,
294,
295,
296,
297,
298,
299,
300,
301,
302,
303,
304,
305,
306,
307,
308,
309,
310,
311,
312,
313,
314,
315,
316,
317,
318,
319,
320,
321,
322,
323,
324,
325,
326,
327,
328,
329,
330,
331,
332,
333,
334,
335,
336,
337,
338,
339,
340,
341,
342,
343,
344,
345,
346,
347,
348,
349,
350,
351,
352,
353,
354,
355,
356,
357,
358,
359,
360,
361,
362,
363,
364,
365,
366,
367,
368,
369,
370,
371,
372,
373,
374,
375,
376,
377,
378,
379,
380,
381,
382,
383,
384,
385,
386,
387,
388,
389,
390,
391,
392,
393,
394,
395,
396,
397,
398,
399,
400,
401,
402,
403,
404,
405,
406,
407,
408,
409,
410,
411,
412,
413,
414,
415,
416,
417,
418,
419,
420,
421,
422,
423,
424,
425,
426,
427,
428,
429,
430,
431,
432,
433,
434,
435,
436,
437,
438,
439,
440,
441,
442,
443,
444,
445,
446,
447,
448,
449,
450,
451,
452,
453,
454,
455,
456,
457,
458,
459,
460,
461,
462,
463,
464,
465,
466,
467,
468,
469,
470,
471,
472,
473,
474,
475,
476,
477,
478,
479,
480,
481,
482,
483,
484,
485,
486,
487,
488,
489
313 365
365 2
2 0
0 414
414 484
484 100
100 325
325 174
174 33
33 120
120 188
188 450
450 435
435 395
395 85
85 82
82 6
6 319
319 103
103 268
268 317
317 135
135 483
483 29
29 403
403 419
419 303
303 115
115 401
401 24
24 273
273 446
446 459
459 223
223 139
139 465
465 329
329 416
416 95
95 192
192 283
283 30
30 173
173 479
479 304
304 15
15 340
340 360
360 314
314 136
136 27
27 68
68 121
121 260
260 78
78 16
16 472
472 315
315 51
51 65
65 354
354 383
383 217
217 119
119 224
224 343
343 471
471 428
428 252
252 444
444 35
35 212
212 385
385 276
276 72
72 197
197 346
346 146
146 415
415 394
394 300
300 280
280 193
193 225
225 393
393 431
431 275
275 265
265 326
326 23
23 248
248 286
286 379
379 462
462 117
117 451
451 229
229 356
356 218
218 369
369 40
40 442
442 266
266 93
93 443
443 177
177 320
320 486
486 242
242 278
278 90
90 10
10 81
81 70
70 375
375 399
399 175
175 238
238 467
467 461
461 366
366 481
481 386
386 257
257 305
305 295
295 151
151 56
56 208
208 420
420 131
131 83
83 11
11 195
195 370
370 466
466 396
396 110
110 361
361 301
301 288
288 245
245 7
7 237
237 41
41 163
163 154
154 167
167 156
156 364
364 309
309 378
378 246
246 241
241 134
134 277
277 89
89 448
448 4
4 201
201 291
291 55
55 13
13 271
271 406
406 102
102 453
453 372
372 306
306 348
348 476
476 34
34 28
28 219
219 88
88 335
335 323
323 64
64 402
402 21
21 67
67 294
294 359
359 203
203 290
290 184
184 38
38 352
352 144
144 234
234 318
318 198
198 130
130 258
258 287
287 441
441 333
333 158
158 489
489 231
231 374
374 353
353 270
270 418
418 31
31 382
382 474
474 166
166 91
91 388
388 337
337 267
267 58
58 171
171 384
384 157
157 312
312 289
289 94
94 233
233 464
464 216
216 123
123 222
222 17
17 205
205 478
478 18
18 210
210 424
424 392
392 206
206 79
79 253
253 432
432 148
148 327
327 8
8 311
311 439
439 98
98 32
32 274
274 349
349 458
458 437
437 63
63 421
421 43
43 247
247 380
380 316
316 426
426 400
400 46
46 183
183 36
36 263
263 336
336 141
141 122
122 209
209 140
140 54
54 429
429 475
475 159
159 342
342 211
211 377
377 129
129 228
228 200
200 321
321 269
269 452
452 3
3 5
5 381
381 37
37 254
254 181
181 449
449 207
207 425
425 66
66 189
189 350
350 281
281 133
133 47
47 108
108 176
176 44
44 221
221 155
155 20
20 118
118 147
147 284
284 145
145 227
227 409
409 104
104 447
447 235
235 407
407 460
460 404
404 152
152 113
113 264
264 440
440 256
256 324
324 12
12 194
194 433
433 99
99 149
149 470
470 57
57 178
178 124
124 398
398 469
469 190
190 367
367 73
73 87
87 363
363 75
75 84
84 69
69 296
296 347
347 168
168 77
77 74
74 172
172 438
438 80
80 332
332 164
164 153
153 468
468 436
436 107
107 345
345 61
61 96
96 351
351 26
26 250
250 101
101 142
142 109
109 341
341 62
62 185
185 376
376 45
45 126
126 373
373 412
412 111
111 97
97 236
236 259
259 92
92 240
240 480
480 463
463 106
106 165
165 42
42 48
48 299
299 310
310 116
116 60
60 456
456 105
105 411
411 457
457 114
114 357
357 202
202 249
249 244
244 368
368 230
230 52
52 138
138 59
59 226
226 405
405 169
169 408
408 322
322 285
285 19
19 487
487 302
302 71
71 279
279 261
261 331
331 422
422 477
477 182
182 307
307 137
137 344
344 128
128 454
454 132
132 9
9 371
371 170
170 292
292 430
430 455
455 358
358 180
180 293
293 49
49 362
362 298
298 53
53 50
50 434
434 387
387 427
427 251
251 423
423 391
391 150
150 14
14 215
215 410
410 25
25 413
413 232
232 196
196 397
397 390
390 282
282 214
214 485
485 187
187 1
1 213
213 204
204 445
445 86
86 160
160 243
243 186
186 389
389 125
125 199
199 297
297 161
161 255
255 127
127 112
112 488
488 22
22 239
239 334
334 272
272 162
162 338
338 339
339 308
308 76
76 417
417 191
191 473
473 179
179 330
330 143
143 482
482 355
355 328
328 39
39 262
262 220
380 76
103 354
331 98
119 238
97 487
192 138
341 125
76 324
213 40
83 477
190 219
33 108
450 396
467 429
124 361
58 142
488 258
25 431
437 141
58 125
316 319
90 65
415 23
364 102
379 222
111 138
198 312
428 178
317 167
421 172
278 155
443 59
485 329
415 81
185 105
270 60
415 434
249 172
369 362
334 115
442 347
390 266
457 289
261 80
105 1
468 393
349 221
153 449
245 106
123 474
353 236
293 172
307 256
124 478
165 373
215 277
296 118
337 266
417 133
138 11
226 291
354 75
192 459
60 68
165 222
318 311
261 470
96 311
431 71
361 42
460 278
153 402
142 359
77 342
234 383
366 134
383 319
54 295
306 138
135 142
108 30
18 213
179 211
255 401
289 67
75 163
455 260
55 19
477 297
320 189
146 88
252 205
222 209
207 351
319 3
414 211
279 301
445 26
3 428
438 65
193 237
13 8
108 178
343 41
274 439
114 382
21 263
139 325
68 213
228 453
409 310
59 409
323 231
332 181
39 293
361 273
291 230
302 150
141 112
274 221
232 97
223 444
193 229
444 195
96 412
422 249
97 96
33 474
330 26
145 301
336 120
204 460
425 309
380 364
452 413
149 428
315 292
269 109
319 17
196 21
11 257
37 304
263 180
116 9
72 216
368 33
78 432
168 481
43 52
36 339
197 91
24 54
440 271
161 15
314 311
43 384
344 290
69 254
325 393
303 207
38 10
344 356
193 446
158 68
11 169
226 429
350 258
455 350
372 343
69 310
43 412
183 8
227 249
206 152
41 299
80 106
308 219
457 470
341 487
149 186
119 442
363 442
174 437
94 341
242 329
1 87
419 356
189 470
248 234
226 429
437 233
84 22
288 226
399 146
399 177
463 100
219 347
290 110
256 131
175 111
308 79
206 325
418 457
18 471
274 394
64 177
160 433
8 341
415 65
154 181
134 63
348 62
361 301
205 89
381 106
312 165
304 373
2 229
163 154
1 51
18 401
161 166
12 36
258 335
376 7
475 176
323 199
238 16
237 369
165 4
405 217
211 71
172 110
305 350
203 290
130 142
6 331
435 444
365 393
254 365
372 480
467 325
160 368
244 337
252 242
472 289
485 180
447 24
69 356
212 56
233 138
475 164
430 430
287 484
421 153
102 187
219 50
486 431
56 247
64 7
111 389
273 324
376 355
311 201
237 347
425 146
357 441
226 141
243 51
169 331
317 417
80 144
212 403
363 43
69 419
267 459
486 458
419 439
21 325
176 69
34 400
34 339
28 240
162 261
69 374
471 55
428 407
421 112
135 52
322 467
382 82
136 113
227 188
436 115
323 357
63 373
439 109
294 138
377 9
184 429
52 454
275 460
300 455
189 327
330 74
179 144
221 302
468 179
141 126
37 144
310 22
83 204
165 6
375 357
300 389
327 37
55 294
381 188
356 7
186 444
449 289
239 319
138 271
190 117
323 128
485 128
459 31
199 267
292 1
364 180
174 68
417 101
429 235
240 485
40 240
264 234
102 75
145 190
272 66
412 274
483 279
435 326
315 381
458 112
212 441
225 263
194 456
143 215
96 368
337 70
54 425
348 194
357 121
431 186
149 488
13 215
455 314
41 216
193 308
440 276
471 362
12 123
446 326
123 285
11 393
279 447
444 241
372 68
327 299
407 169
337 144
483 375
24 155
20 253
84 379
325 368
360 381
470 115
406 147
89 57
300 12
165 322
302 340
304 272
189 254
431 422
220 8
64 16
145 56
199 434
108 52
72 89
21 297
180 479
160 170
300 245
23 220
206 87
273 446
342 255
47 280
182 426
193 100
314 329
310 283
69 180
147 343
187 133
325 419
484 315
303 425
479 211
148 285
287 326
177 39
76 232
331 254
187 332
457 448
159 170
63 394
45 272
250 341
422 357
453 276
101 470
43 339
343 84
370 358
339 479
48 308
84 469
264 340
410 15
436 264
355 267
317 120
189 270
383 451
33 33
118 286
95 56
104 473
268 397
206 158
421 266
271 367
412 388
419 469
84 152
322 371
398 442
100 322
77 195
345 92
179 395
70 224
149 360
350 406
141 488
109 463
330 376
140 209
119 172
151 68
217 456
251 162
340 48
466 472
218 250
473 480
311 334
408 39
386 488
380 343
434 83
214 301
56 65
21 40
69 17
68 320
320 472
167 383
54 364
261 149
23 276
5 278
205 37
161 44
18 39
138 470
156 254
165 399
215 411
54 466
475 350
430 310
361 409
489 181
287 167
107 312
116 403
460 374
461 387
25 348
10 412
365 28
281 442
131 296
243 208
118 213
21 264
104 258
169 309
180 36
417 92
94 230
377 163
368 213
191 131
16 481
36 292
239 76
52 445
39 220
88 196
432 278
426 402
1 140
403 269
319 427
217 431
151 304
357 289
172 306
357 4
139 410
144 58
110 117
168 180
226 372
213 407
313 215
245 374
312 129
160 221
479 462
482 62
149 422
259 60
470 53
72 405
191 15
253 357
488 377
472 169
260 445
271 236
2 209
111 41
358 11
21 39
201 309
141 122
309 24
324 68
337 249
147 14
252 120
374 369
371 61
463 135
291 74
120 349
286 2
94 308
122 480
476 299
468 13
430 306
204 436
410 252
168 62
373 333
476 371
117 387
43 361
7 69
471 49
332 346
380 224
107 96
429 293
152 343
325 404
463 44
185 215
321 405
151 351
485 371
79 409
455 400
141 298
106 281
360 385
340 437
41 259
185 89
269 271
25 319
176 410
429 134
320 89
267 104
447 272
160 391
384 244
188 12
470 87
314 53
271 149
61 75
431 456
362 188
80 53
474 93
293 130
69 420
260 345
454 172
234 278
32 85
437 286
242 270
107 170
469 343
85 48
84 251
164 126
374 483
172 371
101 126
128 301
255 8
251 334
273 465
54 483
159 23
151 69
157 482
146 286
122 68
289 300
149 341
146 324
8 473
342 65
210 167
437 443
136 31
18 370
188 298
339 447
465 155
120 441
486 222
105 384
188 228
467 133
115 299
136 112
367 430
298 317
214 77
370 68
480 76
194 28
122 216
341 26
136 277
194 368
171 237
77 260
210 173
35 192
247 70
4 449
482 410
132 43
480 394
279 17
359 103
162 439
182 223
360 323
466 471
101 282
104 393
314 363
485 224
223 364
34 85
351 423
14 198
326 321
402 309
196 397
20 399
34 80
285 408
43 342
303 132
350 6
440 179
40 319
218 309
286 429
130 366
393 115
292 278
47 345
185 139
407 401
463 370
250 273
150 157
394 190
367 203
404 31
356 31
98 29
260 429
326 345
172 297
327 140
19 3
335 295
319 203
330 97
370 347
381 231
354 264
248 190
277 474
333 84
231 174
228 280
367 38
463 90
192 429
396 209
231 164
472 351
428 479
415 272
179 215
128 127
57 232
7 349
286 176
434 420
50 110
61 457
213 89
397 457
477 411
374 369
308 442
173 434
101 124
445 135
477 189
301 447
394 256
261 431
25 27
286 474
173 3
416 27
41 124
347 10
74 477
447 391
110 314
198 58
426 308
106 218
451 303
28 147
52 478
158 285
472 157
100 370
348 479
485 242
362 330
63 34
150 396
53 53
280 306
465 70
348 161
447 24
72 418
66 266
232 5
470 470
53 162
270 136
242 81
107 442
438 388
425 49
459 396
63 188
181 454
318 1
326 76
190 374
30 344
180 373
144 226
143 318
279 367
424 379
380 376
436 339
275 189
282 260
399 344
389 433
158 131
316 206
170 456
277 271
278 468
78 361
138 107
335 354
6 330
459 72
282 125
310 89
460 283
58 247
180 5
74 320
276 259
344 138
213 451
147 179
327 112
483 11
478 458
274 12
97 195
417 366
400 60
200 84
83 360
276 301
130 391
268 257
413 287
157 481
14 299
383 205
250 402
483 304
71 32
209 267
212 59
414 450
396 32
166 389
346 131
407 472
152 78
475 263
483 396
389 140
252 441
354 78
157 313
255 116
450 453
423 175
101 96
481 206
27 190
454 478
202 417
90 89
26 378
294 355
138 380
464 209
28 433
181 369
438 433
26 137
428 404
116 126
392 63
416 328
319 18
96 482
54 190
179 281
7 363
253 343
217 4
90 161
180 449
130 35
37 277
36 174
472 472
293 411
327 369
20 263
248 259
260 76
215 437
71 370
92 423
52 268
485 485
10 286
356 89
455 296
238 168
159 32
9 132
99 321
76 289
134 285
183 397
460 429
232 89
291 415
287 334
150 345
329 399
112 14
84 212
466 329
104 223
424 6
25 277
110 166
335 281
340 419
466 269
440 49
342 118
141 48
165 411
139 227
144 103
47 246
5 476
347 103
6 97
63 339
129 389
48 375
69 265
483 86
393 112
53 469
223 17
197 48
274 25
247 376
23 139
373 223
301 79
360 323
235 338
403 56
340 262
98 46
201 289
76 146
407 141
470 88
368 226
470 324
227 327
268 370
465 360
207 400
267 238
415 276
182 113
183 451
161 46
340 52
220 196
376 436
62 329
296 20
281 432
386 445
489 185
118 116
1 345
72 16
395 13
289 27
85 278
271 297
229 98
46 192
294 12
424 42
458 321
179 401
355 337
414 63
447 197
331 284
400 362
218 468
125 441
195 256
61 413
25 487
134 116
330 62
257 296
408 424
132 456
141 156
405 233
429 156
253 7
79 214
109 281
32 261
461 296
180 8
174 229
195 143
102 296
318 333
46 381
45 327
62 148
57 158
97 430
24 219
184 217
408 424
212 137
413 305
196 344
12 362
245 264
181 181
153 183
42 67
128 159
436 94
253 208
382 41
266 440
434 169
450 68
442 187
278 355
488 363
440 303
36 317
35 272
140 299
84 233
435 49
454 63
82 162
131 366
425 83
240 23
133 457
55 147
167 190
470 386
40 209
5 156
204 256
112 188
11 458
219 132
462 292
316 75
105 446
296 478
245 21
416 209
197 99
313 419
243 130
267 115
194 464
424 92
429 203
106 162
372 307
250 377
252 133
75 70
395 81
266 54
387 226
414 141
19 207
4 354
142 174
272 270
259 187
120 410
231 290
39 112
335 485
71 22
82 136
41 56
173 183
480 67
315 151
375 243
132 382
406 360
95 396
24 212
201 472
242 293
110 110
225 62
279 34
359 250
324 369
286 261
241 202
363 403
61 435
6 280
409 232
303 139
267 432
89 164
455 2
267 235
100 213
364 187
152 404
353 216
232 148
158 445
305 187
450 145
487 269
404 100
68 52
413 442
5 198
204 128
36 41
140 203
80 331
372 226
390 111
97 344
324 244
186 466
416 42
196 423
280 194
157 50
219 334
40 114
211 398
385 471
444 116
52 398
213 214
139 147
332 209
376 267
432 109
428 95
312 14
100 201
59 66
244 201
389 291
414 370
94 355
215 456
297 408
242 480
240 215
164 248
341 471
29 330
197 331
179 179
397 418
114 406
190 125
484 309
70 174
108 409
471 44
339 127
445 445
30 220
349 191
23 132
132 319
151 18
103 86
346 109
43 108
434 236
166 316
483 65
173 264
238 6
155 109
82 73
402 447
282 218
196 346
28 432
168 164
231 156
143 342
325 8
404 138
217 378
115 235
379 168
8 300
474 357
257 303
479 414
382 475
43 230
396 289
26 381
333 54
190 344
19 34
178 319
279 310
439 454
470 189
247 200
216 174
244 1
57 145
317 18
454 473
113 165
196 170
409 366
196 33
383 407
154 245
295 8
405 115
188 350
409 83
307 107
155 370
351 306
131 397
461 173
41 181
377 96
175 345
477 360
31 51
330 74
164 418
150 427
313 240
459 143
485 423
124 216
405 216
83 318
334 284
11 162
140 471
176 5
419 87
90 24
117 107
61 386
214 187
360 169
333 409
48 129
183 123
103 262
476 242
30 102
221 322
478 356
129 122
179 377
58 338
387 124
272 410
180 217
265 417
260 458
102 323
352 89
186 336
0 236
99 413
207 38
87 259
444 224
376 40
473 138
92 187
284 267
41 461
477 293
418 169
251 48
251 214
223 156
471 289
108 428
219 469
343 153
56 383
331 446
416 445
350 351
22 231
171 194
80 206
425 240
174 30
274 340
385 321
468 225
313 59
212 176
75 422
268 446
411 81
458 351
180 312
276 59
189 320
103 241
401 34
311 456
124 180
362 266
474 10
254 419
275 260
251 259
100 233
434 416
60 231
44 416
64 147
329 369
133 332
364 409
32 219
349 158
463 184
316 424
163 475
373 78
136 457
360 112
362 245
36 179
292 282
251 2
315 234
19 471
231 382
401 417
380 308
43 100
463 45
55 333
229 97
79 389
58 446
189 392
303 155
335 394
66 421
80 461
176 60
213 219
396 425
209 380
391 241
445 193
96 429
342 322
80 315
309 274
468 356
131 355
266 239
427 97
123 164
455 87
357 48
197 170
326 282
199 310
153 474
321 29
313 71
320 245
191 136
245 236
139 7
465 320
168 402
481 370
30 104
209 154
170 236
36 243
237 345
1 102
62 239
43 233
403 251
150 441
307 478
364 62
202 225
189 478
145 122
247 63
413 341
174 31
385 60
271 108
118 272
213 183
102 97
245 331
40 479
355 40
16 212
413 319
431 42
467 457
127 74
361 347
63 90
12 293
380 409
316 191
301 201
441 275
467 382
401 13
19 23
93 382
411 221
381 0
467 277
27 391
28 180
52 111
219 397
37 195
279 70
474 358
482 22
470 78
320 429
213 321
84 374
392 462
294 190
186 244
176 440
30 255
62 225
354 174
76 380
2 3
218 486
217 166
422 350
439 238
182 203
216 240
403 141
473 486
143 218
368 286
215 321
175 68
479 482
460 25
17 40
399 279
18 84
366 382
296 452
438 58
350 275
77 448
361 330
250 205
467 108
174 297
244 485
325 349
38 472
215 369
141 431
6 137
357 316
73 127
37 489
173 44
128 110
327 306
405 306
96 481
72 228
261 396
55 84
421 145
234 254
339 489
118 391
155 185
35 173
18 179
363 278
488 103
425 434
132 268
225 448
280 435
241 337
328 86
64 260
228 34
274 95
183 110
142 137
268 262
121 90
176 224
116 359
366 392
322 40
43 70
145 279
123 177
83 233
354 380
345 343
411 276
87 153
150 264
432 385
33 391
320 335
145 40
382 60
95 337
271 414
219 122
55 235
451 125
229 297
4 139
109 306
109 230
464 398
400 271
140 171
285 211
303 209
262 258
173 353
359 357
199 40
411 357
193 260
447 177
291 175
153 308
166 150
254 341
343 104
86 211
260 357
338 52
56 433
331 157
8 455
375 190
177 206
137 285
115 245
99 411
363 48
214 52
365 232
210 306
299 245
404 155
24 421
78 337
319 130
40 65
226 61
4 269
296 214
4 442
191 319
371 333
466 386
77 91
208 70
343 216
43 471
370 323
357 150
368 385
76 173
155 331
92 107
328 70
47 0
154 301
256 3
247 251
450 149
407 261
354 167
340 419
254 416
117 413
91 347
31 234
40 315
260 160
135 474
4 260
254 29
453 12
174 99
322 305
365 192
278 386
28 390
227 75
280 338
480 315
338 354
95 452
15 130
12 381
93 465
161 31
446 173
332 281
146 183
115 434
59 169
33 114
178 419
304 61
334 376
371 261
372 38
127 139
46 146
327 455
176 168
291 145
281 25
11 448
249 478
380 121
189 7
127 202
139 118
285 338
257 180
396 363
445 255
32 13
227 143
422 243
351 260
264 22
112 235
229 14
248 336
80 196
284 331
40 441
437 456
402 382
445 334
445 433
315 140
221 189
45 301
155 79
481 483
158 375
425 456
251 357
256 165
360 192
116 295
419 369
296 145
408 146
368 24
401 252
396 324
35 208
29 115
461 240
376 231
55 468
195 320
422 377
443 27
22 71
279 215
243 126
473 466
250 94
32 271
310 46
51 217
370 96
53 229
238 155
86 422
327 483
282 85
117 203
336 43
225 422
341 197
7 450
318 237
79 248
400 23
85 351
142 399
158 290
280 267
77 240
154 397
140 224
103 318
274 15
355 32
244 233
122 16
290 263
318 289
25 216
106 359
202 170
135 74
477 115
121 39
165 168
85 109
17 300
149 365
452 456
397 436
266 271
81 362
483 338
211 473
455 27
289 50
202 30
118 184
476 143
66 52
38 374
473 26
467 140
425 400
14 299
273 7
251 275
385 428
275 247
478 373
450 416
347 303
116 384
322 163
400 247
190 245
215 38
99 15
46 53
128 335
399 124
245 106
198 473
246 449
61 124
380 230
74 161
422 372
310 283
390 274
18 186
109 338
289 375
94 309
414 22
219 337
116 69
109 182
57 79
395 251
85 482
143 360
401 405
420 30
423 111
415 151
316 307
485 154
85 270
378 227
442 237
73 55
17 410
62 181
324 161
113 363
62 44
292 409
72 279
309 297
438 485
99 213
330 337
283 447
411 287
411 346
476 154
419 428
22 383
354 233
172 86
254 204
218 68
408 99
10 379
207 193
212 359
433 295
179 438
426 400
235 472
186 382
457 10
396 482
2 164
480 225
470 296
193 414
63 408
6 136
403 132
58 420
338 333
322 298
284 225
291 367
335 349
133 65
190 19
67 262
470 223
464 20
287 367
403 25
211 52
39 36
267 239
57 386
130 364
18 363
226 346
413 68
282 251
377 454
316 15
17 465
105 298
366 5
395 308
417 182
303 92
377 85
42 217
204 87
310 40
310 460
372 467
127 230
339 67
40 166
382 459
36 125
351 203
226 357
206 415
330 315
251 130
354 129
425 80
361 172
16 239
318 486
204 477
229 362
82 443
181 192
294 100
135 228
189 477
197 175
345 91