49
244
0,
1,
2,
3,
4,
5,
6,
7,
8,
9,
10,
11,
12,
13,
14,
15,
16,
17,
18,
19,
20,
21,
22,
23,
24,
25,
26,
27,
28,
29,
30,
31,
32,
33,
34,
35,
36,
37,
38,
39,
40,
41,
42,
43,
44,
45,
46,
47,
48
31 7
7 25
25 1
1 6
6 3
3 30
30 35
35 16
16 20
20 11
11 18
18 21
21 5
5 22
22 14
14 39
39 0
0 15
15 13
13 34
34 46
46 44
44 27
27 19
19 37
37 32
32 23
23 24
24 4
4 42
42 38
38 8
8 45
45 2
2 36
36 40
40 10
10 12
12 43
43 29
29 47
47 28
28 33
33 9
9 26
26 41
41 48
48 17
19 36
22 42
30 12
44 18
9 0
6 16
19 24
13 25
4 18
14 26
5 32
19 8
30 34
21 40
27 39
32 11
47 0
32 31
20 5
10 24
13 41
30 20
31 30
32 22
6 28
33 34
20 22
39 15
42 36
32 46
6 14
5 47
17 33
3 39
5 25
26 26
25 26
20 6
44 0
45 48
16 6
19 26
12 43
11 41
35 32
10 36
13 1
47 3
20 3
14 36
24 44
16 41
14 36
21 46
40 2
44 12
17 34
13 17
15 4
47 35
29 34
40 5
38 35
12 29
11 47
34 16
20 41
9 36
9 27
40 22
33 32
5 33
1 13
44 21
6 26
12 22
44 15
43 20
16 40
12 29
47 45
0 38
5 18
46 17
4 18
20 47
26 39
18 36
29 23
44 4
37 1
34 18
43 29
22 11
39 6
12 20
3 0
39 14
38 44
8 43
32 35
11 33
33 41
28 39
38 44
0 13
36 24
16 24
27 16
37 23
5 6
31 20
26 30
46 34
15 13
43 12
10 11
43 15
13 24
18 37
12 25
35 33
24 32
32 46
5 39
42 41
31 35
8 27
39 37
22 39
4 13
37 20
11 24
26 33
17 28
33 43
2 28
3 2
6 14
16 31
45 26
29 15
7 35
11 41
8 9
32 3
27 29
45 46
37 22
45 48
38 46
5 37
39 21
40 4
41 0
24 43
10 3
39 35
4 47
46 11
38 32
36 24
13 14
16 5
24 48
31 3
21 17
37 18
21 36
35 12
34 5
10 24
15 42
1 15
36 33
42 6
0 37
16 31
18 41
4 39
39 34
36 12
2 25
3 3
35 37
5 41
28 32
29 39
10 44
44 44
20 27
13 11
31 20
39 25
18 16
1 33