500
2499
0,
1,
2,
3,
4,
5,
6,
7,
8,
9,
10,
11,
12,
13,
14,
15,
16,
17,
18,
19,
20,
21,
22,
23,
24,
25,
26,
27,
28,
29,
30,
31,
32,
33,
34,
35,
36,
37,
38,
39,
40,
41,
42,
43,
44,
45,
46,
47,
48,
49,
50,
51,
52,
53,
54,
55,
56,
57,
58,
59,
60,
61,
62,
63,
64,
65,
66,
67,
68,
69,
70,
71,
72,
73,
74,
75,
76,
77,
78,
79,
80,
81,
82,
83,
84,
85,
86,
87,
88,
89,
90,
91,
92,
93,
94,
95,
96,
97,
98,
99,
100,
101,
102,
103,
104,
105,
106,
107,
108,
109,
110,
111,
112,
113,
114,
115,
116,
117,
118,
119,
120,
121,
122,
123,
124,
125,
126,
127,
128,
129,
130,
131,
132,
133,
134,
135,
136,
137,
138,
139,
140,
141,
142,
143,
144,
145,
146,
147,
148,
149,
150,
151,
152,
153,
154,
155,
156,
157,
158,
159,
160,
161,
162,
163,
164,
165,
166,
167,
168,
169,
170,
171,
172,
173,
174,
175,
176,
177,
178,
179,
180,
181,
182,
183,
184,
185,
186,
187,
188,
189,
190,
191,
192,
193,
194,
195,
196,
197,
198,
199,
200,
201,
202,
203,
204,
205,
206,
207,
208,
209,
210,
211,
212,
213,
214,
215,
216,
217,
218,
219,
220,
221,
222,
223,
224,
225,
226,
227,
228,
229,
230,
231,
232,
233,
234,
235,
236,
237,
238,
239,
240,
241,
242,
243,
244,
245,
246,
247,
248,
249,
250,
251,
252,
253,
254,
255,
256,
257,
258,
259,
260,
261,
262,
263,
264,
265,
266,
267,
268,
269,
270,
271,
272,
273,
274,
275,
276,
277,
278,
279,
280,
281,
282,
283,
284,
285,
286,
287,
288,
289,
290,
291,
292,
293,
294,
295,
296,
297,
298,
299,
300,
301,
302,
303,
304,
305,
306,
307,
308,
309,
310,
311,
312,
313,
314,
315,
316,
317,
318,
319,
320,
321,
322,
323,
324,
325,
326,
327,
328,
329,
330,
331,
332,
333,
334,
335,
336,
337,
338,
339,
340,
341,
342,
343,
344,
345,
346,
347,
348,
349,
350,
351,
352,
353,
354,
355,
356,
357,
358,
359,
360,
361,
362,
363,
364,
365,
366,
367,
368,
369,
370,
371,
372,
373,
374,
375,
376,
377,
378,
379,
380,
381,
382,
383,
384,
385,
386,
387,
388,
389,
390,
391,
392,
393,
394,
395,
396,
397,
398,
399,
400,
401,
402,
403,
404,
405,
406,
407,
408,
409,
410,
411,
412,
413,
414,
415,
416,
417,
418,
419,
420,
421,
422,
423,
424,
425,
426,
427,
428,
429,
430,
431,
432,
433,
434,
435,
436,
437,
438,
439,
440,
441,
442,
443,
444,
445,
446,
447,
448,
449,
450,
451,
452,
453,
454,
455,
456,
457,
458,
459,
460,
461,
462,
463,
464,
465,
466,
467,
468,
469,
470,
471,
472,
473,
474,
475,
476,
477,
478,
479,
480,
481,
482,
483,
484,
485,
486,
487,
488,
489,
490,
491,
492,
493,
494,
495,
496,
497,
498,
499
445 102
102 252
252 350
350 271
271 27
27 18
18 12
12 475
475 430
430 212
212 473
473 275
275 426
426 332
332 493
493 84
84 490
490 478
478 80
80 81
81 344
344 63
63 368
368 492
492 291
291 384
384 7
7 378
378 257
257 55
55 178
178 283
283 58
58 358
358 141
141 14
14 93
93 76
76 255
255 423
423 128
128 412
412 204
204 148
148 23
23 419
419 183
183 457
457 236
236 54
54 409
409 286
286 115
115 494
494 376
376 422
422 326
326 301
301 4
4 60
60 165
165 30
30 247
247 35
35 65
65 360
360 383
383 241
241 3
3 322
322 371
371 21
21 290
290 375
375 91
91 100
100 101
101 6
6 111
111 411
411 214
214 474
474 124
124 313
313 300
300 140
140 425
425 336
336 309
309 172
172 414
414 263
263 400
400 237
237 29
29 484
484 386
386 191
191 335
335 486
486 454
454 173
173 388
388 227
227 2
2 201
201 379
379 231
231 315
315 22
22 450
450 428
428 103
103 72
72 398
398 36
36 153
153 342
342 210
210 43
43 455
455 94
94 367
367 219
219 469
469 112
112 446
446 20
20 261
261 182
182 170
170 33
33 330
330 265
265 216
216 343
343 98
98 150
150 460
460 232
232 479
479 195
195 151
151 451
451 92
92 410
410 372
372 338
338 116
116 121
121 421
421 314
314 74
74 154
154 108
108 389
389 192
192 149
149 387
387 443
443 162
162 46
46 32
32 420
420 373
373 66
66 70
70 452
452 305
305 48
48 104
104 168
168 259
259 293
293 303
303 49
49 47
47 171
171 427
427 114
114 15
15 129
129 439
439 333
333 444
444 110
110 167
167 223
223 248
248 470
470 119
119 466
466 218
218 105
105 42
42 180
180 281
281 404
404 298
298 272
272 260
260 68
68 448
448 209
209 189
189 222
222 407
407 253
253 477
477 401
401 294
294 238
238 194
194 230
230 488
488 41
41 468
468 200
200 295
295 134
134 406
406 381
381 26
26 431
431 476
476 137
137 449
449 11
11 190
190 82
82 382
382 220
220 163
163 143
143 363
363 312
312 73
73 266
266 9
9 233
233 417
417 355
355 491
491 221
221 251
251 155
155 186
186 325
325 311
311 217
217 284
284 229
229 246
246 133
133 418
418 302
302 203
203 17
17 44
44 289
289 53
53 365
365 160
160 208
208 16
16 109
109 424
424 157
157 393
393 405
405 327
327 125
125 264
264 480
480 234
234 10
10 207
207 489
489 413
413 146
146 83
83 453
453 86
86 434
434 69
69 458
458 206
206 357
357 8
8 67
67 497
497 34
34 120
120 296
296 135
135 299
299 395
395 256
256 243
243 496
496 188
188 13
13 440
440 99
99 459
459 145
145 442
442 436
436 403
403 374
374 59
59 156
156 499
499 359
359 224
224 279
279 435
435 184
184 1
1 142
142 471
471 392
392 390
390 138
138 193
193 226
226 364
364 321
321 177
177 175
175 319
319 304
304 215
215 228
228 249
249 106
106 276
276 334
334 429
429 464
464 51
51 349
349 185
185 408
408 399
399 158
158 88
88 197
197 40
40 280
280 19
19 396
396 323
323 348
348 95
95 456
456 416
416 282
282 362
362 485
485 461
461 50
50 297
297 61
61 196
196 118
118 122
122 278
278 131
131 123
123 433
433 38
38 287
287 62
62 130
130 385
385 113
113 78
78 462
462 159
159 320
320 465
465 199
199 71
71 96
96 346
346 292
292 354
354 339
339 345
345 380
380 270
270 242
242 356
356 174
174 262
262 366
366 90
90 487
487 117
117 482
482 205
205 39
39 377
377 24
24 369
369 481
481 198
198 87
87 472
472 144
144 329
329 438
438 57
57 277
277 347
347 337
337 85
85 77
77 37
37 245
245 239
239 288
288 107
107 152
152 274
274 187
187 352
352 0
0 244
244 340
340 402
402 415
415 28
28 267
267 331
331 127
127 164
164 52
52 353
353 307
307 341
341 166
166 351
351 132
132 250
250 211
211 56
56 316
316 213
213 258
258 181
181 361
361 97
97 328
328 437
437 441
441 136
136 225
225 391
391 498
498 495
495 79
79 483
483 45
45 397
397 126
126 268
268 25
25 273
273 317
317 161
161 394
394 235
235 254
254 139
139 269
269 308
308 176
176 324
324 179
179 306
306 89
89 318
318 463
463 75
75 169
169 64
64 285
285 467
467 202
202 147
147 5
5 447
447 31
31 240
240 310
310 370
370 432
14 454
346 142
310 378
248 219
234 446
437 213
199 243
100 120
375 234
387 202
128 117
449 343
181 388
449 250
284 190
239 174
54 194
194 65
70 331
58 54
352 152
105 446
143 82
221 193
94 218
196 62
5 14
499 235
409 314
420 120
427 325
162 308
426 293
495 278
204 471
385 130
227 47
169 96
150 217
87 247
497 89
488 453
17 367
252 170
161 390
462 301
56 235
314 429
254 294
145 77
236 231
482 471
117 133
240 199
243 162
447 365
493 125
28 63
356 399
350 89
59 287
195 259
471 356
127 129
179 382
135 241
316 204
236 330
396 134
125 335
212 246
252 485
485 56
381 20
237 113
124 299
72 237
294 90
288 44
216 87
85 305
309 290
302 75
439 324
435 106
228 145
343 46
227 145
458 57
470 413
227 202
378 202
184 3
462 37
351 26
57 126
446 411
116 313
73 215
149 170
493 122
214 375
315 368
124 433
435 488
460 427
23 61
276 449
443 32
23 179
252 350
100 64
54 470
268 273
265 476
290 464
499 26
427 65
448 406
443 49
43 315
174 320
146 481
21 384
274 352
294 400
325 284
2 453
349 82
386 293
266 459
59 154
453 487
17 425
499 422
245 257
244 129
305 469
211 380
384 252
197 200
312 329
76 272
494 433
412 41
407 185
265 465
97 130
274 89
373 438
169 52
401 231
107 383
452 275
200 68
103 346
50 58
215 86
100 314
170 324
268 444
420 142
256 258
423 431
73 328
255 312
30 1
426 91
240 445
414 455
289 392
124 142
385 335
52 260
234 240
58 309
288 288
485 334
245 440
371 416
145 15
265 2
185 431
143 304
490 114
225 28
157 238
356 279
31 389
291 255
70 496
444 194
479 469
152 438
468 157
206 266
139 484
393 188
486 130
442 96
136 240
166 30
316 292
358 290
9 395
48 351
39 487
18 273
487 96
143 272
371 22
384 272
367 115
41 44
212 9
437 229
21 68
355 185
357 297
237 248
37 382
378 96
403 8
331 411
121 408
86 49
400 294
369 400
499 81
6 34
221 36
348 249
242 313
407 180
198 183
328 151
398 55
128 262
33 166
92 459
21 354
327 457
62 452
32 197
8 216
240 298
96 70
282 353
392 198
184 197
118 155
431 96
244 262
396 486
48 108
182 385
463 252
45 327
192 267
46 415
463 287
348 223
258 465
62 320
60 284
192 412
427 385
376 51
493 407
490 252
219 348
337 385
403 216
275 167
195 296
253 314
130 412
230 186
159 134
194 87
295 246
271 245
120 495
99 42
134 60
412 409
455 230
403 72
415 106
78 258
466 394
246 407
487 249
308 404
315 272
33 40
166 273
92 240
258 109
307 128
158 369
263 345
19 170
419 154
189 445
333 324
289 46
5 208
198 23
310 305
458 361
180 417
495 479
274 164
163 26
35 356
398 474
325 31
20 473
50 369
228 407
450 152
356 28
390 363
6 365
183 277
17 114
394 368
239 194
483 187
353 466
302 488
177 9
194 40
155 164
303 93
56 394
12 417
184 246
128 214
10 225
360 446
204 286
334 78
310 351
416 117
459 409
311 38
54 225
361 444
200 49
163 129
412 66
391 274
426 275
471 1
181 172
96 410
41 159
139 492
270 10
386 101
231 51
284 379
86 199
312 110
53 275
0 405
251 291
135 439
75 29
245 38
48 208
393 69
478 83
58 30
1 376
268 167
313 281
91 224
226 374
389 288
35 194
278 364
88 469
419 426
455 354
40 263
267 297
120 417
85 286
116 232
10 467
186 194
221 449
25 365
391 449
290 148
375 437
114 487
408 487
178 182
7 63
402 484
84 53
240 305
61 59
285 198
479 41
15 214
284 353
338 39
172 300
191 82
8 345
186 262
189 303
442 174
55 264
133 368
180 460
491 56
499 332
116 358
310 312
236 301
462 271
189 52
3 279
373 283
153 151
61 274
148 274
70 338
206 457
30 6
118 351
78 275
462 269
441 119
162 231
73 142
52 414
21 263
239 16
232 377
377 327
341 116
354 478
123 139
288 241
373 172
67 68
225 486
31 391
280 282
239 205
405 209
117 422
283 237
452 117
300 477
128 318
34 184
14 425
450 481
23 416
257 416
321 0
39 433
44 488
99 453
91 38
362 456
423 157
200 375
392 109
385 491
285 169
377 166
43 237
304 239
61 416
32 283
110 72
74 341
439 218
267 300
412 309
488 53
402 306
373 217
403 404
303 39
430 311
203 281
204 217
277 29
237 291
465 0
33 23
50 306
491 480
111 494
143 419
47 241
411 387
45 158
334 223
280 157
136 254
320 212
76 195
90 498
219 12
7 183
468 385
390 55
439 335
178 69
289 427
280 480
227 86
160 45
472 288
91 481
430 229
463 28
281 263
312 398
76 415
216 326
251 205
311 193
301 372
118 280
323 5
247 5
17 372
271 461
245 190
369 368
308 34
50 179
6 197
220 169
115 72
50 78
1 225
91 90
417 394
3 20
427 380
323 245
146 435
100 450
109 393
92 20
482 202
104 441
403 241
376 23
427 256
411 53
182 359
496 218
7 408
7 264
384 299
438 80
202 256
210 398
376 11
73 114
449 43
164 346
144 248
79 464
354 33
367 111
326 59
304 303
234 161
305 118
28 350
94 462
74 92
368 266
222 242
342 75
200 108
461 138
241 406
280 165
122 283
236 210
42 317
474 370
158 12
146 185
100 273
145 3
412 154
38 251
407 83
474 280
4 204
309 294
6 286
133 458
152 90
240 146
252 428
63 66
331 62
131 102
308 426
477 492
321 75
359 478
481 437
369 81
84 19
369 371
457 385
458 17
485 366
28 401
33 182
186 413
53 288
350 39
367 399
461 87
76 38
421 95
392 105
37 472
345 227
267 410
97 450
114 11
376 116
57 307
240 40
395 213
276 137
111 363
290 282
177 107
32 298
483 254
251 368
231 189
349 96
193 81
351 347
329 50
41 156
463 287
492 367
83 271
446 153
102 81
68 421
293 211
330 104
470 288
414 460
331 437
282 45
353 67
120 209
341 379
272 363
439 10
151 488
60 328
53 331
281 61
394 336
278 249
129 38
393 462
384 290
239 20
305 427
491 131
106 198
83 136
225 69
167 307
408 322
407 2
109 477
448 263
471 187
367 213
27 4
390 359
18 98
394 448
377 166
346 133
256 183
466 349
260 134
395 221
380 74
38 101
236 112
83 126
89 219
58 253
43 108
140 398
248 384
10 192
122 433
235 114
102 218
117 23
77 141
224 127
131 294
17 475
45 452
149 346
262 423
223 159
258 421
319 222
212 357
89 255
4 94
201 337
254 360
12 358
52 444
39 416
128 435
93 219
223 45
187 80
149 6
13 290
63 361
346 123
206 104
393 37
370 192
96 117
364 455
330 374
469 225
438 140
302 58
99 48
322 78
430 242
419 415
275 79
108 389
326 17
489 468
395 463
101 78
365 165
464 129
196 83
410 148
402 319
101 447
122 181
392 197
14 232
476 101
123 270
132 210
407 121
270 19
114 364
458 482
445 229
226 10
306 450
207 378
349 140
280 369
207 472
160 259
203 256
193 191
453 494
2 150
284 416
79 234
238 400
323 8
75 65
187 21
71 339
213 35
74 351
152 230
7 400
221 401
47 66
344 51
27 248
37 201
77 373
347 296
360 477
208 186
460 320
332 64
117 439
43 468
250 341
70 103
184 32
77 219
242 182
33 469
452 226
272 410
460 142
499 30
96 230
166 270
256 321
6 78
251 332
418 259
67 152
253 389
131 238
139 36
408 6
208 321
224 290
128 174
116 304
228 40
300 131
93 203
51 35
387 477
34 52
363 401
488 407
375 365
225 72
432 373
330 375
232 365
349 471
90 181
96 16
380 21
126 314
444 454
198 366
121 420
80 140
6 67
445 309
438 229
52 213
302 271
115 379
161 218
114 174
437 360
217 112
261 149
117 163
480 442
43 288
203 183
377 15
183 85
54 314
145 479
306 18
198 79
179 128
280 364
424 235
253 47
476 15
472 98
175 421
203 118
468 167
232 466
485 114
315 202
117 499
130 157
467 319
135 163
348 211
130 192
164 310
402 303
98 7
467 44
59 188
129 259
115 404
171 448
283 354
311 240
9 109
421 311
194 109
268 76
360 340
298 407
435 8
198 412
324 196
498 179
439 321
83 259
482 463
191 256
387 282
167 304
280 1
85 32
232 181
24 336
401 143
408 409
120 206
167 301
169 484
420 60
468 14
485 214
25 16
181 336
221 182
348 14
196 253
114 31
43 77
421 85
121 451
300 196
483 492
424 335
281 113
335 21
349 64
466 169
47 409
461 15
479 380
153 370
265 182
74 207
68 44
103 43
255 31
491 16
162 37
236 462
307 15
94 221
497 477
308 330
464 200
464 121
88 171
243 107
472 72
318 283
40 439
494 275
361 9
31 427
356 369
56 57
270 337
319 158
221 274
407 115
45 92
489 96
341 340
14 212
73 328
438 107
333 217
314 412
366 108
464 134
407 261
256 207
32 382
191 290
26 254
204 149
417 164
337 261
380 481
189 105
486 102
362 54
283 276
141 391
418 181
36 370
265 485
192 335
414 269
249 101
129 65
103 225
31 25
451 369
306 56
494 113
135 237
363 484
456 406
476 46
290 326
115 429
498 313
356 358
434 470
168 128
420 405
137 25
341 458
496 457
463 279
202 199
160 290
137 303
49 421
69 271
173 450
321 265
237 133
99 450
246 307
250 309
282 54
471 48
19 396
40 304
369 435
23 492
222 473
76 497
456 250
43 476
464 233
232 448
267 54
472 48
370 482
99 408
41 265
237 245
5 62
61 408
175 373
110 120
92 128
78 234
370 267
250 196
453 252
142 370
303 498
422 265
177 470
161 353
83 164
358 313
51 257
235 435
344 448
209 441
64 81
250 374
394 372
42 471
142 263
437 364
424 377
23 199
372 119
459 266
231 301
437 262
181 256
39 104
264 171
192 24
354 452
280 28
18 35
15 496
211 135
141 463
332 99
242 49
281 76
148 43
301 411
3 157
233 254
439 384
415 18
85 227
346 374
494 411
115 233
245 57
403 324
122 382
44 458
235 61
172 352
249 339
167 309
419 271
247 357
284 18
351 461
297 184
421 433
132 42
90 110
256 212
382 375
349 423
181 42
43 293
276 94
203 17
371 276
24 240
79 43
380 190
432 204
18 455
274 430
82 121
37 252
451 225
141 301
149 487
288 46
192 447
382 221
356 46
398 39
468 370
81 261
209 256
201 462
274 272
271 6
277 109
29 124
449 1
147 307
346 296
39 39
283 423
38 38
320 498
363 264
119 116
459 300
143 324
64 474
166 112
396 353
80 305
383 259
280 187
71 430
57 275
302 167
214 135
134 237
398 203
107 405
396 253
69 271
407 393
12 87
42 15
468 434
111 496
210 340
38 12
372 2
314 18
154 485
248 19
8 90
141 462
253 102
106 351
401 445
496 312
493 69
151 380
51 156
20 439
355 74
75 14
48 361
133 436
287 140
407 412
423 278
175 334
196 63
98 224
65 447
88 178
239 218
445 481
37 390
383 57
103 263
354 487
475 429
345 114
276 457
407 314
346 378
147 155
492 398
237 58
377 204
206 372
344 174
183 139
444 423
269 412
71 304
190 410
312 340
49 46
415 230
33 259
299 270
51 367
31 264
304 450
471 12
268 356
273 241
279 291
457 388
99 63
24 276
464 331
439 434
369 437
218 432
8 272
131 430
435 297
279 24
270 343
473 158
148 435
382 409
499 468
103 171
245 123
121 245
449 268
285 212
401 293
47 484
331 246
6 358
449 458
156 71
261 326
378 374
157 427
230 489
163 349
267 381
54 127
207 113
100 165
373 290
276 141
407 248
298 230
287 155
257 298
176 152
205 249
173 489
28 32
352 159
208 227
222 225
242 435
194 35
105 61
361 51
181 282
287 201
420 308
172 436
150 138
52 155
255 104
406 309
382 209
395 201
412 336
174 368
68 126
416 259
336 238
132 314
361 114
107 306
423 2
234 456
452 11
414 297
346 57
95 331
372 36
466 475
172 191
36 296
278 382
98 368
337 31
242 98
49 25
299 235
427 184
465 198
325 473
436 65
1 145
78 306
226 360
120 37
121 381
185 78
110 449
394 336
373 342
398 129
4 125
305 370
161 24
461 345
197 363
492 276
242 416
92 305
91 393
98 306
26 440
364 373
381 167
447 80
203 258
259 18
74 80
226 78
472 139
81 60
495 492
291 255
287 250
106 273
65 101
266 104
213 93
140 323
57 315
39 252
321 484
13 163
181 284
217 430
347 152
315 417
243 329
268 130
48 327
177 426
39 249
338 215
195 336
334 343
353 423
36 186
188 46
482 396
463 118
229 301
37 268
210 194
483 23
252 432
257 215
480 468
323 23
196 26
70 8
388 68
41 395
131 339
102 367
209 216
403 312
356 164
419 153
236 294
417 277
102 390
66 39
196 47
276 417
97 407
307 196
409 391
296 329
228 441
102 285
292 239
248 391
478 278
40 122
471 404
38 15
317 195
478 321
222 387
143 382
259 161
144 96
375 193
246 326
140 245
455 226
300 341
119 361
409 358
205 42
431 83
87 113
440 428
44 460
325 481
441 205
438 325
261 229
440 164
296 201
404 154
390 287
345 393
270 271
376 282
281 118
406 234
199 157
192 261
272 101
249 279
127 410
238 215
52 373
499 498
415 280
61 370
150 327
152 384
380 355
105 228
20 103
362 43
168 395
261 261
375 8
341 145
63 251
222 432
49 9
403 229
407 399
1 301
447 61
401 445
192 453
453 9
302 83
150 45
140 388
200 357
497 165
94 480
462 69
366 189
213 354
412 156
441 156
464 287
476 435
172 471
46 157
283 75
444 383
207 439
252 47
147 46
195 44
305 65
400 88
299 107
423 292
355 29
104 130
241 497
252 372
112 124
140 425
80 210
24 279
21 167
69 431
62 491
255 195
222 344
458 337
15 269
266 174
406 41
125 210
104 75
75 385
164 64
453 112
366 129
201 153
386 368
192 57
437 333
460 44
116 451
16 202
215 471
194 96
124 114
453 36
395 448
25 481
355 145
177 58
136 474
379 129
130 253
50 293
283 486
54 323
4 282
23 107
330 203
193 459
63 456
486 164
422 287
96 183
397 156
210 230
406 311
60 349
142 90
468 369
483 364
128 79
31 426
182 428
23 99
54 173
60 84
411 333
87 99
362 485
329 31
296 165
362 335
279 136
188 128
413 190
354 135
51 210
332 374
249 374
458 285
19 481
188 78
325 378
76 186
145 103
176 415
3 271
486 101
114 97
23 480
198 53
485 317
480 256
282 131
374 222
417 466
188 456
378 307
383 208
1 260
458 459
348 340
204 378
77 438
166 247
491 98
326 161
230 202
359 286
3 293
491 160
137 211
130 467
404 458
310 496
261 132
49 373
74 387
498 23
458 129
439 208
258 339
423 439
209 87
479 298
299 463
404 277
462 286
97 296
135 255
236 281
377 48
499 452
347 214
473 443
260 6
13 136
468 40
417 42
84 280
59 419
342 175
256 187
121 141
379 322
98 61
176 174
333 306
66 165
207 142
261 69
149 420
294 316
426 162
101 397
307 432
438 488
243 326
394 196
228 311
87 46
326 225
306 471
145 299
197 111
162 314
206 207
50 435
183 82
291 175
471 164
370 326
0 367
310 293
406 448
314 481
53 308
113 277
126 166
11 230
486 377
444 304
169 144
359 81
379 265
407 354
214 346
311 389
280 450
388 213
324 38
99 25
334 202
447 408
386 119
158 447
69 129
132 379
457 332
103 125
295 416
141 499
206 346
215 435
93 106
193 143
430 265
117 371
210 498
148 103
4 467
394 309
234 6
265 363
369 50
455 302
25 6
223 199
255 285
83 54
42 109
42 405
263 286
212 277
163 361
333 233
91 457
325 143
204 337
470 373
344 477
2 201
399 262
28 215
427 227
347 64
272 256
270 427
36 429
267 477
177 296
250 335
280 391
381 437
28 471
400 237
262 108
381 77
383 214
377 124
41 316
282 55
341 160
182 476
394 323
332 239
5 35
264 51
153 16
51 79
338 46
299 246
117 407
199 262
84 165
493 242
303 332
462 485
419 463
421 435
171 263
386 65
11 324
421 206
69 58
327 474
179 103
339 397
316 147
474 378
2 422
41 15
120 259
342 324
272 286
111 475
400 499
0 43
321 322
254 294
477 239
235 128
414 235
116 302
432 77
59 2
414 336
192 153
96 275
229 97
2 400
384 185
354 132
463 369
238 118
203 37
223 338
127 200
420 83
3 482
370 494
346 269
431 437
230 446
173 164
182 430
16 463
414 172
152 202
75 156
360 200
67 284
457 478
351 35
37 39
201 313
169 78
38 111
314 225
410 215
417 147
244 102
73 459
148 33
133 196
9 191
131 420
195 288
106 247
35 161
163 443
323 144
476 152
480 165
46 488
74 154
97 64
491 384
304 13
308 0
422 174
224 17
155 372
260 42
445 238
477 162
291 384
479 114
138 30
37 134
442 101
159 366
25 155
379 106
220 33
218 229
109 181
50 404
105 399
321 339
96 278
222 375
141 192
50 146
75 166
47 320
399 168
474 337
469 28
453 75
117 432
168 375
277 361
416 354
105 206
480 192
43 108
197 479
308 31
356 412
328 152
389 212
415 462
117 59
244 396
473 381
372 3
89 86
183 286
436 444
368 193
383 37
306 313
222 159
202 111
23 61
465 285
342 236
276 319
282 149
61 251
108 279
433 119
112 487
12 69
324 224
166 35
294 466
323 162
370 268
417 136
53 31
26 122
7 72
322 191
23 265
143 16
498 115
104 54
398 390
385 246
463 296
131 389
96 350
435 266
435 277
196 127
395 339
103 361
478 431
405 388
389 118
59 218
442 66
430 80
387 159
177 300
349 403
349 117
150 104
434 93
385 172
270 495
176 29
322 321
434 277
31 473
230 326
247 87
19 316
144 472
223 11