50
249
0,
1,
2,
3,
4,
5,
6,
7,
8,
9,
10,
11,
12,
13,
14,
15,
16,
17,
18,
19,
20,
21,
22,
23,
24,
25,
26,
27,
28,
29,
30,
31,
32,
33,
34,
35,
36,
37,
38,
39,
40,
41,
42,
43,
44,
45,
46,
47,
48,
49
0 4
4 38
38 18
18 29
29 47
47 27
27 22
22 34
34 31
31 43
43 13
13 14
14 35
35 7
7 25
25 49
49 23
23 32
32 2
2 44
44 12
12 36
36 46
46 39
39 42
42 26
26 8
8 1
1 30
30 33
33 40
40 41
41 6
6 20
20 28
28 48
48 10
10 16
16 37
37 45
45 9
9 11
11 5
5 17
17 15
15 24
24 19
19 3
3 21
49 38
21 24
37 10
45 46
34 2
45 14
1 48
36 28
26 46
39 44
43 10
37 1
5 18
49 9
20 30
7 29
37 43
28 20
47 11
33 22
39 24
17 26
12 49
19 30
44 41
13 14
15 6
36 12
26 43
28 41
24 39
8 12
14 46
40 1
27 2
34 12
43 17
0 36
12 13
27 0
9 26
34 6
6 30
37 7
16 23
22 3
26 29
14 2
45 30
40 38
21 17
30 22
4 3
22 22
18 26
46 49
15 22
3 10
19 26
48 24
33 17
0 32
45 14
40 49
43 41
3 27
28 32
8 25
25 31
34 47
38 21
13 20
46 33
23 3
20 32
45 32
48 4
42 25
28 7
8 5
4 23
5 4
42 26
42 29
44 3
44 36
25 27
22 46
29 27
39 40
25 44
12 6
40 10
21 35
43 38
45 23
20 25
22 6
43 5
29 39
23 36
20 46
12 1
45 5
25 25
32 19
3 15
46 31
20 14
18 49
29 2
34 47
38 11
11 22
3 6
24 39
40 21
17 38
28 48
22 12
13 22
39 8
19 6
45 32
20 21
15 44
23 14
49 18
32 1
15 33
33 10
33 47
19 32
19 13
25 2
41 33
42 30
10 46
19 15
45 44
34 0
0 7
48 6
36 13
30 46
43 17
20 22
25 6
11 27
33 15
26 32
6 27
32 13
5 46
9 9
6 0
37 39
29 12
47 6
20 7
22 7
41 26
47 35
46 47
47 32
9 49
49 4
46 40
15 13
45 6
24 47
33 38
30 40
16 48
12 42
31 46
12 31
9 17
0 45
26 37
19 43
6 22
2 27
23 38
19 10
29 5
27 43
45 2
0 31
1 33
23 1
25 21
43 23
33 36
9 36
6 14
15 45
42 49
45 22
49 43