530
2649
0,
1,
2,
3,
4,
5,
6,
7,
8,
9,
10,
11,
12,
13,
14,
15,
16,
17,
18,
19,
20,
21,
22,
23,
24,
25,
26,
27,
28,
29,
30,
31,
32,
33,
34,
35,
36,
37,
38,
39,
40,
41,
42,
43,
44,
45,
46,
47,
48,
49,
50,
51,
52,
53,
54,
55,
56,
57,
58,
59,
60,
61,
62,
63,
64,
65,
66,
67,
68,
69,
70,
71,
72,
73,
74,
75,
76,
77,
78,
79,
80,
81,
82,
83,
84,
85,
86,
87,
88,
89,
90,
91,
92,
93,
94,
95,
96,
97,
98,
99,
100,
101,
102,
103,
104,
105,
106,
107,
108,
109,
110,
111,
112,
113,
114,
115,
116,
117,
118,
119,
120,
121,
122,
123,
124,
125,
126,
127,
128,
129,
130,
131,
132,
133,
134,
135,
136,
137,
138,
139,
140,
141,
142,
143,
144,
145,
146,
147,
148,
149,
150,
151,
152,
153,
154,
155,
156,
157,
158,
159,
160,
161,
162,
163,
164,
165,
166,
167,
168,
169,
170,
171,
172,
173,
174,
175,
176,
177,
178,
179,
180,
181,
182,
183,
184,
185,
186,
187,
188,
189,
190,
191,
192,
193,
194,
195,
196,
197,
198,
199,
200,
201,
202,
203,
204,
205,
206,
207,
208,
209,
210,
211,
212,
213,
214,
215,
216,
217,
218,
219,
220,
221,
222,
223,
224,
225,
226,
227,
228,
229,
230,
231,
232,
233,
234,
235,
236,
237,
238,
239,
240,
241,
242,
243,
244,
245,
246,
247,
248,
249,
250,
251,
252,
253,
254,
255,
256,
257,
258,
259,
260,
261,
262,
263,
264,
265,
266,
267,
268,
269,
270,
271,
272,
273,
274,
275,
276,
277,
278,
279,
280,
281,
282,
283,
284,
285,
286,
287,
288,
289,
290,
291,
292,
293,
294,
295,
296,
297,
298,
299,
300,
301,
302,
303,
304,
305,
306,
307,
308,
309,
310,
311,
312,
313,
314,
315,
316,
317,
318,
319,
320,
321,
322,
323,
324,
325,
326,
327,
328,
329,
330,
331,
332,
333,
334,
335,
336,
337,
338,
339,
340,
341,
342,
343,
344,
345,
346,
347,
348,
349,
350,
351,
352,
353,
354,
355,
356,
357,
358,
359,
360,
361,
362,
363,
364,
365,
366,
367,
368,
369,
370,
371,
372,
373,
374,
375,
376,
377,
378,
379,
380,
381,
382,
383,
384,
385,
386,
387,
388,
389,
390,
391,
392,
393,
394,
395,
396,
397,
398,
399,
400,
401,
402,
403,
404,
405,
406,
407,
408,
409,
410,
411,
412,
413,
414,
415,
416,
417,
418,
419,
420,
421,
422,
423,
424,
425,
426,
427,
428,
429,
430,
431,
432,
433,
434,
435,
436,
437,
438,
439,
440,
441,
442,
443,
444,
445,
446,
447,
448,
449,
450,
451,
452,
453,
454,
455,
456,
457,
458,
459,
460,
461,
462,
463,
464,
465,
466,
467,
468,
469,
470,
471,
472,
473,
474,
475,
476,
477,
478,
479,
480,
481,
482,
483,
484,
485,
486,
487,
488,
489,
490,
491,
492,
493,
494,
495,
496,
497,
498,
499,
500,
501,
502,
503,
504,
505,
506,
507,
508,
509,
510,
511,
512,
513,
514,
515,
516,
517,
518,
519,
520,
521,
522,
523,
524,
525,
526,
527,
528,
529
162 456
456 448
448 512
512 16
16 101
101 481
481 14
14 320
320 316
316 83
83 249
249 390
390 496
496 136
136 298
298 58
58 467
467 261
261 151
151 270
270 349
349 164
164 138
138 452
452 102
102 143
143 413
413 455
455 122
122 368
368 173
173 365
365 211
211 292
292 268
268 42
42 351
351 428
428 524
524 453
453 32
32 482
482 54
54 243
243 396
396 257
257 116
116 52
52 399
399 103
103 35
35 284
284 405
405 144
144 246
246 21
21 28
28 323
323 527
527 112
112 39
39 300
300 189
189 66
66 185
185 372
372 64
64 341
341 251
251 500
500 326
326 241
241 315
315 13
13 477
477 205
205 294
294 493
493 204
204 450
450 259
259 397
397 461
461 343
343 76
76 33
33 401
401 525
525 242
242 239
239 210
210 267
267 398
398 117
117 225
225 153
153 451
451 50
50 526
526 269
269 325
325 386
386 104
104 121
121 506
506 31
31 82
82 312
312 109
109 146
146 446
446 394
394 108
108 346
346 163
163 123
123 414
414 96
96 90
90 22
22 202
202 335
335 480
480 305
305 41
41 290
290 360
360 40
40 408
408 311
311 2
2 381
381 317
317 347
347 319
319 293
293 488
488 297
297 227
227 100
100 387
387 418
418 385
385 231
231 310
310 478
478 295
295 424
424 513
513 499
499 528
528 180
180 156
156 336
336 363
363 244
244 425
425 275
275 402
402 196
196 179
179 492
492 169
169 6
6 339
339 379
379 252
252 286
286 470
470 344
344 92
92 93
93 338
338 454
454 206
206 48
48 486
486 254
254 282
282 61
61 141
141 273
273 421
421 287
287 223
223 26
26 124
124 105
105 410
410 91
91 304
304 89
89 128
128 440
440 177
177 431
431 415
415 148
148 423
423 283
283 7
7 464
464 36
36 59
59 133
133 510
510 314
314 491
491 11
11 255
255 106
106 430
430 203
203 439
439 409
409 403
403 443
443 281
281 289
289 457
457 9
9 388
388 359
359 358
358 51
51 207
207 209
209 449
449 280
280 458
458 352
352 95
95 220
220 85
85 262
262 520
520 154
154 43
43 137
137 265
265 490
490 253
253 69
69 195
195 483
483 518
518 391
391 168
168 502
502 56
56 150
150 340
340 373
373 279
279 469
469 212
212 84
84 184
184 412
412 350
350 508
508 476
476 129
129 263
263 514
514 416
416 119
119 337
337 466
466 248
248 288
288 529
529 353
353 118
118 135
135 186
186 30
30 504
504 435
435 465
465 342
342 354
354 445
445 88
88 276
276 125
125 438
438 131
131 230
230 111
111 503
503 237
237 433
433 313
313 301
301 63
63 494
494 497
497 331
331 79
79 356
356 213
213 214
214 18
18 49
49 501
501 94
94 362
362 380
380 37
37 509
509 142
142 182
182 97
97 4
4 369
369 447
447 277
277 367
367 71
71 250
250 404
404 193
193 157
157 324
324 437
437 236
236 411
411 348
348 475
475 187
187 78
78 441
441 395
395 474
474 307
307 181
181 47
47 155
155 12
12 479
479 285
285 198
198 60
60 68
68 322
322 20
20 229
229 222
222 192
192 406
406 23
23 487
487 170
170 161
161 240
240 392
392 422
422 188
188 258
258 232
232 432
432 489
489 216
216 407
407 53
53 484
484 393
393 24
24 234
234 1
1 140
140 197
197 272
272 517
517 45
45 333
333 215
215 516
516 134
134 87
87 27
27 73
73 471
471 178
178 357
357 62
62 221
221 291
291 167
167 72
72 296
296 375
375 149
149 306
306 485
485 158
158 329
329 15
15 145
145 256
256 266
266 80
80 507
507 515
515 247
247 384
384 442
442 328
328 429
429 107
107 374
374 495
495 176
176 208
208 224
224 377
377 427
427 110
110 67
67 113
113 44
44 334
334 127
127 218
218 0
0 226
226 378
378 8
8 364
364 194
194 183
183 115
115 522
522 260
260 174
174 371
371 345
345 318
318 3
3 332
332 419
419 126
126 99
99 468
468 57
57 444
444 29
29 233
233 426
426 114
114 321
321 139
139 299
299 245
245 201
201 55
55 463
463 159
159 166
166 147
147 420
420 355
355 65
65 160
160 498
498 199
199 228
228 308
308 505
505 74
74 70
70 302
302 473
473 171
171 38
38 366
366 190
190 34
34 521
521 165
165 98
98 264
264 172
172 400
400 460
460 278
278 417
417 519
519 77
77 86
86 523
523 235
235 330
330 132
132 462
462 81
81 370
370 10
10 191
191 511
511 175
175 472
472 309
309 25
25 389
389 200
200 459
459 219
219 17
17 19
19 217
217 274
274 436
436 376
376 46
46 120
120 327
327 382
382 75
75 130
130 152
152 383
383 434
434 271
271 303
303 361
361 5
5 238
247 10
258 422
7 280
326 461
64 116
56 148
149 472
171 93
336 432
317 369
436 156
14 291
490 516
367 438
416 172
43 147
508 359
203 514
228 266
178 419
7 198
382 296
8 257
511 159
340 265
283 112
330 441
325 415
4 173
429 264
519 358
100 452
497 195
505 462
500 280
56 453
76 89
407 165
113 194
283 193
520 343
181 210
196 313
337 336
63 32
525 389
260 435
306 230
476 325
408 208
120 137
216 331
508 110
0 338
387 131
111 301
32 318
62 68
431 334
365 516
359 57
489 441
127 138
449 350
423 55
97 258
76 226
193 501
175 398
496 6
361 205
507 96
444 361
304 201
425 478
272 490
446 112
411 15
511 218
120 459
363 25
437 38
436 351
175 240
496 481
465 11
330 357
304 160
402 342
134 269
421 308
490 312
30 44
410 288
369 160
493 338
191 112
505 497
85 332
346 190
305 135
53 127
338 344
128 249
99 137
446 491
389 357
55 330
330 347
527 354
156 2
516 115
215 492
479 285
48 78
389 373
39 303
63 276
333 371
149 144
322 313
437 113
78 235
50 166
526 452
241 222
115 202
525 295
86 416
403 298
179 11
254 198
233 422
139 179
397 477
21 4
209 441
15 436
21 129
69 0
131 365
219 350
414 97
430 230
332 123
425 379
290 230
21 267
146 425
254 466
442 124
205 188
338 329
121 268
359 453
456 492
113 194
275 256
245 90
313 199
370 398
182 152
412 366
120 105
486 24
17 432
221 227
263 400
383 286
386 53
404 376
63 437
399 64
457 84
341 475
157 93
438 270
122 463
321 285
20 306
518 157
220 386
503 1
527 23
98 444
511 486
378 195
187 73
93 177
479 284
71 325
128 337
222 221
210 6
442 445
132 351
333 380
41 96
492 321
10 114
298 76
99 204
252 493
349 183
80 476
11 491
526 364
341 173
486 173
501 397
24 476
421 301
84 438
325 430
493 437
429 190
125 360
52 132
15 223
18 307
201 143
156 435
353 218
32 220
207 198
515 418
181 145
13 407
166 157
10 102
46 436
3 292
328 207
356 120
114 518
482 500
128 168
438 399
379 441
41 428
0 205
222 444
213 63
183 455
34 193
74 175
247 180
139 386
92 120
25 311
458 412
505 443
304 386
143 60
427 189
384 129
91 513
220 265
267 271
410 254
327 136
489 32
103 259
171 7
271 139
456 197
346 495
445 37
107 137
336 209
449 454
331 365
169 511
195 32
121 419
250 164
457 328
25 95
225 490
406 471
446 439
363 10
234 381
123 212
434 309
46 448
506 409
115 123
469 118
321 242
273 391
183 87
321 472
56 35
425 232
433 128
122 517
473 164
527 302
263 425
293 137
504 515
337 92
213 142
225 34
8 524
400 430
526 209
20 152
136 474
278 130
362 205
288 177
127 155
240 363
210 447
321 328
152 64
83 321
394 351
505 435
158 70
30 224
120 269
365 2
236 64
499 243
76 24
110 521
458 224
4 502
17 388
455 487
22 134
284 120
193 309
428 283
111 251
84 504
461 134
474 184
204 378
138 416
418 460
356 114
216 111
20 454
388 396
498 474
69 20
222 125
338 388
81 192
3 35
415 431
41 258
387 0
265 287
104 106
43 279
421 39
85 403
307 487
256 249
430 73
237 112
510 33
281 229
89 502
388 50
462 282
300 73
119 97
328 158
309 65
428 252
74 223
357 88
166 326
3 204
435 414
135 496
263 490
144 462
57 56
481 31
368 460
407 408
311 528
333 281
474 159
330 11
528 450
524 323
284 30
487 357
75 251
132 329
268 514
155 126
236 233
255 221
148 428
293 229
267 48
57 104
254 204
248 321
169 403
46 400
520 229
330 285
340 187
226 347
491 275
326 414
21 26
116 233
481 238
166 485
110 208
398 287
451 405
425 321
47 111
146 137
11 128
97 177
515 219
285 238
348 477
178 224
377 300
148 475
119 78
46 93
42 243
361 287
340 470
222 148
399 215
118 360
524 422
146 441
412 6
80 295
79 245
309 228
223 355
38 283
374 111
92 28
460 513
228 500
304 409
428 163
480 387
211 111
495 5
390 308
77 2
499 91
332 331
340 28
85 185
400 216
71 44
350 271
40 0
37 325
201 65
465 53
44 350
164 46
479 341
166 451
395 506
488 509
326 520
251 358
210 344
127 25
249 449
284 236
68 419
109 482
213 279
444 479
308 362
13 150
97 514
309 507
152 116
393 117
316 192
155 188
442 400
250 346
227 456
73 183
387 250
384 256
284 328
513 161
41 132
187 333
32 49
462 154
89 394
177 183
232 387
500 142
105 431
26 437
380 255
54 178
143 194
75 482
233 257
127 98
513 265
514 371
231 188
127 156
242 389
176 156
178 95
78 469
526 236
464 2
453 503
379 315
64 84
254 190
199 399
250 338
62 520
127 208
316 200
337 223
263 483
180 418
308 116
181 467
246 49
267 37
289 498
409 491
342 288
99 364
218 322
394 136
464 12
470 332
57 395
479 138
436 142
297 350
24 57
235 356
33 377
268 402
315 519
270 305
58 429
38 478
319 514
206 179
50 255
105 172
436 4
361 48
425 56
526 415
378 328
322 343
399 499
379 273
79 177
19 494
11 414
121 415
344 512
508 432
251 104
373 368
118 327
443 130
379 306
202 392
176 440
12 283
251 87
124 322
41 277
272 91
194 49
305 120
298 81
176 394
374 256
100 192
283 256
232 97
415 473
483 18
0 474
103 41
423 268
17 141
446 493
96 518
502 113
395 262
467 472
173 291
182 390
238 286
107 438
327 160
390 178
44 460
452 260
109 27
271 477
311 91
459 227
157 130
267 365
251 34
90 251
31 188
325 441
209 426
444 207
436 222
295 360
442 405
314 259
150 91
366 370
299 130
32 263
133 379
400 42
280 454
33 443
284 463
56 113
309 203
492 50
368 111
92 235
276 87
264 428
416 427
89 437
523 40
345 9
216 114
427 386
237 57
365 334
26 95
273 428
79 171
503 133
243 191
140 21
326 264
75 137
507 298
97 278
327 223
282 517
202 440
320 474
381 207
255 496
223 491
207 64
462 303
112 303
280 463
309 196
313 245
60 312
500 214
387 196
393 295
1 449
278 17
255 526
429 16
328 455
288 23
21 240
515 231
419 87
57 291
309 128
164 17
324 51
311 134
318 27
257 414
194 464
516 316
527 434
266 276
403 437
352 111
40 132
522 398
420 302
517 15
10 274
227 291
216 474
254 451
508 199
512 17
508 243
10 190
451 325
248 81
107 182
473 120
18 140
436 340
485 79
382 507
497 378
408 505
95 137
409 443
297 399
378 140
204 386
305 394
65 4
233 402
93 358
180 338
280 29
170 341
489 202
26 379
452 364
30 338
120 146
510 473
283 339
98 108
212 470
371 375
301 413
450 373
224 81
46 457
151 409
321 150
322 160
61 258
327 477
184 91
138 374
279 343
340 432
498 164
449 464
318 110
160 441
380 73
172 125
208 41
521 126
39 31
176 122
353 211
297 170
192 488
376 83
360 477
121 292
454 292
182 355
423 353
310 504
257 380
301 514
380 123
38 201
213 39
22 421
169 118
377 327
343 391
115 368
223 428
138 77
153 206
99 360
285 206
340 19
21 95
47 12
121 153
513 426
520 204
341 436
139 347
255 7
207 427
391 455
389 62
446 167
337 477
142 75
57 286
378 459
10 62
420 281
403 429
291 284
285 314
141 287
112 367
76 440
470 274
220 337
94 156
486 78
442 405
193 21
16 55
36 301
352 259
36 515
412 67
243 55
103 470
401 480
155 83
443 101
265 321
298 185
457 514
404 275
388 297
184 432
251 436
301 355
216 336
197 483
338 134
368 277
439 419
109 507
433 188
270 226
428 354
179 348
21 479
379 380
493 350
120 455
63 162
20 170
102 467
470 524
161 282
34 12
149 469
213 446
210 180
181 358
89 513
11 164
315 55
172 242
96 322
386 363
290 402
283 322
0 368
525 212
251 231
229 201
150 209
59 68
95 152
358 385
390 110
400 245
448 458
129 166
403 96
396 446
254 508
242 60
468 120
405 81
256 79
426 506
218 49
467 153
374 139
179 331
125 162
138 43
88 381
77 282
409 513
19 251
145 402
140 333
270 36
465 115
259 303
245 312
395 141
187 264
290 221
138 216
336 499
436 73
100 417
5 471
417 210
413 60
519 144
492 67
111 504
192 37
529 52
0 5
136 22
21 313
337 305
190 320
216 218
442 450
20 496
153 117
176 177
29 463
484 85
456 147
426 292
277 401
0 423
180 137
117 310
461 336
324 179
403 319
110 412
259 42
239 346
499 154
210 402
249 428
419 506
111 328
302 465
85 409
291 416
128 249
529 65
516 82
469 235
26 422
2 417
485 12
71 99
100 414
31 527
474 178
429 152
249 265
495 403
97 129
525 135
128 135
40 230
241 149
343 480
52 398
50 385
354 259
431 265
319 322
425 316
451 326
159 12
338 186
292 260
332 454
13 92
246 492
66 178
55 240
205 228
245 329
9 460
468 295
495 269
277 204
122 22
117 120
272 19
487 312
7 517
304 215
246 521
430 470
191 144
396 248
71 213
90 69
55 474
480 471
428 219
251 139
235 27
67 103
21 433
502 98
186 440
220 181
335 83
193 30
241 24
130 300
396 288
462 385
71 20
154 335
398 101
141 443
93 231
18 113
216 349
17 464
18 54
256 29
213 150
232 442
115 527
25 134
293 146
143 242
494 82
383 66
315 411
119 491
456 348
274 12
219 210
410 361
7 341
29 468
140 3
47 132
326 318
146 292
59 216
74 384
178 500
238 519
241 317
509 339
156 137
214 184
492 45
235 440
290 46
415 256
524 206
99 51
411 287
349 504
374 430
11 505
137 446
427 453
346 468
119 272
266 276
501 336
66 242
205 135
401 275
148 528
486 288
329 312
261 330
10 442
314 120
116 57
99 498
243 368
137 117
37 339
15 286
400 125
27 367
13 195
134 394
10 87
340 111
161 149
105 483
51 196
31 114
337 250
235 221
433 260
496 142
198 204
269 327
272 276
381 400
479 319
54 383
305 295
384 515
93 235
376 200
26 146
43 331
275 346
501 176
341 195
76 322
152 187
180 415
387 223
328 38
221 84
485 149
475 43
264 373
208 89
29 214
450 73
276 329
387 265
188 481
390 334
486 291
343 312
491 140
366 195
47 498
425 529
174 79
156 352
202 452
258 217
288 148
70 527
162 403
73 232
184 196
193 358
325 446
211 262
470 282
443 403
39 441
48 477
393 164
54 249
512 279
349 49
474 115
188 478
58 411
139 123
501 357
423 224
246 427
414 186
342 281
386 488
375 170
123 387
392 92
421 446
224 72
56 177
311 512
248 183
62 340
284 3
9 331
243 160
460 156
351 130
272 391
296 239
52 396
323 308
449 359
84 144
335 317
260 23
344 446
289 182
459 468
498 101
282 279
312 440
148 339
212 459
180 405
18 21
200 289
117 37
53 111
236 513
340 179
299 246
139 308
493 401
333 32
87 485
371 225
295 420
38 305
312 166
286 414
241 207
145 412
479 71
491 4
250 25
197 6
485 388
325 161
93 442
321 363
246 1
280 336
267 417
63 251
356 477
36 65
474 447
6 259
211 438
102 234
42 233
86 220
451 142
231 129
400 364
116 510
492 229
379 357
71 133
411 475
391 468
150 529
76 383
477 452
353 375
160 444
359 57
125 497
218 456
451 123
448 177
349 162
373 254
211 132
412 204
80 446
520 187
480 388
51 67
182 281
303 449
111 75
215 85
138 194
345 366
285 453
169 153
306 489
85 138
195 35
56 258
145 198
38 215
125 14
406 194
440 450
382 437
351 164
488 7
67 506
457 51
268 349
364 527
403 510
71 8
373 190
355 170
97 217
357 433
232 161
24 191
493 461
433 5
495 528
294 508
326 168
54 76
446 245
10 27
325 199
41 466
415 328
166 208
365 244
86 30
442 177
368 23
376 420
363 236
416 373
119 467
114 411
274 331
417 177
25 522
520 476
219 110
306 222
73 507
102 294
117 238
529 377
105 476
40 345
123 434
412 192
493 170
193 519
368 427
149 26
120 22
334 350
329 417
61 507
123 368
450 380
499 478
491 397
279 443
329 92
426 65
338 151
412 238
282 425
428 75
14 451
482 375
111 50
486 97
56 506
363 524
344 80
465 97
184 376
186 266
30 256
434 117
173 188
390 144
351 123
267 474
325 426
347 381
18 44
380 240
239 288
16 256
153 507
494 211
392 241
39 380
302 494
525 379
468 103
356 92
302 216
292 109
176 253
362 13
153 503
135 468
85 117
353 255
173 279
285 448
383 203
377 75
52 430
82 307
94 468
196 135
220 7
198 191
160 481
340 217
4 322
408 488
354 321
73 30
315 106
14 144
348 283
72 62
114 451
335 118
446 51
351 370
180 402
415 314
513 151
193 401
496 192
513 106
300 212
369 311
86 273
219 438
300 338
154 23
373 363
106 51
307 241
133 116
374 477
375 448
83 443
102 108
90 324
455 222
357 32
388 353
91 183
204 111
88 158
423 230
341 434
20 320
359 123
288 495
442 346
272 198
359 451
118 471
263 501
329 458
393 463
381 241
271 314
518 390
82 166
320 220
345 415
419 355
275 429
203 511
478 185
29 189
34 311
298 300
499 407
166 297
20 53
251 186
228 355
187 496
245 139
230 523
431 59
205 509
137 178
513 276
285 266
65 34
493 327
9 494
15 358
119 526
475 463
50 158
229 311
422 90
110 456
134 195
226 503
120 49
305 53
45 373
141 34
432 9
327 358
303 140
473 472
30 523
235 426
106 260
137 477
499 439
498 103
178 505
276 34
22 156
142 202
81 314
196 102
108 426
189 291
451 373
487 383
311 118
331 289
13 232
413 399
431 313
204 309
452 97
34 17
395 130
408 99
520 357
309 200
77 119
508 303
361 359
55 187
528 499
384 158
381 161
111 134
47 1
478 157
151 488
311 288
250 398
165 369
392 85
63 233
224 50
358 124
393 511
212 33
501 384
469 174
96 44
401 83
128 431
477 133
485 403
350 77
469 29
7 219
376 29
63 349
341 368
307 396
105 453
197 83
24 317
404 34
111 527
132 483
22 95
291 305
495 94
353 413
161 368
282 452
115 188
475 343
68 159
226 376
480 269
32 123
97 317
372 43
492 153
180 190
234 67
119 113
126 339
388 63
115 96
124 123
356 22
511 24
8 439
484 57
14 139
297 481
343 185
284 445
455 315
198 355
373 516
486 140
498 20
332 122
153 217
206 356
293 15
421 240
49 268
215 269
452 327
71 315
524 307
204 428
341 191
369 79
473 82
251 160
413 135
170 184
356 424
520 251
499 316
381 63
173 232
345 2
136 128
230 471
211 478
226 2
329 378
485 336
188 67
142 106
262 465
448 493
364 267
120 102
237 388
118 354
90 402
200 217
302 194
454 78
404 58
101 142
430 78
26 56
473 376
477 118
239 202
44 120
177 233
116 408
436 415
182 310
295 431
5 477
411 444
366 109
511 332
449 52
165 62
228 518
276 510
387 130
234 507
202 76
443 73
413 336
350 421
144 289
404 387
387 404
98 283
204 197
194 264
481 215
4 444
521 126
454 520
157 384
22 339
464 14
145 338
185 70
319 181
103 393
412 490
211 234
94 508
508 350
474 305
188 113
152 313
272 467
497 390
97 413
67 122
212 106
144 355
160 515
376 136
353 271
270 341
60 384
369 16
492 144
87 195
102 159
141 271
354 249
308 479
379 481
418 321
328 368
362 296
269 168
1 199
286 200
124 256
52 27
92 104
55 41
399 205
253 442
357 198
344 345
329 423
442 453
458 482
427 513
258 434
205 215
480 276
90 72
238 468
82 232
218 184
359 502
287 7
295 423
414 180
447 18
139 353
152 33
19 417
52 220
100 310
99 455
63 126
411 413
267 47
480 313
501 522
53 134
524 252
313 459
55 206
246 226
169 223
67 38
519 525
415 27
416 473
441 75
263 275
247 166
366 217
502 349
432 397
472 28
326 505
405 476
297 476
142 206
383 381
300 353
455 444
206 378
200 490
168 8
390 470
68 382
523 332
498 326
120 371
481 509
244 120
183 437
369 254
25 176
234 314
516 423
336 148
216 372
150 380
483 501
78 33
391 65
247 89
180 290
376 323
349 83
170 241
344 404
356 266
277 4
189 26
451 461
47 213
201 43
363 133
258 242
377 52
73 97
211 96
353 207
368 185
172 40
251 26
476 287
286 314
501 107
516 67
500 513
24 153
71 143
25 368
512 510
365 209
125 326
35 163
174 351
70 345
459 435
215 442
1 184
446 54
414 13
401 30
413 272
86 111
237 330
372 93
114 173
340 216
134 349
116 321
482 254
6 247
215 518
185 18
72 282
90 88
146 278
382 471
125 368
388 353
109 16
315 302
446 30
240 2
517 48
353 196
96 195
353 520
491 73
327 509
352 411
214 97
492 169
46 90
105 250
265 466
0 430
526 276
517 281
464 290
367 183
202 146
118 251
231 315
160 135
145 384
420 205
286 262
239 516
157 451
154 474
393 66
459 20
216 227
254 436
314 280
167 423
171 155
194 157
216 203
133 465
464 108
267 279
229 264
228 146
481 68
517 417
262 210
267 187
465 346
376 527
128 388
295 130
374 388
325 44
481 159
27 195
281 489
254 89
425 18
378 37
488 50
474 66
432 256
130 278
184 332
372 104
379 143
402 32
471 496
192 424
32 343
515 186
12 21
364 406
524 341
185 56
385 297
377 305
199 250
37 132
134 230
223 139
323 289
305 466
460 170
218 448
281 89
336 111
271 387
356 52
218 283
45 34
371 179
443 0
240 311
174 313
363 430
506 467
180 187
437 88
15 329
399 212
28 481
109 338
154 207
427 59
207 96
361 263
133 97
331 494
45 333
486 204
357 95
185 247
183 189
481 436
14 181
179 179
310 313
28 97
436 293
49 322
320 83
253 231
127 496
221 159
154 474
299 181
69 494
436 66
158 449
61 390
373 492
237 306
518 5
481 164
414 128
268 135
513 343
278 333
267 133
309 491
504 45
343 196
249 456
362 318
345 12
162 451
74 109
381 448
416 274
476 62
219 177
62 428
255 425
221 157
256 249
22 110
517 90
4 334
122 453
137 507
89 175
491 16
151 359
263 426
103 363
350 51
409 88
513 470
414 244
524 131
415 34
353 321
460 437
48 228
398 188
304 194
449 8
28 72
258 378
93 313
269 360
10 25
120 232
417 198
18 149
23 405
65 360
73 75
206 499
482 308
39 132
198 522
167 203
29 167
172 21
220 490
367 49
231 391
339 227
227 107
121 289
178 357
263 239
192 429
407 293
428 96
6 72
349 5
315 426
237 458
177 161
437 493
453 470
393 255
400 359
223 164
456 462
30 341
421 462
317 110
458 462
12 344
454 274
10 66
418 413
444 477
206 368
361 410
266 493
5 406
47 317
78 366
410 393
242 409
431 345
376 179
294 418
446 188
75 200
130 156
360 456
16 103