540
2699
0,
1,
2,
3,
4,
5,
6,
7,
8,
9,
10,
11,
12,
13,
14,
15,
16,
17,
18,
19,
20,
21,
22,
23,
24,
25,
26,
27,
28,
29,
30,
31,
32,
33,
34,
35,
36,
37,
38,
39,
40,
41,
42,
43,
44,
45,
46,
47,
48,
49,
50,
51,
52,
53,
54,
55,
56,
57,
58,
59,
60,
61,
62,
63,
64,
65,
66,
67,
68,
69,
70,
71,
72,
73,
74,
75,
76,
77,
78,
79,
80,
81,
82,
83,
84,
85,
86,
87,
88,
89,
90,
91,
92,
93,
94,
95,
96,
97,
98,
99,
100,
101,
102,
103,
104,
105,
106,
107,
108,
109,
110,
111,
112,
113,
114,
115,
116,
117,
118,
119,
120,
121,
122,
123,
124,
125,
126,
127,
128,
129,
130,
131,
132,
133,
134,
135,
136,
137,
138,
139,
140,
141,
142,
143,
144,
145,
146,
147,
148,
149,
150,
151,
152,
153,
154,
155,
156,
157,
158,
159,
160,
161,
162,
163,
164,
165,
166,
167,
168,
169,
170,
171,
172,
173,
174,
175,
176,
177,
178,
179,
180,
181,
182,
183,
184,
185,
186,
187,
188,
189,
190,
191,
192,
193,
194,
195,
196,
197,
198,
199,
200,
201,
202,
203,
204,
205,
206,
207,
208,
209,
210,
211,
212,
213,
214,
215,
216,
217,
218,
219,
220,
221,
222,
223,
224,
225,
226,
227,
228,
229,
230,
231,
232,
233,
234,
235,
236,
237,
238,
239,
240,
241,
242,
243,
244,
245,
246,
247,
248,
249,
250,
251,
252,
253,
254,
255,
256,
257,
258,
259,
260,
261,
262,
263,
264,
265,
266,
267,
268,
269,
270,
271,
272,
273,
274,
275,
276,
277,
278,
279,
280,
281,
282,
283,
284,
285,
286,
287,
288,
289,
290,
291,
292,
293,
294,
295,
296,
297,
298,
299,
300,
301,
302,
303,
304,
305,
306,
307,
308,
309,
310,
311,
312,
313,
314,
315,
316,
317,
318,
319,
320,
321,
322,
323,
324,
325,
326,
327,
328,
329,
330,
331,
332,
333,
334,
335,
336,
337,
338,
339,
340,
341,
342,
343,
344,
345,
346,
347,
348,
349,
350,
351,
352,
353,
354,
355,
356,
357,
358,
359,
360,
361,
362,
363,
364,
365,
366,
367,
368,
369,
370,
371,
372,
373,
374,
375,
376,
377,
378,
379,
380,
381,
382,
383,
384,
385,
386,
387,
388,
389,
390,
391,
392,
393,
394,
395,
396,
397,
398,
399,
400,
401,
402,
403,
404,
405,
406,
407,
408,
409,
410,
411,
412,
413,
414,
415,
416,
417,
418,
419,
420,
421,
422,
423,
424,
425,
426,
427,
428,
429,
430,
431,
432,
433,
434,
435,
436,
437,
438,
439,
440,
441,
442,
443,
444,
445,
446,
447,
448,
449,
450,
451,
452,
453,
454,
455,
456,
457,
458,
459,
460,
461,
462,
463,
464,
465,
466,
467,
468,
469,
470,
471,
472,
473,
474,
475,
476,
477,
478,
479,
480,
481,
482,
483,
484,
485,
486,
487,
488,
489,
490,
491,
492,
493,
494,
495,
496,
497,
498,
499,
500,
501,
502,
503,
504,
505,
506,
507,
508,
509,
510,
511,
512,
513,
514,
515,
516,
517,
518,
519,
520,
521,
522,
523,
524,
525,
526,
527,
528,
529,
530,
531,
532,
533,
534,
535,
536,
537,
538,
539
429 78
78 120
120 17
17 320
320 451
451 174
174 272
272 80
80 45
45 307
307 166
166 339
339 15
15 145
145 178
178 181
181 61
61 53
53 100
100 14
14 411
411 189
189 452
452 351
351 164
164 42
42 273
273 30
30 286
286 478
478 211
211 506
506 182
182 94
94 84
84 435
435 176
176 49
49 485
485 477
477 146
146 296
296 311
311 22
22 123
123 111
111 137
137 210
210 36
36 364
364 494
494 82
82 143
143 274
274 70
70 43
43 487
487 356
356 115
115 427
427 340
340 144
144 345
345 467
467 214
214 395
395 41
41 318
318 405
405 496
496 519
519 177
177 479
479 107
107 121
121 122
122 532
532 4
4 497
497 325
325 355
355 9
9 314
314 459
459 293
293 117
117 197
197 102
102 380
380 103
103 357
357 343
343 250
250 47
47 105
105 338
338 126
126 217
217 12
12 238
238 76
76 481
481 426
426 133
133 446
446 109
109 378
378 337
337 87
87 157
157 51
51 44
44 443
443 527
527 88
88 386
386 457
457 112
112 299
299 261
261 138
138 218
218 534
534 322
322 71
71 139
139 33
33 341
341 335
335 344
344 248
248 64
64 304
304 438
438 110
110 422
422 392
392 184
184 444
444 206
206 482
482 241
241 381
381 533
533 342
342 34
34 118
118 474
474 132
132 279
279 377
377 328
328 119
119 531
531 399
399 249
249 232
232 26
26 270
270 329
329 199
199 260
260 324
324 428
428 179
179 269
269 240
240 95
95 201
201 362
362 529
529 245
245 21
21 173
173 38
38 6
6 79
79 266
266 495
495 131
131 319
319 185
185 383
383 455
455 140
140 202
202 461
461 160
160 234
234 252
252 389
389 456
456 432
432 188
188 28
28 7
7 16
16 287
287 244
244 237
237 125
125 74
74 358
358 50
50 114
114 539
539 447
447 32
32 385
385 466
466 191
191 2
2 97
97 365
365 243
243 538
538 162
162 472
472 471
471 354
354 460
460 407
407 536
536 302
302 419
419 208
208 147
147 276
276 353
353 93
93 352
352 257
257 396
396 511
511 367
367 414
414 297
297 489
489 152
152 359
359 372
372 403
403 167
167 129
129 346
346 247
247 493
493 530
530 333
333 316
316 77
77 18
18 483
483 233
233 350
350 20
20 510
510 294
294 58
58 90
90 363
363 412
412 415
415 190
190 475
475 209
209 490
490 431
431 418
418 220
220 518
518 430
430 468
468 40
40 91
91 57
57 436
436 291
291 317
317 473
473 66
66 368
368 148
148 37
37 301
301 310
310 331
331 434
434 306
306 283
283 404
404 285
285 198
198 113
113 222
222 196
196 394
394 326
326 265
265 371
371 486
486 168
168 369
369 387
387 67
67 500
500 89
89 65
65 503
503 56
56 521
521 305
305 507
507 502
502 442
442 454
454 219
219 101
101 440
440 361
361 522
522 228
228 0
0 235
235 470
470 163
163 390
390 204
204 253
253 535
535 11
11 200
200 376
376 439
439 142
142 491
491 424
424 149
149 153
153 366
366 8
8 254
254 449
449 514
514 271
271 60
60 35
35 10
10 289
289 410
410 465
465 183
183 1
1 278
278 484
484 85
85 526
526 537
537 27
27 330
330 348
348 3
3 445
445 258
258 360
360 374
374 135
135 54
54 397
397 31
31 215
215 524
524 96
96 128
128 523
523 441
441 186
186 267
267 225
225 505
505 130
130 141
141 92
92 398
398 295
295 268
268 332
332 5
5 116
116 417
417 159
159 48
48 68
68 393
393 13
13 154
154 379
379 134
134 327
327 421
421 193
193 203
203 462
462 282
282 127
127 73
73 382
382 277
277 284
284 86
86 292
292 195
195 513
513 63
63 39
39 499
499 463
463 255
255 453
453 498
498 246
246 313
313 158
158 231
231 262
262 349
349 205
205 52
52 525
525 59
59 323
323 413
413 528
528 155
155 23
23 98
98 81
81 347
347 281
281 480
480 464
464 423
423 520
520 62
62 169
169 106
106 508
508 136
136 175
175 192
192 223
223 212
212 288
288 180
180 46
46 29
29 83
83 488
488 375
375 303
303 312
312 150
150 384
384 416
416 242
242 388
388 194
194 236
236 400
400 224
224 298
298 229
229 259
259 170
170 207
207 401
401 280
280 226
226 69
69 256
256 515
515 251
251 161
161 300
300 25
25 263
263 336
336 290
290 156
156 504
504 501
501 308
308 334
334 425
425 213
213 24
24 448
448 264
264 227
227 370
370 19
19 172
172 309
309 437
437 99
99 517
517 315
315 216
216 509
509 512
512 321
321 108
108 458
458 221
221 391
391 165
165 75
75 72
72 450
450 230
230 187
187 408
408 275
275 124
124 409
409 373
373 171
171 402
402 104
104 476
476 492
492 239
239 406
406 55
55 420
420 469
469 433
433 151
151 516
479 288
214 344
501 135
7 216
340 222
383 147
166 69
433 539
11 374
4 217
503 88
44 421
467 375
328 172
470 27
255 406
391 169
285 78
131 345
181 17
307 459
529 347
270 218
293 293
424 527
454 411
245 441
156 340
81 321
299 166
438 6
243 404
255 166
399 266
87 391
343 17
1 205
472 229
516 149
5 304
208 539
197 477
529 28
349 480
203 318
171 311
225 94
87 168
463 70
290 311
280 101
254 71
252 180
197 474
454 425
437 417
144 102
462 66
82 433
149 103
20 172
141 51
511 310
464 43
276 272
213 465
412 143
415 201
194 526
258 108
471 86
498 353
6 74
76 506
90 53
118 95
120 388
256 244
297 447
309 531
277 361
420 39
477 270
345 362
119 156
284 388
162 177
351 275
260 291
524 65
360 127
502 176
497 296
326 196
335 475
198 291
325 428
288 316
244 334
473 200
456 304
170 382
222 203
451 28
226 431
217 335
348 395
84 513
211 352
244 463
238 115
512 154
533 205
219 5
518 53
137 7
480 313
146 317
76 404
133 505
367 127
480 35
507 146
348 141
418 156
294 411
532 493
536 114
499 338
52 1
6 88
349 347
430 491
407 71
430 459
252 536
56 82
364 123
68 2
333 290
459 461
409 525
445 418
472 90
318 506
501 70
291 482
537 287
342 189
459 343
385 182
368 52
96 395
120 212
363 487
534 22
379 104
64 505
409 255
509 159
326 163
7 338
422 386
142 89
391 278
62 211
383 311
27 333
374 185
44 510
289 408
506 299
288 260
197 169
161 444
441 100
430 294
265 189
307 45
280 473
464 252
113 201
218 261
327 130
210 70
203 372
423 386
50 21
262 156
496 198
415 253
463 210
16 528
377 240
300 223
189 401
502 81
505 39
520 353
164 35
343 450
215 66
266 143
208 95
193 139
263 474
194 294
27 94
100 307
18 175
264 333
129 151
499 215
228 40
97 120
174 95
149 315
309 345
325 117
89 338
346 509
447 362
246 367
46 51
145 353
242 21
294 404
484 175
472 316
352 230
440 116
397 399
19 388
333 462
279 355
386 106
346 395
201 315
249 215
524 380
494 102
453 448
156 252
37 325
278 218
461 526
394 451
385 525
309 522
422 202
526 98
209 134
450 166
30 496
440 81
158 44
60 255
77 230
21 260
471 252
242 54
282 379
475 522
420 260
308 58
500 295
476 395
310 141
366 71
486 18
183 421
201 458
515 59
149 182
211 524
253 487
410 220
152 57
419 380
498 289
298 180
170 532
253 228
52 139
273 4
105 239
235 52
50 505
520 387
495 239
523 169
59 321
385 296
128 321
111 117
364 334
207 91
493 261
171 493
212 271
164 145
483 518
82 412
453 463
41 383
29 349
73 516
268 357
408 44
307 312
91 506
464 158
209 249
501 424
486 215
464 387
88 210
167 75
127 43
295 138
86 526
412 204
490 162
314 415
361 435
105 310
1 138
279 93
446 425
275 218
59 266
394 1
83 381
424 504
112 354
260 283
16 508
10 221
150 256
525 82
338 443
106 319
58 35
139 195
516 26
77 339
386 501
120 59
225 63
328 116
1 115
138 137
319 484
351 217
67 151
27 370
234 263
30 255
205 263
150 362
123 188
329 511
458 484
392 203
67 305
132 314
243 435
380 46
425 13
222 476
421 177
253 264
525 60
223 104
83 518
297 456
133 175
312 439
8 370
333 392
328 51
122 516
163 221
408 359
539 120
199 395
314 258
86 17
406 353
105 137
33 7
412 365
117 389
65 103
226 152
467 145
109 133
188 455
85 63
433 327
405 473
408 75
118 403
96 163
256 151
57 306
59 170
139 13
484 177
336 480
510 338
143 183
234 473
98 473
94 140
417 473
471 309
49 478
251 454
340 254
339 56
92 242
228 68
412 374
292 456
124 297
199 57
36 455
41 26
22 34
505 184
527 538
311 29
92 145
155 299
403 97
279 290
467 63
0 160
380 289
461 4
378 316
492 419
256 326
276 327
406 123
133 247
106 13
282 172
272 244
17 43
453 26
197 42
362 301
242 105
292 289
395 182
402 350
339 16
185 495
494 349
207 168
265 466
410 214
301 236
401 235
435 402
412 396
490 195
102 486
393 88
266 231
122 93
55 212
456 483
524 366
490 85
104 336
102 142
328 453
241 356
269 517
518 374
300 146
1 258
379 192
258 373
199 208
255 37
326 51
180 229
276 312
190 5
407 425
370 346
104 538
300 21
293 96
308 162
456 55
333 513
66 153
537 211
262 333
375 416
84 391
308 286
106 484
344 418
495 379
38 422
370 193
15 45
16 232
156 476
325 470
517 23
118 539
185 141
464 85
22 175
424 399
342 529
131 389
178 131
421 486
281 370
289 433
170 529
17 289
455 201
322 44
394 213
491 402
364 168
516 298
525 390
321 267
159 330
459 506
382 441
89 214
416 317
238 364
424 77
231 135
388 422
355 1
164 530
45 141
28 213
284 172
378 197
110 464
325 304
146 393
313 141
282 185
368 515
413 104
385 357
485 263
179 345
472 405
179 487
205 252
265 160
148 432
475 453
393 386
123 515
209 2
384 229
154 495
455 440
192 128
412 5
79 383
366 325
230 332
223 42
68 314
266 221
394 460
507 282
317 166
126 510
281 278
360 348
231 171
281 156
126 259
136 525
528 372
83 194
315 259
316 482
532 349
177 318
261 381
139 88
81 26
280 320
193 401
333 389
24 34
226 293
288 401
351 484
129 421
397 210
505 375
301 453
230 479
253 272
265 306
208 123
25 518
269 287
285 473
395 178
318 204
437 45
346 95
143 415
479 458
424 395
127 478
256 256
228 75
340 441
90 431
205 451
128 201
45 14
535 371
498 28
167 481
50 374
532 431
518 213
503 141
94 20
226 148
479 261
186 156
534 526
472 378
82 431
430 385
287 195
480 10
150 246
446 467
54 460
422 381
484 137
371 463
259 471
316 249
375 476
250 129
122 52
302 386
534 492
312 504
369 80
182 396
104 23
319 197
283 350
392 239
117 395
468 29
68 309
280 373
315 529
236 196
314 267
292 442
42 176
346 456
208 185
376 395
288 314
333 532
88 444
236 377
470 414
123 310
324 81
293 448
197 259
258 157
4 38
42 434
476 135
304 89
388 397
474 17
300 200
332 250
309 367
227 221
267 400
36 451
142 478
230 396
302 325
111 333
28 33
65 10
215 482
438 290
252 169
69 467
367 190
89 484
435 437
508 259
226 440
75 390
106 71
128 397
396 277
448 99
162 250
469 339
327 311
78 152
418 291
39 386
448 523
198 514
420 51
382 6
449 180
434 203
465 61
523 3
57 504
195 510
304 37
495 72
464 270
338 173
320 164
250 326
10 227
203 375
12 380
105 433
369 381
93 500
381 84
518 20
453 147
502 212
431 485
385 35
344 508
415 10
355 363
480 246
198 116
181 411
198 275
84 478
267 423
316 364
376 510
465 515
423 242
135 509
330 460
459 406
121 1
470 219
306 200
373 261
225 526
95 61
265 493
253 345
157 13
420 315
466 284
153 58
192 221
328 261
529 128
527 235
29 326
68 232
37 377
503 177
73 460
253 519
300 502
29 305
12 308
316 242
16 434
481 183
159 39
234 533
225 192
14 145
12 320
325 37
299 98
358 227
304 226
145 427
149 148
383 277
329 301
198 206
277 301
21 298
210 329
398 434
109 156
421 412
346 494
15 426
203 151
503 396
111 347
201 486
320 414
74 145
396 359
313 14
382 92
355 415
277 532
481 294
511 514
217 380
162 21
195 233
201 42
450 438
354 97
188 45
282 175
22 250
2 443
318 59
238 217
272 51
220 162
385 441
149 425
262 196
502 514
351 121
465 400
240 105
539 530
210 450
184 17
98 347
252 139
18 161
473 142
232 108
37 367
378 91
151 222
303 236
221 333
473 266
309 390
384 223
99 30
281 23
346 311
380 56
63 398
272 93
95 421
499 83
100 48
534 142
166 131
191 265
420 502
208 151
110 401
316 19
139 130
510 262
27 56
485 218
319 283
460 512
6 97
375 321
527 104
156 462
135 412
217 502
537 524
381 108
340 509
144 75
365 71
453 244
315 488
437 395
101 98
102 532
495 430
33 14
229 481
43 325
297 465
137 460
336 235
519 522
254 252
395 371
188 299
351 187
217 526
402 412
258 338
460 192
492 106
115 511
302 100
473 17
61 160
22 100
137 49
192 213
192 283
428 446
512 471
148 142
45 344
290 107
124 53
81 423
88 513
57 211
332 328
410 19
315 50
493 232
474 518
37 426
70 110
262 40
295 407
276 168
111 527
168 226
335 364
151 405
104 56
121 320
334 215
109 308
194 95
73 293
3 422
317 227
403 524
351 28
296 483
501 42
182 333
379 140
396 529
12 489
87 467
338 428
64 146
201 82
434 296
145 250
396 279
86 270
6 508
146 308
146 454
43 38
84 133
222 391
198 477
440 488
98 350
425 107
279 307
265 187
70 85
176 535
253 340
31 400
22 88
504 462
350 235
172 489
464 290
463 406
329 324
533 431
49 392
179 524
433 117
268 467
510 231
296 87
173 356
108 307
444 145
248 374
514 349
500 19
392 117
435 496
444 337
284 516
220 129
206 186
135 230
425 39
472 507
197 440
495 227
264 23
536 210
48 490
327 449
106 116
439 478
98 115
140 172
35 432
211 283
90 315
479 525
144 515
488 538
125 278
487 504
182 191
222 80
367 483
157 439
138 294
529 503
465 414
48 159
69 304
439 31
97 179
31 362
104 209
74 346
187 20
119 363
525 180
370 357
394 19
86 298
79 420
407 333
252 148
117 38
475 107
18 444
191 479
353 145
216 75
510 487
515 135
36 365
442 167
519 391
317 475
44 486
439 57
156 512
374 226
477 261
200 414
425 246
196 42
420 379
366 405
236 505
147 401
458 225
227 180
155 445
96 325
500 215
376 14
435 75
28 4
318 525
135 234
78 474
191 183
134 440
260 322
190 394
325 162
386 201
448 8
170 458
434 201
97 315
479 67
334 259
276 173
104 16
514 206
503 3
395 155
535 14
229 318
188 338
158 246
446 340
250 63
15 128
284 496
97 201
459 331
495 397
346 329
215 451
342 486
321 42
66 45
199 370
440 437
479 224
480 38
472 410
527 276
98 179
375 464
384 394
250 228
191 138
507 59
20 432
263 233
354 219
367 134
423 246
495 96
326 403
241 346
165 378
116 494
434 15
21 220
424 33
295 260
383 28
135 402
43 11
58 385
343 293
161 209
170 536
240 336
45 94
255 331
410 382
443 149
420 422
149 53
473 101
325 538
386 388
288 330
41 444
175 291
480 370
187 312
47 302
50 347
330 220
52 386
3 470
504 379
385 239
331 284
520 456
26 79
223 274
111 191
374 119
468 266
100 263
406 164
166 227
165 181
23 37
351 378
517 393
508 482
206 107
161 215
373 6
170 166
216 441
401 56
39 63
329 284
71 199
70 393
397 355
201 1
39 243
240 14
251 51
294 277
19 520
519 381
130 332
268 45
465 407
38 472
202 211
174 480
499 217
411 334
46 503
65 241
461 186
125 443
457 75
423 409
523 231
128 234
344 18
476 228
346 349
172 116
311 299
321 60
208 20
47 121
341 514
252 70
46 256
48 160
116 254
312 75
54 446
468 49
140 259
466 333
265 416
337 351
537 357
145 261
241 308
322 89
353 450
171 71
503 343
207 426
183 189
265 202
269 472
179 62
215 418
327 125
267 451
168 508
287 531
451 17
184 197
278 171
271 425
158 513
353 383
58 20
440 428
389 36
232 13
249 206
358 447
93 403
276 349
346 31
380 235
477 150
231 133
219 449
363 498
125 30
230 486
276 307
246 195
244 102
468 503
226 325
20 193
103 424
289 64
59 163
495 407
189 352
95 318
40 360
33 60
535 411
303 119
191 185
237 59
311 291
513 26
212 488
138 340
199 433
142 409
38 343
310 16
290 294
33 387
160 20
103 391
153 393
405 246
405 42
478 351
110 501
531 199
343 10
253 246
491 84
353 478
27 29
477 484
222 235
525 190
68 486
112 230
54 240
153 230
93 11
89 278
232 420
520 529
436 28
272 28
207 171
50 56
125 405
434 432
376 189
341 168
374 293
254 12
415 79
277 441
468 512
259 155
536 501
291 290
264 150
186 395
44 228
153 142
303 161
31 277
294 481
32 172
64 404
339 402
22 515
237 28
92 278
17 472
4 376
429 96
88 387
398 102
52 208
511 452
236 470
342 73
24 363
537 31
522 220
231 377
368 288
19 469
16 148
529 430
201 107
104 434
309 114
348 351
286 526
414 39
492 423
58 289
118 443
347 71
179 503
69 461
485 125
490 13
278 93
431 6
510 27
37 479
428 459
463 206
377 264
535 512
97 145
50 191
325 510
76 470
355 275
128 393
339 370
12 142
331 375
78 75
351 334
479 429
272 332
304 520
376 278
297 177
509 276
355 279
16 136
277 33
486 211
342 166
101 217
3 123
526 37
239 423
56 89
206 507
71 20
9 190
443 532
131 57
289 500
371 372
512 372
322 367
192 278
12 468
34 502
128 422
460 336
401 280
464 473
187 501
187 341
286 255
200 321
101 514
211 212
530 259
486 240
150 360
44 459
70 318
198 455
80 470
350 350
166 367
1 144
527 272
436 1
107 30
400 169
21 206
157 335
346 129
443 305
396 37
197 346
441 374
289 168
22 47
489 477
478 199
476 98
79 348
440 274
427 91
203 166
521 164
473 90
209 87
137 71
62 479
334 454
265 448
525 414
109 286
26 389
445 534
491 226
425 254
187 18
250 379
56 394
455 51
36 170
337 247
351 89
510 397
67 257
218 147
354 151
69 383
2 264
255 461
168 235
77 66
344 327
370 106
329 185
346 3
119 265
444 363
62 243
58 339
15 278
461 302
94 434
156 226
142 154
498 237
130 138
293 108
411 122
272 1
523 136
179 401
481 208
77 227
281 364
442 240
70 369
336 55
176 1
112 38
17 315
171 161
463 477
203 416
310 420
153 323
32 172
265 158
113 213
483 43
325 390
253 57
87 146
240 437
412 299
296 335
195 366
209 465
154 234
279 426
485 175
161 493
401 187
10 382
523 420
38 298
259 20
362 122
11 487
216 223
111 483
183 356
153 406
288 495
485 211
473 423
395 384
493 12
478 215
507 408
229 237
270 389
323 91
242 433
225 406
249 310
172 150
498 58
21 438
240 286
179 291
257 185
101 148
46 155
220 333
443 5
458 70
78 82
443 271
380 40
92 361
281 304
47 226
106 88
483 260
92 285
260 286
355 180
137 47
525 362
356 434
521 92
223 302
54 475
30 227
398 297
87 448
197 263
246 516
365 99
304 488
190 439
340 90
82 272
101 500
485 68
440 130
480 123
232 266
447 68
174 180
402 516
38 419
295 305
425 538
531 332
58 18
492 458
353 25
21 196
152 430
331 434
296 369
183 109
205 433
189 380
265 228
384 152
381 198
372 326
310 6
500 129
405 254
83 54
22 309
184 322
129 137
203 63
256 431
166 465
482 131
94 538
3 174
165 465
24 295
272 276
462 50
40 60
341 184
107 269
214 494
250 297
198 283
182 402
250 256
62 505
297 60
224 296
295 159
215 46
332 513
49 111
5 384
111 128
74 503
82 448
458 221
473 249
485 252
318 276
37 273
117 451
320 164
296 85
207 15
333 66
444 157
454 234
204 145
303 404
432 388
179 430
57 159
191 102
120 481
339 170
9 88
46 402
70 259
117 204
368 483
156 386
26 103
222 287
78 291
380 338
99 416
529 444
382 56
500 456
521 2
153 46
448 450
317 369
382 283
239 173
435 243
462 444
95 283
114 427
238 446
401 353
293 469
274 433
477 490
200 138
88 126
25 226
375 411
307 514
2 287
370 375
316 2
115 513
439 310
343 159
479 119
315 421
404 490
9 97
529 92
64 122
411 53
531 447
245 273
115 478
112 436
339 41
366 496
243 144
473 403
253 375
122 1
365 123
13 376
52 439
164 80
506 470
210 417
505 483
122 507
342 186
323 291
415 351
3 237
477 99
88 87
96 388
210 75
103 447
177 25
512 482
361 317
341 168
312 73
193 50
117 502
467 443
290 173
13 13
155 180
519 492
152 515
316 211
27 204
229 299
353 362
287 193
135 202
215 401
482 484
251 235
465 177
266 161
202 187
79 528
514 492
68 339
337 358
398 487
204 253
193 275
41 49
524 63
322 328
272 180
320 226
8 200
472 529
94 214
346 455
23 239
312 327
249 526
312 462
182 469
97 13
395 532
392 185
362 339
501 451
520 494
387 254
84 361
507 150
287 315
526 10
343 516
266 259
173 505
252 109
281 29
10 59
150 207
310 126
30 74
320 209
58 239
127 535
472 87
63 65
338 469
69 116
156 245
290 25
186 302
330 87
467 473
98 410
320 287
449 288
110 521
266 87
539 290
480 249
377 349
293 177
285 430
91 46
488 80
538 393
89 190
503 533
272 114
383 13
462 289
110 171
309 47
227 447
313 319
350 200
209 443
326 382
142 30
291 496
219 155
425 341
148 203
376 375
38 186
504 272
45 356
406 527
286 185
312 49
176 487
421 200
242 58
47 503
56 374
525 336
320 32
423 467
103 149
293 59
478 53
27 420
110 135
474 396
137 76
516 23
352 60
303 410
411 53
180 142
471 2
55 465
352 280
533 493
47 253
428 169
346 459
373 90
214 84
493 193
169 400
9 22
461 77
50 454
113 415
11 320
322 436
360 88
454 199
123 230
24 7
242 489
221 411
537 145
172 410
245 447
18 15
245 348
34 248
490 25
196 72
396 209
239 509
467 189
53 339
401 321
393 174
12 250
72 92
303 19
434 20
43 512
44 377
127 322
32 326
513 91
139 200
539 0
273 362
369 289
173 38
74 296
205 371
390 43
26 519
207 287
45 26
458 135
258 511
96 45
453 66
404 514
29 90
29 278
276 73
497 219
86 146
108 455
247 104
297 295
110 91
258 399
396 148
218 287
0 457
430 180
363 239
314 325
64 322
132 366
218 5
138 305
254 485
425 87
405 201
158 441
55 102
413 425
202 394
434 133
506 29
108 470
516 90
237 245
307 192
368 400
342 164
332 416
174 316
441 220
332 336
277 15
265 471
212 145
386 294
300 484
115 408
390 10
209 150
531 414
371 236
200 281
340 386
441 276
422 68
105 326
238 237
217 491
288 348
516 404
207 462
471 67
317 48
275 109
440 527
361 34
184 367
236 73
53 214
280 349
276 428
420 28
306 276
519 325
116 26
466 476
295 65
345 358
475 400
135 308
197 180
241 187
500 269
251 303
30 320
59 366
297 295
154 267
32 208
373 522
338 229
311 288
282 205
499 379
412 73
499 110
156 517
235 442
475 211
221 295
372 308
524 295
488 163
146 32
451 114
402 38
526 450
497 237
323 195
294 150
321 96
197 348
479 163
111 26
262 350
390 152
476 64
127 97
125 360
400 535
101 86
398 124
278 426
456 231
493 350
27 30
388 28
19 32
199 292
95 412
487 413
486 162
537 345
301 529
120 122
12 24
474 457
73 535
256 18
113 34
277 222
239 395
107 268
428 126
136 254
117 30
505 103
363 522
81 456
406 527
150 448
11 259
231 456
253 186
519 338
31 100
360 66
93 138
487 535
335 13
388 531
302 493
1 98
85 426
191 179
374 105