54
269
0,
1,
2,
3,
4,
5,
6,
7,
8,
9,
10,
11,
12,
13,
14,
15,
16,
17,
18,
19,
20,
21,
22,
23,
24,
25,
26,
27,
28,
29,
30,
31,
32,
33,
34,
35,
36,
37,
38,
39,
40,
41,
42,
43,
44,
45,
46,
47,
48,
49,
50,
51,
52,
53
29 35
35 13
13 16
16 42
42 8
8 43
43 51
51 31
31 49
49 12
12 33
33 34
34 15
15 40
40 14
14 6
6 21
21 26
26 36
36 20
20 1
1 47
47 5
5 45
45 4
4 44
44 18
18 48
48 39
39 30
30 50
50 17
17 52
52 24
24 23
23 46
46 22
22 25
25 41
41 19
19 10
10 32
32 0
0 28
28 53
53 38
38 27
27 7
7 3
3 9
9 11
11 37
37 2
9 35
39 19
25 39
37 39
20 20
43 23
16 37
21 5
8 50
35 50
38 48
38 52
53 29
42 27
45 17
13 18
11 10
31 6
13 31
7 28
34 47
3 41
9 24
23 10
21 4
50 48
32 6
31 21
38 4
33 3
26 41
28 12
46 49
31 6
10 38
24 37
38 49
16 28
7 42
25 16
11 51
46 16
52 39
2 33
42 22
8 52
41 41
5 5
2 2
52 26
29 7
14 8
37 18
7 0
10 5
41 29
4 42
11 22
42 19
16 25
33 53
13 19
16 38
46 20
44 52
48 38
34 17
36 51
18 47
4 33
4 52
27 21
28 33
15 5
48 26
7 14
10 43
5 6
43 42
28 10
10 9
6 51
23 14
46 39
23 50
30 42
20 44
23 42
31 49
5 32
46 37
32 46
12 49
52 39
28 3
48 50
7 30
29 42
32 14
5 25
3 29
34 39
52 22
52 11
4 29
33 29
51 52
0 41
40 13
46 22
40 47
5 12
6 31
13 13
8 47
16 31
13 26
43 11
52 20
48 23
16 40
1 9
21 14
4 42
24 31
47 26
0 42
18 34
24 29
1 50
14 28
43 39
42 33
12 30
53 22
43 22
32 45
26 26
24 36
51 0
5 23
37 7
38 15
50 26
36 41
52 23
20 45
32 36
3 53
21 47
11 7
16 16
9 34
25 16
5 11
14 30
38 11
2 1
6 3
22 2
33 46
30 6
35 26
7 15
40 22
13 2
19 14
27 16
53 42
28 23
28 4
18 10
21 27
5 46
42 2
27 29
25 3
2 44
18 28
7 2
26 8
41 25
26 3
53 30
0 29
51 47
48 23
50 32
11 23
37 46
2 30
34 11
3 52
26 36
14 11
24 9
17 25
1 22
8 30
3 41
9 49
26 20
33 20
48 3
49 43
47 35
0 2
10 17
25 35
30 2
48 18
1 44
42 46
17 53
2 2
47 13