550
2749
0,
1,
2,
3,
4,
5,
6,
7,
8,
9,
10,
11,
12,
13,
14,
15,
16,
17,
18,
19,
20,
21,
22,
23,
24,
25,
26,
27,
28,
29,
30,
31,
32,
33,
34,
35,
36,
37,
38,
39,
40,
41,
42,
43,
44,
45,
46,
47,
48,
49,
50,
51,
52,
53,
54,
55,
56,
57,
58,
59,
60,
61,
62,
63,
64,
65,
66,
67,
68,
69,
70,
71,
72,
73,
74,
75,
76,
77,
78,
79,
80,
81,
82,
83,
84,
85,
86,
87,
88,
89,
90,
91,
92,
93,
94,
95,
96,
97,
98,
99,
100,
101,
102,
103,
104,
105,
106,
107,
108,
109,
110,
111,
112,
113,
114,
115,
116,
117,
118,
119,
120,
121,
122,
123,
124,
125,
126,
127,
128,
129,
130,
131,
132,
133,
134,
135,
136,
137,
138,
139,
140,
141,
142,
143,
144,
145,
146,
147,
148,
149,
150,
151,
152,
153,
154,
155,
156,
157,
158,
159,
160,
161,
162,
163,
164,
165,
166,
167,
168,
169,
170,
171,
172,
173,
174,
175,
176,
177,
178,
179,
180,
181,
182,
183,
184,
185,
186,
187,
188,
189,
190,
191,
192,
193,
194,
195,
196,
197,
198,
199,
200,
201,
202,
203,
204,
205,
206,
207,
208,
209,
210,
211,
212,
213,
214,
215,
216,
217,
218,
219,
220,
221,
222,
223,
224,
225,
226,
227,
228,
229,
230,
231,
232,
233,
234,
235,
236,
237,
238,
239,
240,
241,
242,
243,
244,
245,
246,
247,
248,
249,
250,
251,
252,
253,
254,
255,
256,
257,
258,
259,
260,
261,
262,
263,
264,
265,
266,
267,
268,
269,
270,
271,
272,
273,
274,
275,
276,
277,
278,
279,
280,
281,
282,
283,
284,
285,
286,
287,
288,
289,
290,
291,
292,
293,
294,
295,
296,
297,
298,
299,
300,
301,
302,
303,
304,
305,
306,
307,
308,
309,
310,
311,
312,
313,
314,
315,
316,
317,
318,
319,
320,
321,
322,
323,
324,
325,
326,
327,
328,
329,
330,
331,
332,
333,
334,
335,
336,
337,
338,
339,
340,
341,
342,
343,
344,
345,
346,
347,
348,
349,
350,
351,
352,
353,
354,
355,
356,
357,
358,
359,
360,
361,
362,
363,
364,
365,
366,
367,
368,
369,
370,
371,
372,
373,
374,
375,
376,
377,
378,
379,
380,
381,
382,
383,
384,
385,
386,
387,
388,
389,
390,
391,
392,
393,
394,
395,
396,
397,
398,
399,
400,
401,
402,
403,
404,
405,
406,
407,
408,
409,
410,
411,
412,
413,
414,
415,
416,
417,
418,
419,
420,
421,
422,
423,
424,
425,
426,
427,
428,
429,
430,
431,
432,
433,
434,
435,
436,
437,
438,
439,
440,
441,
442,
443,
444,
445,
446,
447,
448,
449,
450,
451,
452,
453,
454,
455,
456,
457,
458,
459,
460,
461,
462,
463,
464,
465,
466,
467,
468,
469,
470,
471,
472,
473,
474,
475,
476,
477,
478,
479,
480,
481,
482,
483,
484,
485,
486,
487,
488,
489,
490,
491,
492,
493,
494,
495,
496,
497,
498,
499,
500,
501,
502,
503,
504,
505,
506,
507,
508,
509,
510,
511,
512,
513,
514,
515,
516,
517,
518,
519,
520,
521,
522,
523,
524,
525,
526,
527,
528,
529,
530,
531,
532,
533,
534,
535,
536,
537,
538,
539,
540,
541,
542,
543,
544,
545,
546,
547,
548,
549
8 481
481 500
500 68
68 325
325 109
109 56
56 526
526 184
184 479
479 84
84 64
64 285
285 299
299 216
216 509
509 82
82 444
444 412
412 527
527 231
231 265
265 34
34 459
459 23
23 54
54 201
201 494
494 503
503 409
409 170
170 443
443 126
126 203
203 351
351 413
413 52
52 278
278 267
267 252
252 318
318 307
307 354
354 360
360 166
166 493
493 232
232 14
14 405
405 72
72 78
78 492
492 312
312 391
391 140
140 138
138 44
44 108
108 432
432 425
425 476
476 417
417 372
372 511
511 116
116 115
115 453
453 537
537 210
210 321
321 255
255 160
160 314
314 547
547 208
208 215
215 199
199 70
70 383
383 386
386 113
113 46
46 233
233 434
434 110
110 119
119 225
225 141
141 286
286 472
472 146
146 41
41 450
450 100
100 508
508 202
202 346
346 442
442 496
496 205
205 350
350 288
288 230
230 192
192 463
463 461
461 505
505 217
217 128
128 263
263 291
291 358
358 329
329 193
193 80
80 114
114 40
40 317
317 117
117 518
518 59
59 96
96 374
374 452
452 238
238 211
211 403
403 207
207 529
529 103
103 485
485 89
89 97
97 469
469 506
506 279
279 423
423 228
228 356
356 516
516 127
127 24
24 124
124 15
15 348
348 519
519 392
392 502
502 548
548 13
13 179
179 6
6 239
239 324
324 83
83 282
282 27
27 25
25 331
331 379
379 153
153 365
365 32
32 28
28 88
88 302
302 332
332 175
175 186
186 435
435 522
522 373
373 20
20 0
0 169
169 48
48 158
158 293
293 253
253 167
167 535
535 247
247 30
30 256
256 18
18 366
366 528
528 352
352 76
76 283
283 218
218 55
55 7
7 171
171 61
61 455
455 168
168 387
387 269
269 418
418 86
86 349
349 51
51 319
319 85
85 451
451 136
136 206
206 532
532 122
122 320
320 488
488 143
143 19
19 79
79 415
415 313
313 241
241 341
341 520
520 393
393 77
77 305
305 300
300 22
22 491
491 53
53 439
439 63
63 408
408 69
69 395
395 464
464 37
37 148
148 132
132 531
531 420
420 156
156 525
525 368
368 159
159 62
62 447
447 424
424 258
258 242
242 480
480 74
74 399
399 428
428 478
478 47
47 378
378 355
355 245
245 185
185 264
264 67
67 322
322 162
162 196
196 182
182 342
342 129
129 287
287 176
176 398
398 410
410 145
145 495
495 483
483 57
57 135
135 507
507 301
301 385
385 120
120 326
326 104
104 489
489 212
212 95
95 237
237 144
144 102
102 367
367 536
536 17
17 92
92 178
178 468
468 315
315 93
93 277
277 353
353 224
224 94
94 294
294 486
486 497
497 542
542 227
227 376
376 533
533 543
543 200
200 268
268 139
139 466
466 309
309 10
10 328
328 311
311 101
101 359
359 150
150 289
289 345
345 296
296 380
380 426
426 234
234 462
462 204
204 188
188 165
165 262
262 336
336 323
323 484
484 344
344 454
454 73
73 21
21 99
99 540
540 275
275 375
375 521
521 246
246 308
308 118
118 504
504 470
470 194
194 272
272 257
257 297
297 482
482 189
189 411
411 58
58 338
338 456
456 164
164 71
71 2
2 337
337 465
465 111
111 499
499 91
91 327
327 388
388 235
235 3
3 394
394 347
347 438
438 401
401 214
214 35
35 514
514 477
477 16
16 446
446 389
389 381
381 38
38 416
416 414
414 501
501 105
105 49
49 303
303 473
473 183
183 361
361 430
430 26
26 539
539 406
406 445
445 541
541 549
549 404
404 534
534 112
112 490
490 154
154 137
137 243
243 163
163 66
66 130
130 125
125 370
370 173
173 261
261 471
471 240
240 363
363 222
222 460
460 510
510 87
87 147
147 123
123 544
544 335
335 419
419 436
436 334
334 248
248 523
523 407
407 134
134 396
396 198
198 433
433 513
513 195
195 340
340 187
187 538
538 276
276 437
437 1
1 152
152 364
364 339
339 295
295 304
304 384
384 260
260 377
377 281
281 106
106 149
149 382
382 131
131 236
236 429
429 343
343 244
244 249
249 151
151 274
274 5
5 316
316 290
290 226
226 333
333 330
330 133
133 512
512 357
357 441
441 467
467 42
42 475
475 545
545 457
457 81
81 229
229 371
371 524
524 421
421 427
427 29
29 270
270 431
431 191
191 546
546 515
515 487
487 33
33 121
121 284
284 39
39 271
271 223
223 177
177 259
259 60
60 273
273 220
220 213
213 174
174 190
190 209
209 422
422 157
157 219
219 306
306 98
98 362
362 45
45 9
9 251
251 161
161 298
298 142
142 440
440 197
197 390
390 254
254 4
4 221
221 75
75 36
36 90
90 280
280 155
155 449
449 107
107 402
402 458
458 310
310 530
530 397
397 448
448 517
517 12
12 11
11 498
498 474
474 43
43 180
180 65
65 181
181 250
250 369
369 50
50 292
292 31
31 172
172 266
266 400
108 1
369 134
281 360
13 462
48 113
375 136
257 523
430 317
202 95
199 285
159 479
232 220
225 174
153 253
197 69
518 144
49 191
7 195
458 494
56 152
510 11
401 283
388 512
290 297
24 35
343 241
155 316
404 303
441 440
455 141
196 286
377 18
242 32
325 308
97 42
251 500
442 224
546 310
113 321
20 238
387 53
536 269
442 355
247 239
125 409
104 124
241 424
63 491
279 346
127 324
42 191
239 35
116 0
0 410
380 60
503 500
305 463
48 443
259 62
31 339
517 93
47 508
419 326
525 182
153 152
49 5
545 50
355 65
317 48
6 292
467 493
427 236
318 94
78 265
206 520
482 348
36 437
423 3
486 122
438 126
108 8
462 31
237 345
62 9
543 56
465 31
15 32
83 307
85 377
541 311
118 508
399 337
471 428
222 222
135 205
255 473
128 169
108 540
432 76
410 453
266 401
48 68
389 424
4 115
230 220
499 386
549 17
484 194
99 360
414 241
418 363
305 64
265 463
110 483
107 29
165 416
53 65
192 56
166 544
222 455
333 383
506 506
141 149
56 507
17 187
222 317
117 419
543 139
457 136
445 121
129 255
256 167
532 353
396 220
143 524
2 433
153 196
549 395
413 250
193 120
161 122
437 246
131 345
71 194
167 105
312 536
169 3
179 143
14 14
468 268
533 281
248 307
355 537
531 466
151 312
543 5
182 248
113 229
160 189
351 65
525 470
488 397
266 215
160 536
172 37
79 247
120 51
348 9
39 48
523 323
224 521
6 277
174 256
472 333
143 260
462 431
452 31
94 509
534 452
429 2
255 381
429 168
36 22
277 151
147 295
358 83
58 506
91 390
382 514
529 232
289 276
166 271
58 496
64 473
145 468
244 484
232 154
61 130
57 248
224 14
431 363
517 37
453 204
126 139
193 185
54 419
393 258
262 366
333 295
533 159
235 16
531 155
107 513
486 2
154 299
154 289
225 455
341 303
351 20
131 528
271 475
129 180
331 354
325 132
97 117
372 283
493 473
247 114
241 160
73 18
123 111
312 404
179 337
546 334
324 150
373 47
418 235
92 154
340 480
284 538
194 312
452 504
119 108
341 69
391 340
55 505
406 116
142 405
191 378
400 246
142 366
450 311
126 99
147 176
490 125
57 405
546 465
243 153
254 152
0 447
296 531
186 79
19 93
427 340
140 3
129 250
198 20
91 289
100 375
7 270
117 60
419 388
436 235
322 214
283 437
397 24
426 266
131 406
22 160
54 541
548 202
129 282
307 61
178 306
549 55
10 549
288 150
393 416
445 263
392 241
525 248
301 414
509 156
392 198
95 469
313 44
544 166
99 343
487 481
48 403
315 499
542 328
533 142
545 532
451 206
371 540
345 218
24 71
255 403
303 443
299 38
393 305
513 76
304 50
203 198
227 165
118 153
52 203
308 102
33 374
425 417
186 542
282 262
280 455
392 422
471 95
167 78
433 189
176 330
77 254
403 502
56 383
213 376
322 468
221 192
398 53
304 416
113 240
158 516
518 140
110 373
352 134
317 238
74 400
524 482
385 173
56 467
435 2
478 403
83 537
224 401
153 402
232 471
88 438
49 1
501 418
386 536
412 150
320 321
277 379
228 228
294 137
215 417
292 51
324 420
123 383
410 162
187 208
23 454
107 247
467 101
59 320
448 353
504 406
43 32
388 90
5 534
381 439
474 62
0 267
109 481
405 490
526 282
214 134
419 403
69 202
217 191
496 84
4 32
432 25
35 321
55 179
235 136
419 237
163 145
308 480
104 290
66 22
128 127
150 472
370 504
460 218
470 410
105 359
215 525
16 478
385 476
290 420
538 8
406 336
356 443
310 481
485 144
252 466
491 128
94 107
484 149
548 82
118 527
187 58
402 444
219 468
281 376
398 363
243 438
453 385
322 485
125 421
332 320
446 195
66 244
508 408
547 198
350 308
265 242
351 320
496 415
347 41
127 220
222 482
477 274
31 9
334 492
303 464
518 262
128 159
375 282
520 165
33 235
532 61
200 399
453 397
307 142
511 445
29 247
293 320
487 338
117 306
246 397
233 470
174 385
535 517
462 191
307 390
373 30
178 234
473 137
79 121
385 56
514 308
103 381
514 88
531 250
183 260
352 25
353 328
537 517
50 404
133 66
205 231
453 468
375 272
400 291
392 153
277 88
324 260
541 475
265 345
343 478
376 240
377 179
510 307
542 51
164 230
191 130
540 244
479 151
519 64
332 515
94 473
460 536
348 344
308 260
78 240
336 102
275 57
535 84
305 98
217 118
430 500
403 386
285 83
134 399
516 239
311 487
325 482
454 211
402 457
108 239
468 83
297 356
501 109
152 358
324 353
37 486
295 476
166 286
274 301
67 288
333 503
101 96
117 275
199 407
157 313
464 360
39 431
85 159
289 529
449 513
339 474
342 271
88 365
388 241
300 371
185 401
32 10
56 102
301 33
40 367
417 175
236 439
240 60
227 142
133 212
319 64
530 195
156 389
532 432
391 322
227 377
177 522
60 330
170 305
385 260
478 151
149 303
90 125
252 30
389 223
407 265
256 245
81 335
111 324
192 157
297 305
168 250
302 149
329 501
166 146
405 294
257 110
32 287
211 319
296 123
191 68
306 345
101 355
482 493
524 292
394 204
20 492
189 274
388 87
482 252
393 130
164 181
325 442
155 336
173 325
21 450
3 471
488 403
247 141
417 399
255 150
52 92
365 93
355 332
487 417
172 211
224 159
6 498
302 101
529 112
515 483
402 210
171 164
539 3
260 214
538 420
38 73
347 525
490 274
29 376
476 75
217 318
133 431
335 12
25 269
379 289
130 298
453 316
348 115
125 61
543 32
313 75
466 116
506 448
222 80
401 49
497 23
443 149
263 479
246 373
405 347
408 49
18 251
316 87
474 340
309 217
267 48
280 392
38 184
274 501
294 312
128 515
423 473
174 250
262 40
153 196
247 425
53 543
258 85
491 348
122 306
415 544
100 512
453 30
467 42
3 78
329 181
355 180
286 188
373 479
187 15
151 322
485 342
376 429
64 145
229 289
96 7
34 177
500 130
57 544
258 279
513 50
439 271
106 410
55 235
160 182
477 14
473 194
504 157
322 370
275 258
31 542
384 1
198 502
351 244
474 392
27 344
159 95
336 402
81 130
132 142
520 301
203 495
489 534
346 159
149 7
134 398
12 178
221 537
354 52
480 25
467 108
276 79
484 217
271 318
231 204
178 250
67 524
400 496
47 489
289 454
56 242
235 200
430 447
400 356
304 245
487 87
33 549
151 484
131 268
291 413
50 537
121 429
63 26
440 127
115 402
376 481
108 222
514 401
78 519
234 139
199 247
511 366
395 270
173 20
541 56
237 406
500 360
432 155
472 191
475 200
267 355
6 183
57 275
104 156
259 401
33 2
71 45
35 514
260 412
184 360
312 322
456 320
120 367
40 278
511 49
528 119
108 64
264 29
247 339
16 260
424 410
146 259
144 511
296 530
183 163
411 269
174 286
158 211
196 535
98 333
70 91
267 13
332 434
303 378
133 321
343 224
18 62
111 328
228 475
519 358
204 43
222 287
241 140
9 391
262 410
260 132
158 337
534 72
273 20
65 154
41 292
342 240
6 38
250 243
445 352
101 21
55 419
476 416
70 366
119 427
87 390
120 461
31 492
479 107
332 293
195 493
526 260
271 507
13 320
458 401
368 360
288 417
490 529
121 351
469 423
269 200
398 253
481 346
166 25
507 306
373 422
458 515
58 513
393 210
511 515
320 478
95 32
203 538
113 109
311 244
162 536
471 81
328 87
370 70
234 157
294 479
335 277
216 398
50 464
411 121
451 475
92 366
101 301
247 428
240 5
286 258
516 489
188 397
93 346
153 74
85 416
266 202
385 112
176 492
299 403
134 312
402 105
443 547
268 340
4 262
118 149
282 39
413 277
474 102
69 84
63 173
532 485
495 126
239 47
280 244
409 423
177 418
510 259
92 0
33 484
92 8
31 93
31 302
508 418
210 366
113 148
271 463
97 531
312 279
214 210
353 506
180 287
459 355
322 202
218 219
509 471
119 280
335 231
29 290
33 483
524 24
54 84
190 90
404 72
379 395
419 309
435 495
196 312
364 196
316 231
256 109
23 325
461 398
532 294
496 70
83 359
95 309
232 449
211 321
7 312
263 327
277 185
430 159
102 21
354 253
360 449
2 72
444 78
428 31
374 114
454 223
96 271
522 51
239 19
510 179
434 442
349 211
373 133
270 290
201 424
48 320
123 49
185 20
253 444
2 203
256 321
538 351
390 64
380 369
189 499
402 329
501 232
496 518
487 296
248 345
473 468
429 62
451 189
17 181
237 198
415 519
102 361
312 291
52 435
349 362
198 336
499 80
210 521
14 506
373 521
66 140
509 452
417 180
346 310
545 306
307 229
197 83
201 60
60 304
451 398
52 255
505 496
206 530
152 171
114 286
538 137
425 81
320 79
445 289
178 118
239 38
117 302
523 537
271 399
546 69
337 329
419 232
137 284
209 382
68 366
498 11
140 352
108 109
413 234
25 80
331 72
120 385
202 410
135 11
340 249
405 401
286 429
260 343
495 391
164 397
302 276
131 266
360 132
223 360
478 427
369 204
395 517
83 538
97 76
369 233
196 283
210 168
410 148
46 86
480 478
384 460
358 72
74 103
302 387
451 505
354 448
130 18
228 516
128 64
117 341
444 304
41 345
185 492
237 187
549 422
136 156
305 107
206 134
326 537
388 529
306 361
185 29
238 426
75 387
72 458
221 405
244 25
78 447
6 417
431 55
19 307
112 244
525 24
51 504
334 64
140 155
491 397
379 40
486 48
509 101
265 41
84 523
459 531
35 380
435 159
445 476
412 340
422 54
497 158
267 26
318 114
234 528
336 269
295 191
383 118
176 277
441 230
216 1
544 275
213 90
122 395
315 158
273 215
493 338
244 122
484 232
80 199
488 112
137 221
436 154
520 171
527 491
288 83
524 120
196 278
171 254
52 164
257 530
104 71
344 270
456 358
177 438
54 295
434 470
263 469
292 84
454 182
459 119
346 47
476 340
427 436
22 398
137 146
388 22
98 164
62 417
214 420
418 384
294 451
123 171
342 127
18 534
331 289
335 394
222 254
469 86
538 261
353 456
23 361
251 462
369 227
382 122
64 443
388 183
131 247
203 90
299 483
484 476
9 243
522 549
462 406
228 459
106 172
82 76
362 209
281 29
43 119
197 361
190 366
329 349
429 433
323 233
104 303
539 457
238 359
214 81
488 508
294 530
162 546
446 333
112 529
182 25
275 82
232 465
403 131
410 503
453 454
200 478
76 328
417 43
2 502
263 236
278 218
210 422
87 171
235 101
177 423
151 84
192 445
501 8
363 3
242 54
502 292
243 396
362 272
98 252
118 140
301 216
13 111
228 315
205 460
391 118
20 261
30 98
74 489
272 319
342 374
13 427
309 214
96 219
222 370
312 260
339 417
317 120
64 495
69 385
386 479
281 435
441 19
310 173
363 540
314 527
476 182
331 75
384 383
479 419
182 223
334 348
194 190
266 261
27 97
33 453
451 261
502 464
355 314
229 451
406 142
521 40
166 353
505 313
9 105
128 435
16 403
225 75
406 526
179 60
316 477
203 538
510 501
484 527
20 497
84 13
458 436
229 300
193 273
269 247
20 302
368 339
299 167
396 428
275 92
476 470
284 99
40 213
442 438
465 535
480 135
288 390
395 369
459 415
268 218
515 100
428 184
118 240
231 360
441 184
139 392
146 389
537 8
506 428
66 207
436 319
542 202
449 23
500 262
533 548
420 280
303 450
528 38
541 148
384 114
245 386
63 526
169 174
451 402
50 464
180 77
206 39
191 157
140 267
61 447
44 400
251 169
187 493
9 329
73 95
501 453
357 219
344 457
93 171
216 400
354 432
151 225
136 178
36 309
268 185
349 55
182 391
531 404
178 538
141 73
542 128
327 289
13 403
358 355
86 422
349 192
143 215
214 476
170 515
75 493
13 294
467 277
402 96
454 254
267 206
87 213
284 438
47 279
235 58
428 158
304 482
185 280
227 83
143 130
302 216
29 119
204 189
444 336
448 349
507 34
69 56
347 282
395 5
528 408
431 449
399 158
53 201
409 399
423 217
346 31
50 438
143 251
76 274
439 214
183 419
472 313
111 59
56 3
84 219
91 33
57 486
412 425
507 464
197 480
121 221
73 160
236 37
407 312
155 288
298 547
181 246
234 227
394 196
412 478
423 522
445 80
4 193
288 508
432 338
231 82
318 315
384 0
176 344
419 133
4 285
527 75
206 368
540 36
222 24
389 182
121 481
504 529
219 495
373 56
93 91
149 330
237 227
310 29
462 175
42 172
303 417
220 519
388 546
381 13
516 544
439 169
132 38
448 397
260 4
32 140
369 8
215 130
268 455
410 179
280 393
258 224
342 334
271 153
158 140
99 168
288 302
20 540
167 148
507 513
127 319
174 419
342 271
143 22
340 278
330 251
93 243
89 342
247 194
420 2
247 533
129 215
179 160
39 131
131 499
266 50
429 282
372 542
142 368
455 24
325 91
204 253
307 335
495 111
376 113
175 149
145 206
185 235
415 24
477 281
217 64
537 232
409 84
314 324
312 436
196 58
292 522
338 388
161 301
434 28
250 418
4 398
421 180
464 202
523 548
213 299
129 235
270 46
406 45
440 447
541 363
415 6
361 334
357 144
48 328
50 71
128 78
126 538
515 420
387 325
225 519
244 248
215 38
443 197
90 414
519 204
314 509
40 153
129 335
320 27
487 444
402 408
357 336
101 24
182 308
131 109
112 476
473 520
541 316
488 275
182 221
237 103
3 111
335 66
353 536
286 119
247 402
7 19
353 205
541 295
141 16
529 184
377 435
138 367
404 444
105 230
215 506
534 267
328 490
324 241
52 250
429 433
30 70
165 352
357 525
435 41
325 50
492 102
306 243
48 356
151 34
171 404
12 506
76 236
288 357
156 37
260 135
315 454
546 328
103 0
317 459
204 17
105 126
105 510
309 114
473 233
36 431
93 26
111 387
496 85
218 4
42 413
241 145
244 89
354 14
157 81
232 298
548 149
508 24
443 474
468 253
328 328
412 379
277 422
103 145
466 480
294 53
138 274
303 361
325 340
47 32
51 0
25 459
502 489
89 242
423 474
44 541
464 536
295 229
23 518
244 490
467 212
199 39
162 105
200 165
295 442
127 63
454 363
249 338
149 511
2 209
537 263
162 479
126 188
30 37
3 235
25 325
306 320
201 419
467 428
480 373
299 536
515 137
24 67
434 223
309 133
24 184
157 165
377 526
389 498
8 345
179 325
493 152
198 213
517 352
540 373
146 429
182 389
511 527
183 141
121 56
153 101
389 73
395 227
333 272
510 423
95 201
302 44
33 543
70 409
525 62
397 417
122 445
232 225
210 373
496 118
535 249
325 249
256 160
537 177
14 158
324 70
204 268
351 141
532 134
521 220
16 402
198 467
73 147
162 314
256 83
67 118
469 344
445 310
38 180
457 180
8 381
519 496
190 358
256 455
456 8
241 277
367 355
415 90
182 109
4 271
6 32
408 145
187 454
86 396
157 508
293 485
69 140
190 273
382 509
44 361
42 396
243 198
112 496
482 227
522 6
221 317
388 516
181 491
96 94
212 485
200 529
453 72
312 280
173 455
213 40
528 382
90 332
324 212
332 256
71 341
193 420
522 116
44 125
121 36
79 129
82 253
543 189
46 380
228 275
380 211
387 461
65 36
363 469
535 9
435 450
156 507
148 268
374 548
102 279
123 37
505 194
425 388
530 123
442 507
362 346
177 124
235 113
526 254
71 395
537 477
335 251
214 153
158 333
74 223
350 19
345 416
172 476
96 199
403 143
204 158
387 268
185 14
402 198
502 396
274 275
537 276
545 204
431 504
469 13
12 376
243 305
280 442
510 252
323 208
90 394
234 337
531 265
415 463
287 273
365 244
390 364
206 347
295 388
448 115
117 257
138 198
300 96
269 205
144 270
255 6
536 530
275 475
353 403
44 474
268 383
539 172
475 221
313 324
189 457
415 246
29 68
471 91
326 256
20 138
451 434
380 282
544 250
297 319
196 252
230 11
399 252
302 434
106 398
53 102
353 161
258 85
36 219
75 7
432 426
220 32
89 111
512 190
331 545
403 200
39 50
6 285
398 430
490 406
501 392
206 212
327 317
530 70
465 451
360 113
247 515
372 14
271 494
506 202
166 543
84 163
16 534
48 214
215 274
123 226
2 497
327 89
134 445
481 39
47 290
503 39
166 548
243 535
321 97
217 240
237 256
527 442
343 250
191 110
165 539
388 106
522 290
299 233
533 224
31 15
71 80
456 250
423 337
71 478
77 168
375 266
303 402
43 386
517 78
125 382
138 277
525 37
251 353
539 44
14 229
483 84
385 268
481 501
298 248
136 260
278 451
242 435
148 187
402 495
547 397
320 348
190 227
210 530
308 326
29 499
415 100
540 431
375 483
449 416
283 291
524 544
11 3
431 338
525 145
130 425
384 259
42 292
377 540
345 54
373 115
235 124
322 296
280 514
437 182
173 394
68 350
74 227
331 420
220 282
324 174
100 91
197 530
328 346
536 27
287 372
390 494
375 141
199 493
483 512
547 254
536 184
277 47
323 66
326 151
2 200
372 383
538 196
102 495
217 463
384 173
397 396
370 488
29 63
504 44
66 541
257 52
456 81
392 383
449 213
330 518
228 333
58 199
113 30
126 397
116 13
95 64
192 161
110 461
165 492
120 452
354 509
348 373
498 352
337 249
138 152
169 350
311 221
220 481
249 286
196 428
37 405
401 492
505 143
443 498
161 462
313 124
440 262
412 187
124 57
520 54
142 475
543 65
215 245
77 156
193 89
426 517
454 262
316 133
322 310
274 314
528 335
106 166
517 463
235 397
393 198
172 530
458 532
234 7
471 95
405 489
186 109
399 242
96 496
276 331
453 11
285 153
260 340
344 533
107 404
14 383
476 498
507 388
352 190
548 133
257 98
312 153
184 526
407 439
367 494
456 373
489 289
166 439
364 167
121 114
539 13
406 522
440 203
1 381
384 527
115 22
202 538
132 210
478 212
394 411
4 282
498 205
264 540
268 382
388 265
479 505
120 253
488 219
462 354
527 52
337 95
347 356
98 384
75 478
461 226
300 7
234 163
391 120
503 211
104 95
407 355
124 485
162 448
88 259
430 208
172 467
349 486
250 497
315 60
517 437
207 363
302 305
48 452
545 21
62 53
135 118
362 162
4 156
525 297
19 52
249 131
420 56
92 330
377 247
150 268
183 500
38 468
48 150
413 517
279 205
514 34
345 401
425 140
14 430
382 111
0 435
223 126
513 139
383 381
362 444
495 288
340 189
439 128
41 10
420 107
457 298
183 29
494 55
76 444
431 404
336 91
38 468
528 546
74 406
286 235
439 17
458 218
373 343
26 81
221 9
207 70
203 499
164 549
174 356
31 502
501 343
427 536
230 23
533 470
243 427
529 137
457 154
182 486
99 507
18 40
464 116
193 532
207 80
501 135
3 18
427 239
380 360
150 174
366 351
13 548
406 373
230 167
19 90
63 349
118 188
371 526
443 36
440 79
256 483
142 503
281 51
122 511
193 398
541 323
468 246
372 167
61 452
419 344
249 330
167 353
295 420
56 132
299 59
500 50
115 110
179 342
28 181
135 350
417 65
52 148
136 252
290 429
61 501
204 417
423 35
265 531
497 149
281 544
5 171
294 133
40 21
501 212
322 525
45 307
252 389
512 138
23 248
457 78
327 274
359 473
169 530
145 470
213 546
332 218
109 12
210 238
470 194
285 154
165 9
395 375
116 184