570
2849
0,
1,
2,
3,
4,
5,
6,
7,
8,
9,
10,
11,
12,
13,
14,
15,
16,
17,
18,
19,
20,
21,
22,
23,
24,
25,
26,
27,
28,
29,
30,
31,
32,
33,
34,
35,
36,
37,
38,
39,
40,
41,
42,
43,
44,
45,
46,
47,
48,
49,
50,
51,
52,
53,
54,
55,
56,
57,
58,
59,
60,
61,
62,
63,
64,
65,
66,
67,
68,
69,
70,
71,
72,
73,
74,
75,
76,
77,
78,
79,
80,
81,
82,
83,
84,
85,
86,
87,
88,
89,
90,
91,
92,
93,
94,
95,
96,
97,
98,
99,
100,
101,
102,
103,
104,
105,
106,
107,
108,
109,
110,
111,
112,
113,
114,
115,
116,
117,
118,
119,
120,
121,
122,
123,
124,
125,
126,
127,
128,
129,
130,
131,
132,
133,
134,
135,
136,
137,
138,
139,
140,
141,
142,
143,
144,
145,
146,
147,
148,
149,
150,
151,
152,
153,
154,
155,
156,
157,
158,
159,
160,
161,
162,
163,
164,
165,
166,
167,
168,
169,
170,
171,
172,
173,
174,
175,
176,
177,
178,
179,
180,
181,
182,
183,
184,
185,
186,
187,
188,
189,
190,
191,
192,
193,
194,
195,
196,
197,
198,
199,
200,
201,
202,
203,
204,
205,
206,
207,
208,
209,
210,
211,
212,
213,
214,
215,
216,
217,
218,
219,
220,
221,
222,
223,
224,
225,
226,
227,
228,
229,
230,
231,
232,
233,
234,
235,
236,
237,
238,
239,
240,
241,
242,
243,
244,
245,
246,
247,
248,
249,
250,
251,
252,
253,
254,
255,
256,
257,
258,
259,
260,
261,
262,
263,
264,
265,
266,
267,
268,
269,
270,
271,
272,
273,
274,
275,
276,
277,
278,
279,
280,
281,
282,
283,
284,
285,
286,
287,
288,
289,
290,
291,
292,
293,
294,
295,
296,
297,
298,
299,
300,
301,
302,
303,
304,
305,
306,
307,
308,
309,
310,
311,
312,
313,
314,
315,
316,
317,
318,
319,
320,
321,
322,
323,
324,
325,
326,
327,
328,
329,
330,
331,
332,
333,
334,
335,
336,
337,
338,
339,
340,
341,
342,
343,
344,
345,
346,
347,
348,
349,
350,
351,
352,
353,
354,
355,
356,
357,
358,
359,
360,
361,
362,
363,
364,
365,
366,
367,
368,
369,
370,
371,
372,
373,
374,
375,
376,
377,
378,
379,
380,
381,
382,
383,
384,
385,
386,
387,
388,
389,
390,
391,
392,
393,
394,
395,
396,
397,
398,
399,
400,
401,
402,
403,
404,
405,
406,
407,
408,
409,
410,
411,
412,
413,
414,
415,
416,
417,
418,
419,
420,
421,
422,
423,
424,
425,
426,
427,
428,
429,
430,
431,
432,
433,
434,
435,
436,
437,
438,
439,
440,
441,
442,
443,
444,
445,
446,
447,
448,
449,
450,
451,
452,
453,
454,
455,
456,
457,
458,
459,
460,
461,
462,
463,
464,
465,
466,
467,
468,
469,
470,
471,
472,
473,
474,
475,
476,
477,
478,
479,
480,
481,
482,
483,
484,
485,
486,
487,
488,
489,
490,
491,
492,
493,
494,
495,
496,
497,
498,
499,
500,
501,
502,
503,
504,
505,
506,
507,
508,
509,
510,
511,
512,
513,
514,
515,
516,
517,
518,
519,
520,
521,
522,
523,
524,
525,
526,
527,
528,
529,
530,
531,
532,
533,
534,
535,
536,
537,
538,
539,
540,
541,
542,
543,
544,
545,
546,
547,
548,
549,
550,
551,
552,
553,
554,
555,
556,
557,
558,
559,
560,
561,
562,
563,
564,
565,
566,
567,
568,
569
354 460
460 561
561 71
71 24
24 201
201 443
443 331
331 452
452 95
95 444
444 137
137 64
64 151
151 46
46 10
10 81
81 388
388 295
295 164
164 339
339 116
116 402
402 417
417 232
232 146
146 564
564 319
319 516
516 407
407 158
158 221
221 217
217 509
509 482
482 318
318 542
542 381
381 180
180 435
435 54
54 173
173 343
343 410
410 48
48 191
191 341
341 285
285 520
520 132
132 249
249 292
292 77
77 340
340 74
74 111
111 43
43 517
517 526
526 395
395 170
170 284
284 11
11 121
121 463
463 380
380 47
47 361
361 531
531 5
5 117
117 289
289 359
359 2
2 552
552 30
30 310
310 203
203 75
75 277
277 508
508 553
553 261
261 475
475 239
239 278
278 107
107 109
109 364
364 447
447 163
163 462
462 246
246 254
254 478
478 305
305 565
565 233
233 545
545 317
317 307
307 162
162 450
450 260
260 27
27 556
556 8
8 196
196 294
294 479
479 356
356 382
382 168
168 320
320 372
372 108
108 549
549 99
99 442
442 197
197 326
326 125
125 59
59 476
476 329
329 299
299 296
296 355
355 87
87 257
257 369
369 334
334 61
61 472
472 9
9 437
437 386
386 474
474 194
194 85
85 300
300 371
371 408
408 34
34 297
297 270
270 502
502 405
405 461
461 62
62 288
288 350
350 481
481 454
454 538
538 70
70 174
174 312
312 76
76 118
118 206
206 358
358 333
333 441
441 161
161 82
82 456
456 527
527 72
72 17
17 227
227 298
298 365
365 544
544 412
412 37
37 265
265 351
351 348
348 210
210 490
490 38
38 19
19 497
497 316
316 323
323 306
306 286
286 393
393 236
236 427
427 124
124 557
557 533
533 495
495 29
29 349
349 94
94 501
501 155
155 335
335 177
177 534
534 396
396 22
22 63
63 530
530 119
119 53
53 28
28 274
274 494
494 242
242 415
415 78
78 13
13 559
559 179
179 566
566 428
428 135
135 287
287 129
129 469
469 80
80 431
431 41
41 550
550 485
485 419
419 394
394 142
142 308
308 389
389 266
266 399
399 283
283 186
186 57
57 400
400 93
93 26
26 290
290 321
321 193
193 357
357 204
204 558
558 281
281 182
182 373
373 14
14 253
253 344
344 226
226 102
102 562
562 51
51 130
130 267
267 202
202 363
363 328
328 185
185 92
92 84
84 211
211 189
189 252
252 366
366 145
145 293
293 548
548 384
384 499
499 199
199 50
50 25
25 411
411 103
103 496
496 375
375 347
347 228
228 234
234 159
159 511
511 391
391 153
153 423
423 491
491 547
547 104
104 0
0 464
464 190
190 397
397 96
96 181
181 543
543 250
250 370
370 220
220 504
504 229
229 524
524 528
528 315
315 4
4 429
429 487
487 303
303 39
39 345
345 424
424 449
449 432
432 105
105 12
12 178
178 568
568 368
368 273
273 230
230 88
88 440
440 488
488 3
3 139
139 324
324 198
198 120
120 477
477 322
322 446
446 6
6 330
330 332
332 169
169 489
489 219
219 115
115 433
433 112
112 486
486 467
467 49
49 523
523 256
256 100
100 114
114 529
529 251
251 377
377 214
214 383
383 434
434 500
500 224
224 507
507 521
521 539
539 147
147 149
149 263
263 519
519 484
484 247
247 532
532 113
113 42
42 131
131 515
515 430
430 69
69 272
272 55
55 535
535 176
176 23
23 554
554 144
144 244
244 136
136 133
133 90
90 311
311 166
166 468
468 518
518 134
134 275
275 302
302 271
271 213
213 309
309 422
422 392
392 218
218 21
21 101
101 563
563 207
207 514
514 65
65 414
414 436
436 68
68 327
327 513
513 425
425 337
337 97
97 35
35 212
212 231
231 498
498 555
555 60
60 506
506 473
473 483
483 536
536 525
525 546
546 406
406 471
471 378
378 89
89 141
141 360
360 459
459 453
453 241
241 264
264 240
240 195
195 314
314 237
237 205
205 56
56 40
40 541
541 445
445 401
401 418
418 376
376 20
20 522
522 560
560 353
353 280
280 282
282 439
439 238
238 128
128 409
409 269
269 243
243 362
362 492
492 200
200 154
154 83
83 276
276 140
140 58
58 7
7 503
503 32
32 127
127 44
44 18
18 150
150 79
79 426
426 346
346 390
390 480
480 184
184 208
208 374
374 505
505 301
301 385
385 216
216 222
222 172
172 255
255 66
66 188
188 403
403 98
98 258
258 36
36 126
126 122
122 16
16 187
187 248
248 387
387 458
458 540
540 175
175 379
379 404
404 510
510 160
160 466
466 537
537 192
192 215
215 1
1 455
455 493
493 167
167 551
551 313
313 338
338 209
209 156
156 152
152 438
438 342
342 148
148 448
448 512
512 259
259 138
138 420
420 123
123 367
367 416
416 457
457 567
567 225
225 291
291 245
245 352
352 171
171 304
304 235
235 67
67 279
279 183
183 33
33 91
91 45
45 465
465 165
165 157
157 413
413 569
569 15
15 143
143 31
31 336
336 110
110 421
421 52
52 470
470 262
262 398
398 325
325 86
86 223
223 451
451 73
73 106
106 268
390 392
215 402
41 188
136 185
242 325
183 149
271 480
79 110
181 440
77 262
140 178
127 307
175 481
223 331
499 457
402 492
216 436
299 282
460 472
57 161
18 149
46 406
322 123
463 212
504 291
99 347
440 158
351 331
348 172
362 126
459 447
140 125
407 480
561 362
33 444
82 349
231 423
496 541
324 4
142 205
336 460
236 284
471 51
403 541
551 211
530 463
282 337
122 268
324 33
251 195
151 62
390 165
440 208
413 193
19 429
308 144
31 537
295 547
342 233
24 494
204 6
519 218
156 261
564 530
297 138
132 389
276 31
153 276
344 523
543 454
453 438
315 446
18 474
71 307
327 293
288 334
102 86
115 50
291 475
67 482
255 281
24 519
106 133
362 346
166 531
5 373
289 332
483 5
27 179
167 360
136 505
206 7
468 486
200 20
438 391
91 338
191 170
98 258
71 194
38 24
224 28
187 278
366 332
487 137
312 52
427 28
475 15
316 135
436 60
539 222
172 554
335 42
67 223
88 167
454 163
459 317
388 45
43 298
278 328
274 28
50 178
352 236
30 21
552 257
443 508
225 308
386 418
35 129
438 356
96 184
97 468
59 409
516 218
279 270
115 471
29 351
265 300
295 471
397 43
460 263
240 538
333 183
527 567
28 353
91 563
335 70
485 156
422 183
146 528
534 175
258 214
80 151
407 449
103 285
148 403
247 94
204 284
384 288
409 73
508 474
528 329
170 511
58 71
305 165
497 441
407 245
512 546
252 344
20 484
269 465
423 251
159 547
188 171
498 453
128 149
513 457
169 510
423 2
187 502
525 438
548 489
7 458
177 414
369 292
46 25
284 485
32 272
336 187
546 138
491 122
317 377
82 525
262 79
328 233
166 167
108 246
417 388
3 443
108 152
415 406
268 157
530 264
404 401
253 17
119 191
123 368
353 372
148 553
367 190
129 129
105 279
376 51
461 218
186 387
152 220
140 473
338 481
27 489
20 269
490 126
380 154
546 131
466 18
440 1
289 560
400 301
176 367
430 457
451 489
200 440
469 567
158 41
285 568
401 465
246 329
474 369
284 335
368 325
208 261
32 486
268 72
528 475
517 462
475 244
202 108
44 177
525 397
261 211
0 100
217 279
560 472
302 182
26 11
3 503
149 118
46 459
110 413
279 393
89 303
36 115
569 520
232 90
499 317
456 21
51 481
532 444
71 323
293 330
219 365
14 181
351 275
309 119
451 38
463 310
414 15
107 487
527 94
300 429
48 459
465 166
94 504
539 305
552 139
554 99
375 172
490 349
340 525
278 0
423 82
44 287
397 476
245 554
231 308
554 202
384 192
39 157
400 435
358 91
340 504
493 218
400 340
332 490
416 526
519 444
189 440
448 81
135 242
481 151
331 94
431 101
306 104
243 169
262 505
245 360
17 418
147 279
265 386
145 232
52 206
464 559
426 72
48 562
263 331
170 179
188 404
280 156
82 494
440 486
371 120
324 184
47 363
538 346
11 355
203 83
11 342
242 252
386 208
505 78
431 55
148 387
71 26
122 76
50 90
17 133
546 48
117 331
76 483
28 314
391 296
301 339
558 418
188 458
293 55
70 444
152 482
264 474
205 557
551 166
73 285
109 56
335 58
54 112
524 438
508 174
261 400
367 473
15 521
315 468
282 323
98 116
312 481
310 273
254 386
24 87
276 89
293 250
493 23
204 235
387 424
555 205
479 0
410 202
119 532
336 372
353 238
338 116
409 369
394 383
172 430
422 557
130 91
50 175
432 246
474 565
269 105
411 95
22 558
154 185
443 8
422 108
497 354
406 62
119 224
2 236
290 511
132 1
461 287
546 256
375 434
495 14
401 69
266 235
301 193
423 564
99 324
551 77
210 148
393 502
120 266
509 366
504 556
93 8
132 403
119 553
248 292
413 146
215 461
169 151
192 213
467 520
48 489
149 319
112 410
326 470
288 106
307 377
520 111
496 201
184 559
367 446
253 139
103 83
334 361
74 43
137 227
283 391
398 420
522 558
497 126
437 202
41 23
221 369
159 381
7 236
290 110
442 250
354 527
230 474
220 65
379 234
506 401
258 373
278 493
302 499
200 287
372 349
36 206
175 304
135 133
478 467
331 402
547 278
444 427
522 63
562 416
66 474
336 397
242 64
343 160
303 328
266 253
257 257
411 453
145 478
174 194
138 119
509 348
89 422
375 42
308 311
133 524
131 276
368 187
80 79
375 131
279 522
358 514
286 218
256 468
322 565
65 367
152 506
164 67
335 427
138 79
311 536
329 230
156 308
500 23
444 446
540 411
314 345
248 64
421 492
197 238
427 293
1 163
349 480
157 422
223 42
0 234
247 364
231 91
128 167
352 188
130 488
263 15
51 156
112 89
349 37
313 346
395 208
324 448
170 330
284 549
331 188
74 262
23 2
357 225
35 475
146 233
356 462
379 251
341 124
247 305
316 244
526 79
454 49
305 452
415 385
289 452
313 510
514 354
231 248
197 85
274 271
563 434
39 539
294 213
153 90
16 81
170 311
471 458
317 541
399 118
398 449
265 451
365 487
291 70
128 503
384 108
345 417
486 503
404 299
103 468
188 233
101 503
362 103
287 466
286 22
537 279
526 310
99 455
146 294
482 222
419 240
44 81
121 285
232 108
460 450
340 313
259 111
7 510
68 442
475 199
534 277
68 129
71 72
26 472
56 292
207 289
162 77
58 469
311 304
560 280
36 395
26 337
504 99
3 363
474 364
138 314
375 150
487 488
55 427
541 348
344 461
363 541
323 204
276 365
322 292
317 57
512 568
83 234
174 304
132 392
45 479
118 175
518 561
12 78
128 180
549 310
154 89
21 307
73 48
395 336
361 423
118 285
41 397
490 171
240 104
1 381
437 46
434 66
354 356
258 429
412 421
357 15
124 488
234 358
508 445
526 334
419 387
155 216
470 90
413 334
342 485
168 491
197 288
275 95
348 544
563 42
487 205
538 337
455 254
388 200
89 391
339 498
80 162
434 426
180 228
376 33
453 60
561 339
211 285
287 32
118 311
193 345
419 243
171 548
268 4
229 490
458 497
138 395
233 485
512 439
132 131
522 486
487 392
558 485
50 213
289 414
327 349
30 300
310 242
109 94
451 4
431 517
149 410
38 422
561 342
333 364
370 521
159 335
179 524
221 64
287 273
448 320
127 258
285 195
184 551
440 4
36 191
279 139
489 338
143 386
499 236
316 180
482 258
478 454
274 436
119 138
312 182
428 190
42 566
457 455
384 218
304 87
239 412
387 321
413 389
512 483
85 83
340 461
506 407
456 482
19 481
408 419
244 359
82 554
432 29
64 423
246 67
89 325
214 494
105 277
330 551
379 409
276 158
451 378
49 420
27 431
387 235
310 29
394 405
552 180
111 145
133 304
20 82
73 563
485 21
242 202
138 179
485 159
464 162
524 181
346 544
232 20
274 248
143 500
142 259
202 334
390 360
73 223
543 475
191 417
508 331
548 29
341 566
193 397
126 359
286 107
143 429
496 169
538 162
311 537
110 469
502 53
355 441
239 400
230 370
557 227
365 401
253 549
213 155
362 185
318 245
280 213
331 69
534 201
273 481
197 564
313 556
446 44
85 189
199 543
553 208
162 512
459 345
243 448
117 302
53 42
47 342
99 233
30 5
78 467
406 157
493 40
200 14
404 214
292 125
243 310
216 434
507 488
213 539
334 445
532 22
94 35
518 167
564 457
355 131
545 196
67 454
403 200
125 261
126 381
345 222
500 76
403 413
104 382
557 16
87 128
367 411
152 156
79 439
126 116
244 563
343 97
349 558
492 331
248 67
534 459
230 80
359 367
135 139
102 494
16 125
221 0
354 40
242 375
543 52
172 532
13 212
81 197
64 337
422 53
410 98
342 142
211 480
457 278
189 151
296 43
453 356
326 256
385 123
157 316
127 31
566 363
434 224
55 484
49 181
192 368
363 153
415 47
349 195
218 201
490 121
473 202
138 301
218 84
104 124
480 138
74 180
507 211
211 89
116 209
3 229
535 65
227 95
13 74
414 183
201 127
40 275
401 158
13 255
502 244
91 475
537 110
294 216
550 333
135 359
219 399
403 128
498 419
116 513
152 374
545 453
381 297
213 210
219 332
527 148
233 189
462 521
243 152
131 357
431 458
53 520
260 245
377 419
550 190
411 338
478 351
468 60
271 286
33 204
514 482
335 563
311 501
175 202
356 189
193 227
438 345
414 361
44 310
502 164
270 434
544 468
466 426
299 213
264 503
136 139
232 85
478 295
411 363
74 503
127 30
524 56
306 124
497 548
39 447
322 79
302 219
325 568
252 127
279 560
101 353
128 182
283 254
302 426
165 471
287 324
119 216
62 8
480 125
542 408
357 23
41 332
357 365
2 533
495 215
353 386
92 109
307 38
337 176
281 105
429 295
364 66
165 253
416 568
466 456
198 362
112 262
548 352
547 72
564 270
207 543
37 322
516 552
523 28
0 16
385 236
494 471
104 311
225 198
556 558
396 516
477 142
59 438
74 536
227 498
553 181
426 476
547 86
72 347
124 105
22 80
568 104
369 99
108 210
293 460
162 357
502 125
254 483
238 228
124 237
512 151
178 352
389 512
544 516
309 433
290 463
59 5
373 367
112 241
164 4
99 247
157 55
499 501
509 283
499 314
162 95
263 417
10 409
510 350
43 525
287 69
488 155
254 554
310 202
214 174
216 91
569 74
19 513
202 253
119 16
27 430
487 6
324 545
166 314
294 343
321 502
235 387
342 231
317 375
377 64
56 295
529 327
250 403
407 403
507 178
381 92
413 315
462 440
363 407
414 425
366 141
247 106
336 364
244 270
122 318
231 393
1 312
492 499
404 345
366 381
506 263
23 324
53 563
341 501
210 217
438 507
480 366
415 422
50 314
58 353
491 438
201 88
324 510
474 196
258 159
201 150
13 144
547 304
118 392
408 76
235 340
557 214
365 362
276 526
43 286
541 566
443 229
567 559
275 384
105 60
200 480
152 419
279 239
414 362
183 232
103 490
67 264
21 193
258 50
184 40
332 249
344 24
517 467
535 546
171 185
163 8
40 435
418 462
467 403
25 83
103 126
298 492
156 376
513 80
371 362
136 423
460 436
503 32
548 156
234 239
122 399
526 418
338 434
215 51
337 283
255 263
515 28
57 416
48 553
103 202
188 133
320 14
3 395
431 559
556 452
371 310
554 199
350 199
126 232
205 568
559 358
389 412
389 301
471 302
155 427
273 177
57 356
306 271
81 78
239 67
177 51
16 278
168 186
301 454
277 456
417 412
39 47
67 336
424 394
37 368
459 468
513 481
522 420
42 287
278 378
200 543
128 277
282 385
190 512
434 297
115 170
124 181
81 115
565 149
238 413
516 223
83 515
419 27
152 344
404 321
547 562
121 342
374 237
100 445
525 412
410 83
453 415
117 7
452 50
421 414
12 376
443 183
183 228
291 89
160 33
455 196
414 233
85 511
99 294
10 509
524 244
35 223
166 147
166 124
199 374
370 56
556 441
100 230
37 200
172 412
108 433
138 337
456 29
166 548
420 46
325 147
345 126
366 448
369 78
26 521
422 370
150 72
222 63
553 291
346 101
274 560
32 98
53 332
285 517
0 507
216 328
565 310
160 471
461 509
457 203
20 393
151 44
185 101
15 565
490 285
247 162
550 410
395 519
451 555
154 535
135 443
19 356
300 9
191 252
467 478
180 508
477 13
18 286
251 187
468 126
344 487
470 524
197 329
220 523
475 42
175 532
383 81
420 335
318 548
285 134
0 283
148 43
437 310
100 4
366 6
144 350
298 177
13 246
496 177
501 17
389 356
551 261
61 294
44 202
80 396
128 172
42 230
531 374
187 347
352 525
280 36
510 419
372 305
568 88
347 172
172 360
506 192
111 500
292 518
210 561
485 151
323 159
67 416
365 115
499 531
437 167
135 119
331 447
486 210
44 39
19 503
469 477
125 132
13 134
338 122
454 36
568 562
391 159
494 264
95 454
19 259
377 409
148 184
283 94
526 374
461 122
456 178
340 355
82 545
541 162
88 96
54 498
287 185
234 79
212 298
481 235
558 41
354 387
181 390
40 519
55 471
551 491
497 120
275 148
127 5
487 405
315 240
446 64
424 261
99 309
544 378
4 270
293 258
24 522
456 541
219 64
121 221
478 489
473 45
131 360
487 446
187 23
378 306
52 365
561 115
292 205
367 413
203 159
98 97
278 0
361 241
2 102
538 276
273 103
252 519
490 109
71 233
483 367
132 562
76 389
442 220
105 348
280 460
422 151
257 248
422 35
288 492
475 172
554 379
71 370
428 58
202 205
86 300
506 349
51 286
344 435
510 257
333 138
1 101
330 396
15 226
474 110
43 74
202 164
189 220
191 183
412 75
172 398
10 306
555 77
381 515
552 503
305 302
162 568
552 122
292 31
479 536
303 41
47 183
528 60
333 386
290 377
456 301
547 153
162 520
124 135
30 225
300 212
461 201
200 58
564 314
406 36
243 318
47 531
73 90
232 255
351 526
492 232
509 147
324 147
231 72
79 461
360 234
484 197
259 542
136 343
425 376
139 109
100 450
103 393
59 63
82 38
187 477
207 476
431 173
531 446
82 253
427 448
377 520
145 511
217 493
141 77
525 206
91 265
184 539
509 365
249 419
204 391
191 545
320 405
149 95
81 190
303 395
141 375
107 284
323 159
350 460
103 293
166 169
5 535
125 498
424 156
243 144
215 49
532 296
395 322
340 171
385 432
343 552
175 480
74 78
12 425
299 161
97 264
377 428
458 186
398 108
350 477
416 365
415 214
411 148
323 193
441 57
10 235
376 238
258 222
352 489
134 135
101 459
239 457
165 80
444 394
43 362
518 32
472 169
156 538
490 166
271 97
484 288
435 492
530 406
26 282
155 456
312 125
101 153
21 9
436 218
59 282
217 519
502 219
79 297
451 116
191 340
508 43
459 530
281 52
353 82
207 298
235 128
540 16
44 455
88 305
390 556
359 293
504 45
373 145
63 508
551 470
489 131
120 273
416 389
491 205
126 558
59 420
520 28
463 539
31 26
102 454
308 4
241 441
301 304
210 402
69 357
104 112
417 424
405 126
299 1
556 25
520 420
139 204
419 13
263 480
151 107
363 116
423 560
431 214
427 193
429 138
423 17
237 537
565 118
5 456
12 147
333 561
36 447
153 448
273 427
185 165
324 167
266 432
99 565
37 263
115 204
498 481
299 174
552 520
162 11
446 74
543 137
310 121
30 540
447 69
141 277
432 449
259 246
476 180
504 397
42 496
282 249
561 397
409 96
509 43
397 336
296 435
531 496
433 558
471 294
61 409
355 492
468 531
92 319
289 173
177 339
508 185
122 568
459 502
190 170
266 166
56 563
324 74
38 77
50 255
345 161
348 266
143 549
112 211
316 114
506 529
81 187
50 555
172 458
427 529
251 360
125 452
340 317
126 6
223 507
180 450
450 28
94 311
320 255
366 254
488 219
5 466
39 247
107 493
186 295
335 556
368 255
473 10
542 223
176 479
334 462
234 502
72 71
375 464
60 359
61 351
216 300
365 384
303 14
162 369
325 534
82 269
12 274
108 267
77 56
443 226
273 469
183 342
311 150
213 267
543 405
282 290
551 538
510 79
81 429
469 342
70 161
555 537
3 214
477 452
538 98
414 321
374 1
234 120
343 353
257 128
329 63
325 357
278 175
40 489
408 167
272 253
55 431
224 139
354 168
489 510
502 478
82 82
309 162
210 83
490 4
258 506
448 60
105 460
246 456
402 268
316 333
245 203
187 13
222 125
255 169
548 222
163 459
194 492
397 512
521 217
321 43
285 286
561 551
115 321
321 553
517 534
541 78
280 423
478 549
309 489
463 367
545 445
392 426
242 355
541 415
201 147
260 419
42 358
376 280
203 196
9 329
155 408
382 11
209 219
518 66
426 457
226 155
426 283
321 223
145 251
338 215
18 28
522 139
477 247
546 439
302 106
555 284
266 476
67 510
503 386
422 136
354 202
524 41
515 120
468 488
225 119
89 347
137 426
542 254
335 74
42 182
274 336
149 478
414 416
161 403
393 121
498 304
478 286
80 545
215 504
226 242
560 333
508 254
546 245
536 127
462 225
125 475
110 166
247 491
93 63
179 202
520 380
204 428
342 444
285 397
400 158
457 89
325 84
471 220
561 277
393 273
481 423
105 89
423 160
339 468
258 165
539 316
17 274
27 275
125 481
162 70
251 232
88 314
563 131
282 515
333 43
112 343
345 259
187 314
234 413
341 37
100 243
460 128
281 183
54 23
451 50
499 504
155 71
478 204
3 530
80 237
492 532
94 481
338 139
89 202
530 144
539 492
305 527
237 102
320 66
340 180
505 98
163 101
102 521
95 418
53 406
261 283
362 156
289 312
411 396
61 356
86 485
62 171
238 453
168 386
64 87
163 82
510 239
46 298
558 113
121 372
297 308
84 517
133 288
409 112
441 58
258 407
427 379
398 194
25 202
458 92
279 522
81 100
185 196
12 80
127 124
529 87
20 196
146 189
199 218
208 167
421 486
184 181
565 343
40 510
153 318
548 0
311 79
346 264
542 63
111 0
290 114
556 202
346 228
429 2
316 38
219 295
414 534
222 308
421 362
292 367
555 429
514 399
167 107
421 385
186 164
116 557
91 402
285 122
382 344
30 173
413 415
342 505
520 349
205 567
35 59
530 489
399 262
209 384
9 304
56 3
101 206
275 57
220 120
276 198
13 395
346 15
248 22
274 542
186 535
240 178
211 60
410 40
420 244
314 82
444 323
11 31
35 7
431 221
103 484
419 201
282 532
218 186
509 479
476 112
318 410
422 500
206 267
17 515
521 208
425 133
279 434
193 477
266 366
177 83
177 0
232 21
239 374
452 231
475 263
204 521
304 371
63 382
365 516
458 423
386 136
505 110
134 253
270 546
148 209
351 230
406 222
244 143
148 11
8 62
104 194
435 130
216 524
447 289
23 341
73 241
189 273
149 295
103 32
459 112
183 311
181 149
26 364
356 551
407 401
303 131
388 532
525 308
271 320
531 503
76 346
111 279
58 219
41 170
367 253
325 349
324 169
568 336
480 30
560 384
244 34
72 163
499 6
543 373
243 232
82 54
475 33
281 164
461 215
267 513
500 548
378 32
225 20
474 331
461 452
298 244
550 495
343 395
204 64
493 337
519 538
464 468
277 210
303 522
200 329
189 4
277 457
48 195
478 541
305 351
230 390
6 367
51 214
365 268
433 323
324 333
215 39
184 363
42 209
255 516
375 300
0 200
84 261
93 294
549 203
183 162
18 248
61 381
305 433
71 19
147 186
58 247
269 448
26 318
271 404
229 568
16 491
353 71
32 209
431 521
73 174
60 568
266 93
237 287
109 266
467 190
445 446
433 398
257 127
5 267
165 410
438 405
75 390
231 168
186 435
460 17
90 62
102 539
339 253
496 15
84 331
50 212
320 66
201 540
508 145
175 43
399 77
150 158
309 94
521 247
117 536
322 410
340 269
209 388
27 15
154 543
382 414
129 491
171 290
503 209
302 169
29 457
474 431
134 495
315 357
359 30
347 172
557 430
34 224
245 475
414 160
318 564
283 75
232 287
215 286
228 76
77 40
507 133
340 485
502 507
402 550
472 341
317 547
185 214
12 124
186 255
385 455
192 46
158 361
418 215
231 72
27 426
354 142
108 52
482 521
113 216
254 399
19 341
446 442
131 409
132 149
485 390
47 540
298 87
356 403
240 92
309 465
83 98
32 40
495 480
4 173
529 326
188 256
306 254
208 560
360 172
150 220
343 381
123 330
470 319
447 544
317 94
281 387
61 210
13 198
1 257
27 38
563 420
72 131
208 224
79 28
235 274
546 500
281 415
346 0
447 408
487 157
173 445
440 442
241 211
561 339
340 253
334 86
421 91
99 501
233 538
87 465
250 193
64 512
206 497
158 82
401 89
390 61
56 298
413 340
98 315
50 19
275 566
400 291
470 21
16 495
197 22
561 277
541 345
54 284
55 431
48 542
380 123
453 111
532 488
133 297
139 32
534 484
423 80
301 17
95 410
107 52
125 46
344 318
421 515
278 136
222 471
303 417
379 492
471 352
80 137
491 474
540 363
568 518
109 58
16 115
225 362
220 54
368 492
181 542
50 550
10 70
167 489
506 92
426 311
291 234
182 391
471 470
470 106
530 460
470 451
212 551
228 558