580
2899
0,
1,
2,
3,
4,
5,
6,
7,
8,
9,
10,
11,
12,
13,
14,
15,
16,
17,
18,
19,
20,
21,
22,
23,
24,
25,
26,
27,
28,
29,
30,
31,
32,
33,
34,
35,
36,
37,
38,
39,
40,
41,
42,
43,
44,
45,
46,
47,
48,
49,
50,
51,
52,
53,
54,
55,
56,
57,
58,
59,
60,
61,
62,
63,
64,
65,
66,
67,
68,
69,
70,
71,
72,
73,
74,
75,
76,
77,
78,
79,
80,
81,
82,
83,
84,
85,
86,
87,
88,
89,
90,
91,
92,
93,
94,
95,
96,
97,
98,
99,
100,
101,
102,
103,
104,
105,
106,
107,
108,
109,
110,
111,
112,
113,
114,
115,
116,
117,
118,
119,
120,
121,
122,
123,
124,
125,
126,
127,
128,
129,
130,
131,
132,
133,
134,
135,
136,
137,
138,
139,
140,
141,
142,
143,
144,
145,
146,
147,
148,
149,
150,
151,
152,
153,
154,
155,
156,
157,
158,
159,
160,
161,
162,
163,
164,
165,
166,
167,
168,
169,
170,
171,
172,
173,
174,
175,
176,
177,
178,
179,
180,
181,
182,
183,
184,
185,
186,
187,
188,
189,
190,
191,
192,
193,
194,
195,
196,
197,
198,
199,
200,
201,
202,
203,
204,
205,
206,
207,
208,
209,
210,
211,
212,
213,
214,
215,
216,
217,
218,
219,
220,
221,
222,
223,
224,
225,
226,
227,
228,
229,
230,
231,
232,
233,
234,
235,
236,
237,
238,
239,
240,
241,
242,
243,
244,
245,
246,
247,
248,
249,
250,
251,
252,
253,
254,
255,
256,
257,
258,
259,
260,
261,
262,
263,
264,
265,
266,
267,
268,
269,
270,
271,
272,
273,
274,
275,
276,
277,
278,
279,
280,
281,
282,
283,
284,
285,
286,
287,
288,
289,
290,
291,
292,
293,
294,
295,
296,
297,
298,
299,
300,
301,
302,
303,
304,
305,
306,
307,
308,
309,
310,
311,
312,
313,
314,
315,
316,
317,
318,
319,
320,
321,
322,
323,
324,
325,
326,
327,
328,
329,
330,
331,
332,
333,
334,
335,
336,
337,
338,
339,
340,
341,
342,
343,
344,
345,
346,
347,
348,
349,
350,
351,
352,
353,
354,
355,
356,
357,
358,
359,
360,
361,
362,
363,
364,
365,
366,
367,
368,
369,
370,
371,
372,
373,
374,
375,
376,
377,
378,
379,
380,
381,
382,
383,
384,
385,
386,
387,
388,
389,
390,
391,
392,
393,
394,
395,
396,
397,
398,
399,
400,
401,
402,
403,
404,
405,
406,
407,
408,
409,
410,
411,
412,
413,
414,
415,
416,
417,
418,
419,
420,
421,
422,
423,
424,
425,
426,
427,
428,
429,
430,
431,
432,
433,
434,
435,
436,
437,
438,
439,
440,
441,
442,
443,
444,
445,
446,
447,
448,
449,
450,
451,
452,
453,
454,
455,
456,
457,
458,
459,
460,
461,
462,
463,
464,
465,
466,
467,
468,
469,
470,
471,
472,
473,
474,
475,
476,
477,
478,
479,
480,
481,
482,
483,
484,
485,
486,
487,
488,
489,
490,
491,
492,
493,
494,
495,
496,
497,
498,
499,
500,
501,
502,
503,
504,
505,
506,
507,
508,
509,
510,
511,
512,
513,
514,
515,
516,
517,
518,
519,
520,
521,
522,
523,
524,
525,
526,
527,
528,
529,
530,
531,
532,
533,
534,
535,
536,
537,
538,
539,
540,
541,
542,
543,
544,
545,
546,
547,
548,
549,
550,
551,
552,
553,
554,
555,
556,
557,
558,
559,
560,
561,
562,
563,
564,
565,
566,
567,
568,
569,
570,
571,
572,
573,
574,
575,
576,
577,
578,
579
19 145
145 543
543 396
396 527
527 2
2 116
116 127
127 347
347 113
113 133
133 194
194 65
65 163
163 504
504 444
444 537
537 27
27 67
67 8
8 153
153 426
426 463
463 351
351 309
309 243
243 283
283 296
296 338
338 120
120 481
481 439
439 182
182 241
241 275
275 232
232 370
370 270
270 294
294 72
72 138
138 265
265 4
4 421
421 170
170 446
446 303
303 435
435 17
17 335
335 361
361 88
88 147
147 539
539 204
204 571
571 168
168 98
98 195
195 83
83 110
110 469
469 340
340 245
245 172
172 52
52 557
557 14
14 579
579 278
278 436
436 223
223 10
10 451
451 264
264 42
42 39
39 545
545 407
407 566
566 134
134 508
508 192
192 209
209 354
354 316
316 212
212 470
470 395
395 573
573 7
7 355
355 176
176 93
93 562
562 186
186 104
104 556
556 311
311 358
358 317
317 413
413 287
287 63
63 143
143 419
419 509
509 181
181 478
478 142
142 66
66 559
559 200
200 78
78 244
244 156
156 412
412 291
291 171
171 442
442 345
345 189
189 501
501 524
524 246
246 380
380 238
238 256
256 417
417 130
130 49
49 100
100 253
253 228
228 231
231 50
50 467
467 332
332 123
123 247
247 499
499 286
286 427
427 459
459 279
279 107
107 384
384 281
281 397
397 86
86 75
75 456
456 215
215 393
393 505
505 234
234 119
119 538
538 369
369 465
465 518
518 24
24 339
339 471
471 510
510 321
321 22
22 455
455 87
87 236
236 466
466 324
324 155
155 574
574 493
493 535
535 323
323 284
284 125
125 56
56 51
51 139
139 549
549 449
449 367
367 565
565 477
477 151
151 359
359 480
480 325
325 377
377 140
140 282
282 512
512 425
425 400
400 268
268 366
366 257
257 568
568 205
205 460
460 462
462 117
117 382
382 188
188 161
161 158
158 269
269 175
175 365
365 529
529 534
534 445
445 0
0 177
177 199
199 530
530 101
101 263
263 260
260 398
398 390
390 472
472 12
12 550
550 517
517 9
9 410
410 197
197 318
318 28
28 399
399 233
233 475
475 441
441 424
424 84
84 198
198 567
567 433
433 216
216 129
129 36
36 266
266 485
485 418
418 498
498 490
490 29
29 62
62 547
547 240
240 387
387 61
61 21
21 213
213 45
45 178
178 248
248 420
420 313
313 415
415 5
5 468
468 411
411 548
548 531
531 388
388 53
53 422
422 484
484 108
108 578
578 214
214 487
487 40
40 54
54 239
239 80
80 540
540 111
111 71
71 47
47 20
20 74
74 295
295 23
23 391
391 383
383 112
112 375
375 357
357 46
46 552
552 350
350 513
513 121
121 503
503 526
526 560
560 432
432 60
60 440
440 376
376 374
374 541
541 502
502 554
554 285
285 341
341 217
217 288
288 319
319 258
258 401
401 144
144 516
516 300
300 353
353 307
307 85
85 254
254 173
173 563
563 109
109 315
315 453
453 58
58 196
196 81
81 135
135 227
227 106
106 103
103 301
301 500
500 221
221 226
226 164
164 372
372 346
346 486
486 458
458 115
115 519
519 371
371 249
249 363
363 479
479 536
536 331
331 368
368 267
267 404
404 290
290 327
327 92
92 64
64 496
496 430
430 310
310 165
165 304
304 262
262 224
224 154
154 447
447 237
237 405
405 414
414 251
251 506
506 99
99 333
333 185
185 349
349 555
555 157
157 326
326 271
271 41
41 378
378 211
211 55
55 409
409 403
403 489
489 533
533 73
73 210
210 141
141 250
250 385
385 208
208 392
392 428
428 124
124 43
43 261
261 82
82 149
149 454
454 180
180 277
277 190
190 230
230 577
577 79
79 394
394 122
122 373
373 184
184 474
474 15
15 542
542 174
174 457
457 289
289 126
126 389
389 306
306 564
564 91
91 162
162 203
203 544
544 179
179 70
70 337
337 37
37 34
34 482
482 429
429 523
523 191
191 492
492 521
521 259
259 114
114 408
408 90
90 218
218 314
314 576
576 222
222 360
360 11
11 322
322 1
1 437
437 431
431 44
44 381
381 6
6 219
219 76
76 274
274 561
561 187
187 273
273 312
312 515
515 329
329 136
136 569
569 320
320 255
255 242
242 464
464 201
201 68
68 546
546 206
206 575
575 292
292 118
118 348
348 570
570 280
280 522
522 528
528 572
572 167
167 342
342 443
443 438
438 96
96 356
356 520
520 235
235 38
38 33
33 450
450 483
483 276
276 488
488 495
495 491
491 406
406 57
57 131
131 48
48 352
352 31
31 102
102 497
497 330
330 461
461 558
558 494
494 225
225 364
364 514
514 297
297 452
452 26
26 448
448 532
532 379
379 35
35 137
137 159
159 3
3 169
169 402
402 362
362 13
13 386
386 344
344 511
511 272
272 59
59 308
308 94
94 148
148 334
334 30
30 146
146 328
328 150
150 95
95 220
220 69
69 551
551 16
16 298
298 97
97 166
166 32
32 77
77 252
252 423
423 476
476 473
473 25
25 183
183 193
193 89
89 152
152 132
132 336
336 202
202 128
128 343
343 553
553 160
160 18
18 293
293 434
434 416
416 105
105 207
207 229
229 507
507 525
525 302
302 305
305 299
301 287
94 568
159 528
259 139
234 186
420 345
240 364
485 467
560 572
571 17
391 420
243 125
65 388
350 425
390 196
13 438
480 171
523 422
324 399
561 153
355 252
526 108
560 362
208 390
291 174
325 226
537 149
403 224
169 240
392 27
63 498
75 182
91 312
432 181
441 83
419 276
232 82
412 524
253 133
559 34
6 406
178 449
391 337
97 297
24 100
421 482
130 348
59 500
97 273
414 504
558 558
564 59
405 234
379 563
373 291
0 447
435 118
330 202
145 5
111 327
48 234
60 253
539 29
57 73
267 472
506 213
124 86
103 38
267 19
214 300
201 175
5 14
341 408
508 35
254 423
412 31
415 568
434 456
89 265
111 63
410 172
517 340
74 214
62 559
433 337
360 15
349 27
503 200
504 536
316 18
522 317
577 481
221 71
20 159
192 293
79 421
378 338
328 436
339 422
542 27
47 459
411 542
347 505
367 475
308 545
455 172
459 311
37 577
459 142
8 553
454 322
268 442
92 174
430 30
575 60
515 130
18 529
327 373
37 49
392 383
304 293
5 93
163 337
228 66
29 500
308 163
484 574
3 348
386 403
548 95
273 563
56 3
102 211
298 149
256 484
91 276
406 163
323 549
442 390
292 98
325 291
379 222
348 438
398 214
480 217
190 227
427 119
195 574
456 574
198 402
124 566
482 485
106 59
511 576
37 463
516 33
527 405
519 374
494 374
180 313
477 312
407 578
42 466
500 511
512 453
178 504
392 480
120 152
387 521
572 217
511 171
44 565
552 31
489 503
23 299
210 13
516 217
464 80
520 126
530 292
504 480
346 485
454 258
352 41
300 247
186 198
537 400
220 307
461 94
42 355
195 356
493 429
195 219
208 237
380 492
274 136
154 328
491 39
172 324
177 372
389 286
312 154
402 154
180 190
192 154
377 290
359 454
378 231
314 357
228 87
507 157
300 473
531 126
133 426
135 196
56 479
494 136
89 477
545 446
391 5
36 97
3 420
137 66
30 443
390 151
356 171
540 407
4 79
566 255
301 252
153 7
530 192
259 203
150 509
47 501
474 57
495 324
189 459
379 562
425 111
129 249
367 131
148 561
346 520
91 432
131 274
275 34
377 18
376 497
528 122
143 116
375 408
234 85
65 497
337 494
404 527
55 543
306 76
127 33
164 528
252 223
392 426
120 416
440 41
128 32
427 541
70 541
294 388
60 395
145 407
229 536
239 269
247 452
458 483
259 4
11 266
280 321
359 257
134 235
194 531
349 527
536 425
244 295
457 420
495 442
466 238
433 67
59 57
376 149
494 391
488 464
115 389
263 408
449 487
296 58
51 522
302 129
423 443
134 149
544 526
66 139
250 107
164 255
209 123
528 239
19 8
1 147
72 517
353 119
332 214
109 460
531 303
169 570
241 171
466 571
100 506
396 234
529 358
303 465
17 423
218 387
81 482
433 39
562 137
441 534
376 83
132 144
362 65
306 23
31 515
575 130
518 383
433 216
130 74
62 351
349 249
52 392
189 531
436 364
131 209
114 103
252 573
370 443
54 522
75 258
5 238
0 235
145 95
324 396
485 257
542 459
219 406
38 22
547 132
142 211
446 49
50 149
377 45
574 419
520 399
195 44
379 509
71 77
279 263
247 437
94 400
566 143
279 379
369 120
406 257
263 368
368 571
458 271
447 333
53 573
14 136
518 204
384 325
533 288
559 289
417 487
546 369
448 357
447 205
311 548
414 146
535 152
83 338
472 229
507 198
296 483
368 440
40 11
493 386
356 550
212 161
134 221
160 260
442 196
75 509
22 566
158 177
561 376
483 467
119 387
111 239
528 145
25 291
490 30
278 450
260 561
24 24
256 270
368 120
94 483
552 119
432 171
456 128
460 477
80 287
177 30
568 212
175 467
213 441
265 298
373 492
51 32
15 242
331 508
53 116
498 361
386 240
486 520
341 529
519 324
379 34
141 4
82 119
552 472
230 579
558 14
196 8
277 108
410 191
32 359
360 488
545 504
139 548
340 530
351 207
417 559
448 500
267 345
470 146
122 260
240 573
10 402
488 118
489 446
300 3
81 75
20 104
364 257
536 327
260 213
266 397
455 532
70 388
552 345
513 299
395 100
454 409
19 361
386 432
474 421
412 95
143 75
75 317
101 282
474 48
576 148
430 5
464 165
271 287
510 365
360 237
398 364
340 392
361 521
99 480
380 118
316 419
437 272
393 163
216 136
53 550
285 282
548 53
565 241
212 312
84 569
413 462
62 533
81 279
14 16
361 360
400 125
246 548
542 469
20 401
433 203
138 170
121 320
468 85
519 305
329 42
538 385
228 495
165 448
49 0
403 481
363 129
186 471
410 395
20 337
74 561
565 472
211 39
298 397
173 261
70 98
148 553
373 554
283 167
556 497
41 181
2 249
121 5
232 435
190 51
185 514
399 480
27 469
270 209
578 568
449 32
192 519
430 191
496 240
161 322
416 455
434 409
303 412
517 555
268 227
237 295
76 275
290 169
214 489
544 315
204 553
242 133
485 468
293 424
563 456
35 504
250 11
271 376
393 0
248 494
180 456
358 560
504 263
222 90
3 361
292 508
118 329
343 454
23 257
171 64
235 31
195 44
150 465
235 161
362 75
530 427
411 271
322 401
407 372
245 153
54 356
7 128
342 59
521 455
51 339
15 200
480 212
544 184
263 549
107 7
333 404
536 518
415 47
6 415
135 66
165 149
91 11
57 324
373 400
358 484
378 460
391 173
300 94
504 191
139 55
369 456
219 538
158 203
574 571
456 368
335 8
172 459
417 307
426 561
191 332
199 153
182 385
103 500
80 3
317 517
76 272
302 258
561 77
186 70
536 136
425 49
4 259
505 456
421 98
484 377
396 133
280 574
305 338
498 426
470 121
218 235
547 0
500 75
362 159
446 74
304 72
371 293
410 169
213 501
96 115
20 175
264 13
137 34
379 334
90 421
555 422
406 508
516 547
333 15
16 499
352 221
314 72
515 51
337 298
81 238
347 155
68 560
162 317
351 206
347 525
385 416
110 491
281 317
534 569
112 195
140 73
82 196
81 579
511 115
414 190
513 110
9 566
286 411
42 60
128 572
357 52
420 560
486 290
490 494
509 13
370 477
518 72
368 367
369 411
143 225
125 572
218 261
360 309
109 73
494 391
442 400
420 38
537 395
300 12
352 226
314 321
199 460
480 526
173 529
96 531
105 105
306 451
64 70
342 21
54 244
430 337
232 263
83 256
198 473
65 389
125 557
56 53
265 334
459 261
230 407
247 497
321 101
463 422
390 144
224 425
414 260
142 564
234 549
227 379
199 528
366 212
156 269
283 305
365 321
183 434
363 475
317 377
236 94
455 490
38 1
469 62
407 147
13 45
64 383
422 144
302 226
261 257
41 52
65 5
111 38
466 66
180 24
530 501
414 249
395 239
459 98
76 22
202 397
361 486
506 98
183 532
561 531
547 461
8 493
82 311
497 218
533 35
271 303
219 510
101 215
466 442
295 199
342 39
568 80
351 540
115 493
385 410
458 312
236 256
238 357
88 341
443 512
246 192
542 206
296 532
392 33
149 168
21 255
52 573
253 439
478 443
529 131
126 383
30 198
357 204
389 282
361 372
190 537
51 371
80 334
247 66
82 265
289 376
32 448
551 238
57 89
189 1
102 535
87 32
84 499
465 344
442 456
422 73
119 559
27 370
475 56
315 111
374 210
54 269
252 550
326 137
284 122
206 409
1 123
63 96
255 283
579 449
520 402
5 199
80 204
232 538
199 265
564 361
32 281
69 34
279 100
182 515
201 498
240 524
297 59
208 111
330 462
513 160
133 449
449 322
220 361
39 201
118 287
490 25
116 288
494 537
220 277
296 504
546 365
503 161
543 172
394 267
59 81
332 50
107 173
186 330
213 355
232 343
240 28
283 532
411 400
46 313
281 345
531 348
118 552
392 473
34 314
6 574
415 465
244 559
5 499
311 328
471 122
520 506
281 566
256 67
335 472
510 377
543 248
117 92
77 335
375 386
381 348
25 131
59 242
51 358
68 331
83 566
319 522
220 216
502 192
168 257
406 444
398 354
108 456
28 19
134 119
140 89
179 185
390 14
377 396
397 229
303 445
350 204
4 270
151 12
440 258
442 414
204 356
2 351
192 38
372 33
108 74
404 176
534 128
255 224
38 158
441 148
38 124
178 104
512 36
245 360
492 498
91 16
309 52
25 527
520 384
144 516
284 221
414 32
394 105
107 380
571 381
317 385
311 408
198 468
568 210
226 343
361 339
348 209
450 287
25 89
127 385
258 205
120 212
380 292
546 144
334 14
253 172
536 334
449 422
64 543
66 294
130 126
296 196
59 409
290 494
303 177
318 70
137 223
526 52
38 333
489 94
324 255
381 272
239 432
562 418
328 266
19 174
337 276
538 76
194 227
424 184
150 279
261 200
576 206
248 132
314 542
414 409
502 163
298 18
345 383
472 313
431 246
354 499
550 566
193 157
399 418
417 112
38 399
421 254
59 207
564 325
278 411
438 66
412 232
269 62
234 55
514 43
371 174
316 424
0 277
76 405
50 6
456 0
180 470
394 552
564 80
53 53
457 436
339 58
169 193
38 382
528 247
25 236
523 368
541 260
314 418
288 571
236 387
47 177
318 226
191 339
447 479
244 134
527 574
0 345
335 142
403 289
383 237
378 264
508 436
241 463
227 559
295 240
347 477
139 15
291 58
274 76
331 0
253 5
265 38
532 63
486 445
481 409
445 493
311 534
521 338
411 494
245 85
421 320
330 113
453 187
376 113
50 578
421 378
236 476
480 8
579 280
357 563
124 37
98 441
529 293
211 473
205 500
482 191
310 112
477 93
271 314
354 255
169 563
311 5
113 200
214 463
265 146
158 97
18 90
560 216
460 512
540 377
247 467
402 462
520 136
99 515
528 204
217 59
213 312
578 339
231 285
360 325
173 268
579 392
379 104
18 149
343 313
374 478
88 9
225 197
391 121
570 129
275 4
411 197
517 378
33 428
414 116
50 36
406 109
199 546
272 175
236 254
152 365
507 520
22 160
58 272
239 71
482 578
65 12
338 548
182 354
99 411
289 13
261 377
410 334
246 542
10 332
260 422
263 231
310 379
381 266
440 503
257 135
521 310
97 508
331 401
5 75
526 63
167 308
258 417
165 129
249 305
343 563
123 309
48 350
1 205
74 333
552 231
575 473
400 523
546 34
522 449
521 125
559 413
117 524
455 437
400 477
99 49
162 354
560 403
93 269
2 534
410 427
304 263
461 69
226 494
161 547
297 403
463 113
118 521
497 318
137 159
62 464
412 406
403 93
221 264
547 5
164 380
65 23
184 5
296 70
112 538
54 482
381 269
78 252
275 168
70 125
13 542
249 414
502 152
178 56
376 185
536 308
303 519
115 244
174 222
480 345
257 238
216 364
233 502
77 416
287 342
100 496
183 277
550 240
501 522
230 308
149 115
443 470
278 84
440 253
123 532
394 13
220 16
133 484
17 305
426 21
272 419
500 165
165 391
285 140
245 416
355 310
465 403
534 219
257 206
303 94
423 92
475 270
409 233
251 206
311 208
25 49
299 462
294 318
156 429
378 274
270 204
401 392
378 321
291 171
58 559
568 183
95 165
101 329
70 57
22 414
3 246
418 402
553 291
150 48
7 208
387 367
445 212
1 308
299 122
480 577
528 6
373 390
464 321
337 327
449 85
56 400
518 47
22 44
318 329
80 109
115 454
56 293
136 228
340 414
197 451
134 238
262 466
299 508
51 426
149 421
302 21
225 224
174 536
143 518
220 404
268 448
136 522
91 101
375 541
408 258
327 311
91 554
538 384
23 29
143 172
403 50
294 256
454 250
573 525
195 6
336 244
19 9
183 514
135 336
344 470
294 556
445 2
33 416
402 309
483 89
228 289
167 447
472 9
293 78
466 396
244 46
338 5
227 137
308 402
559 368
227 155
473 500
304 287
316 187
238 48
276 43
508 457
400 164
382 213
359 373
229 220
573 341
159 36
204 391
192 206
559 72
97 180
513 18
303 410
54 61
526 478
319 203
114 25
87 48
158 362
133 465
304 82
306 65
433 41
100 24
484 324
467 526
154 381
494 16
305 412
283 365
350 230
377 569
159 280
56 485
469 186
252 93
180 412
13 29
350 474
342 103
118 89
156 284
67 140
481 361
362 52
336 475
418 548
5 473
379 252
357 255
531 319
359 39
442 543
29 397
452 535
102 336
147 31
211 415
15 526
485 153
510 447
81 569
248 537
110 395
318 443
32 6
110 145
521 521
113 384
530 360
323 416
304 107
54 192
436 229
495 444
229 338
13 258
420 362
288 81
255 178
446 340
88 260
400 410
272 232
394 445
439 380
280 152
47 365
23 227
213 258
338 6
49 500
562 151
463 199
272 193
519 484
390 310
286 546
413 173
482 496
229 129
112 437
293 463
481 428
184 479
187 131
9 427
342 153
381 66
439 55
357 452
86 282
145 29
355 539
175 7
149 446
114 136
180 97
106 254
574 8
320 65
301 279
171 32
501 75
556 264
446 176
290 463
528 187
137 437
262 466
390 431
514 89
478 397
533 135
267 568
421 119
576 103
454 294
464 320
367 85
134 311
141 400
568 28
101 508
434 238
130 430
432 95
407 401
511 217
174 297
312 1
206 214
22 470
41 57
236 529
228 375
39 320
399 531
257 32
245 287
231 28
311 195
394 235
282 513
127 420
176 48
67 394
185 167
128 135
418 494
119 497
319 541
498 264
54 573
39 94
252 100
68 69
217 69
494 85
55 292
266 327
9 378
6 337
282 470
459 554
292 536
287 577
439 351
393 260
101 561
318 17
418 546
408 102
98 41
90 81
257 149
76 128
558 207
77 156
356 207
520 293
563 209
315 250
561 306
122 371
253 481
15 2
93 198
473 476
195 166
383 489
342 161
289 553
50 70
131 469
260 195
379 80
339 408
271 300
277 518
72 380
425 429
95 231
322 193
178 327
19 142
67 436
440 312
165 558
385 451
492 31
13 39
226 4
464 383
88 238
287 217
106 19
74 180
403 194
274 202
109 492
461 203
7 348
206 315
325 435
508 488
318 77
556 510
449 320
541 292
401 280
542 455
261 74
468 506
159 324
275 472
537 403
128 558
506 262
12 487
161 250
268 201
199 259
247 454
136 494
549 363
207 115
50 349
323 77
285 403
100 448
447 459
164 359
5 571
362 177
393 105
58 249
150 368
556 224
77 109
36 522
225 138
101 48
116 33
27 416
123 103
212 284
245 305
3 89
134 185
385 152
564 86
443 53
13 515
570 495
528 450
92 459
11 155
515 214
378 273
119 214
382 444
236 567
397 156
416 344
367 197
109 461
311 473
31 192
141 563
461 576
68 164
195 368
68 330
214 527
113 142
470 38
382 402
249 187
159 199
181 404
369 534
344 349
520 77
390 416
252 98
390 37
218 140
579 137
480 2
78 553
30 466
163 245
1 279
468 236
491 451
334 430
122 387
260 303
312 391
407 123
110 336
169 483
37 211
354 469
416 187
287 140
260 79
560 572
326 125
496 429
138 331
508 486
141 52
224 305
168 286
351 458
383 16
246 373
46 359
310 333
56 512
530 546
268 185
43 565
27 405
566 342
92 218
297 365
259 542
109 224
386 43
420 188
249 38
489 174
80 354
209 103
506 342
18 148
298 131
158 162
32 413
326 150
285 544
165 343
16 250
54 310
321 177
170 544
199 184
290 473
272 446
312 575
360 548
157 279
573 368
553 564
142 494
177 550
425 311
135 242
282 4
17 62
473 38
94 186
81 274
20 14
512 404
320 136
91 173
71 290
405 355
6 123
76 30
61 109
417 244
221 237
76 88
94 197
21 183
510 262
42 397
343 321
147 51
118 257
72 438
426 357
70 221
16 458
58 0
268 371
7 392
507 430
437 195
235 475
35 164
322 217
408 46
57 240
84 21
307 295
552 312
340 81
450 379
390 267
69 452
194 420
402 461
120 498
363 353
163 51
482 333
320 56
573 334
477 210
284 420
297 557
321 360
190 148
560 138
327 419
228 105
271 229
285 534
369 193
365 500
476 72
418 329
191 115
253 55
397 482
383 492
108 34
56 156
280 565
503 117
444 105
491 349
144 468
484 36
403 32
547 389
233 321
86 321
501 164
183 154
538 180
264 564
507 138
566 25
181 311
513 24
542 246
214 385
10 259
414 514
271 256
172 485
375 410
526 342
113 365
250 467
3 120
217 207
530 104
334 18
366 159
202 161
64 384
152 161
16 506
47 499
414 52
568 237
330 229
190 302
465 254
439 343
477 552
419 31
43 141
204 201
401 116
542 326
61 572
314 540
544 437
47 276
2 345
569 90
151 154
89 65
390 157
492 251
407 347
345 353
105 497
413 219
409 498
345 41
200 165
0 306
447 149
86 8
94 162
116 519
460 274
406 520
112 494
536 545
412 458
216 136
579 155
494 31
65 20
367 318
178 180
457 236
294 9
576 26
538 180
210 483
524 237
313 82
380 431
377 520
420 350
279 224
574 137
123 420
47 37
328 8
446 154
496 243
135 107
180 191
140 568
108 446
234 78
188 540
264 78
87 525
3 368
369 152
57 388
380 129
317 150
62 137
75 398
295 139
538 278
169 121
20 10
275 368
562 16
17 247
503 235
222 433
261 266
562 513
90 210
454 466
275 188
112 80
185 351
491 11
572 462
434 244
495 159
364 491
147 574
58 43
225 420
211 380
3 211
40 354
359 400
151 37
194 198
207 415
284 237
394 18
466 475
169 543
179 91
264 549
330 404
317 331
421 291
282 327
53 24
300 90
285 212
377 382
534 120
27 84
522 287
346 96
502 13
94 212
160 211
519 233
278 555
489 263
438 503
197 506
238 307
468 238
150 146
208 468
364 519
289 222
204 46
262 152
88 336
438 423
512 407
265 508
123 476
71 453
66 203
523 542
416 300
145 70
440 352
202 244
510 493
496 43
201 363
517 438
428 120
0 177
457 269
248 479
578 552
143 372
195 430
340 441
225 373
571 16
33 16
282 320
549 538
532 195
149 488
244 564
489 235
64 292
171 202
218 450
432 223
291 248
25 424
428 78
482 161
263 293
496 169
280 220
90 428
69 201
540 121
512 222
576 145
127 233
208 370
463 548
350 326
102 38
112 554
523 342
22 173
85 561
525 307
22 46
72 164
302 96
402 189
414 499
528 46
116 538
340 448
404 242
461 362
342 190
303 532
413 72
90 486
378 339
174 196
320 180
410 215
526 382
301 337
68 360
12 533
385 433
71 452
349 154
258 514
205 97
121 260
240 38
378 23
350 578
157 167
158 0
391 507
512 569
362 326
325 2
431 492
449 572
486 365
509 157
492 435
109 161
523 396
317 567
241 429
111 139
266 33
188 255
401 419
410 41
45 458
149 278
381 354
84 223
139 98
474 253
365 369
72 280
211 285
463 320
290 88
484 119
515 18
405 173
239 239
112 47
542 482
92 206
256 335
139 395
371 310
491 398
25 41
312 139
472 68
368 202
445 437
198 97
7 498
404 104
180 347
331 119
506 253
288 250
307 521
330 545
70 276
252 40
500 265
154 88
49 30
231 397
469 455
362 448
281 70
431 75
232 172
543 255
41 270
514 537
258 53
403 86
297 222
346 398
227 291
529 169
480 529
147 269
111 288
178 537
519 289
458 61
180 447
359 414
541 256
403 505
60 484
244 367
257 211
218 96
65 564
464 339
105 230
261 298
114 169
105 455
355 465
299 421
255 558
471 564
130 302
208 404
153 101
144 574
429 434
374 127
498 171
562 568
474 549
335 556
233 435
209 522
423 437
362 1
533 8
323 164
48 398
270 317
392 471
85 123
398 431
400 377
130 380
461 94
300 408
378 325
118 314
263 147
562 544
568 193
158 319
413 288
428 185
130 259
340 376
247 477
163 143
236 424
136 10
537 388
480 430
267 540
492 288
98 441
374 565
335 505
48 170
448 573
411 30
416 574
307 5
95 492
294 545
350 193
153 443
506 99
202 513
210 492
292 458
556 19
539 442
113 311
577 190
199 94
183 347
482 527
521 35
565 304
512 107
443 80
298 74
413 226
126 412
398 413
148 407
346 330
304 233
159 459
89 111
274 13
453 539
325 533
93 532
39 520
496 185
280 513
225 48
357 526
252 287
399 107
567 575
35 85
372 43
399 48
39 204
303 77
215 184
515 89
449 511
266 521
463 471
448 417
376 114
360 370
563 211
44 303
125 479
173 539
219 229
14 160
128 210
408 512
299 217
94 56
318 444
50 380
300 541
415 482
177 423
266 346
168 301
184 511
34 510
269 526
38 429
463 69
478 270
112 112
83 81
0 257
140 405
287 358
305 172
233 257
258 487
322 208
277 472
218 136
457 229
539 73