58
289
0,
1,
2,
3,
4,
5,
6,
7,
8,
9,
10,
11,
12,
13,
14,
15,
16,
17,
18,
19,
20,
21,
22,
23,
24,
25,
26,
27,
28,
29,
30,
31,
32,
33,
34,
35,
36,
37,
38,
39,
40,
41,
42,
43,
44,
45,
46,
47,
48,
49,
50,
51,
52,
53,
54,
55,
56,
57
11 42
42 6
6 10
10 38
38 37
37 4
4 29
29 20
20 3
3 52
52 15
15 22
22 14
14 49
49 27
27 45
45 26
26 36
36 24
24 46
46 48
48 50
50 5
5 0
0 43
43 40
40 47
47 8
8 23
23 41
41 39
39 18
18 51
51 32
32 13
13 33
33 44
44 31
31 7
7 54
54 2
2 35
35 56
56 30
30 25
25 9
9 12
12 28
28 53
53 21
21 17
17 55
55 1
1 19
19 34
34 16
16 57
8 47
26 39
35 12
37 47
7 45
42 25
54 32
21 37
33 45
47 52
15 50
43 24
19 19
25 10
57 6
17 31
39 57
44 51
15 29
7 21
46 37
36 26
51 22
48 42
42 35
41 40
0 56
21 22
27 26
45 38
51 46
46 27
27 56
34 3
32 31
44 52
56 18
23 15
39 16
13 11
28 4
36 10
3 23
1 20
36 26
11 18
21 14
13 1
19 47
46 40
39 51
56 46
18 17
5 5
52 18
24 14
12 8
4 30
31 28
40 46
19 42
17 56
1 21
16 2
18 1
19 7
45 37
21 39
38 23
54 30
4 47
36 50
21 33
29 48
17 29
21 7
15 36
33 7
31 6
53 24
18 29
9 57
42 45
39 57
26 21
35 57
11 10
26 46
2 18
31 18
56 56
42 39
46 0
36 7
20 3
1 46
54 13
35 25
17 19
35 26
26 18
42 16
30 3
43 42
54 23
38 21
49 39
47 6
26 34
1 56
46 8
57 43
26 1
41 13
33 7
3 22
2 56
11 29
16 30
11 42
28 38
1 0
40 11
33 24
10 9
2 31
44 42
17 56
22 6
39 41
36 16
13 33
44 17
28 34
13 53
25 38
51 13
44 31
42 8
33 52
47 10
48 11
53 11
0 29
39 19
32 39
50 38
22 15
47 12
36 14
51 30
21 35
51 4
20 27
54 7
23 47
24 13
1 22
24 49
51 1
5 53
52 4
31 9
48 56
13 54
53 16
35 4
48 51
40 47
54 38
46 17
13 51
51 3
23 26
44 10
46 1
54 18
5 47
54 33
33 43
8 46
3 8
43 28
51 2
23 20
19 1
39 19
44 57
20 7
35 26
6 48
29 30
0 18
52 21
45 21
31 50
42 42
32 50
56 51
36 17
10 37
40 53
5 43
35 51
43 52
35 32
15 20
23 34
22 56
31 31
41 34
48 7
2 0
27 23
37 3
21 40
4 35
52 39
31 16
18 17
40 38
21 42
19 36
36 43
11 51
31 29
20 21
39 4
49 1
27 43
25 50
2 55