590
2949
0,
1,
2,
3,
4,
5,
6,
7,
8,
9,
10,
11,
12,
13,
14,
15,
16,
17,
18,
19,
20,
21,
22,
23,
24,
25,
26,
27,
28,
29,
30,
31,
32,
33,
34,
35,
36,
37,
38,
39,
40,
41,
42,
43,
44,
45,
46,
47,
48,
49,
50,
51,
52,
53,
54,
55,
56,
57,
58,
59,
60,
61,
62,
63,
64,
65,
66,
67,
68,
69,
70,
71,
72,
73,
74,
75,
76,
77,
78,
79,
80,
81,
82,
83,
84,
85,
86,
87,
88,
89,
90,
91,
92,
93,
94,
95,
96,
97,
98,
99,
100,
101,
102,
103,
104,
105,
106,
107,
108,
109,
110,
111,
112,
113,
114,
115,
116,
117,
118,
119,
120,
121,
122,
123,
124,
125,
126,
127,
128,
129,
130,
131,
132,
133,
134,
135,
136,
137,
138,
139,
140,
141,
142,
143,
144,
145,
146,
147,
148,
149,
150,
151,
152,
153,
154,
155,
156,
157,
158,
159,
160,
161,
162,
163,
164,
165,
166,
167,
168,
169,
170,
171,
172,
173,
174,
175,
176,
177,
178,
179,
180,
181,
182,
183,
184,
185,
186,
187,
188,
189,
190,
191,
192,
193,
194,
195,
196,
197,
198,
199,
200,
201,
202,
203,
204,
205,
206,
207,
208,
209,
210,
211,
212,
213,
214,
215,
216,
217,
218,
219,
220,
221,
222,
223,
224,
225,
226,
227,
228,
229,
230,
231,
232,
233,
234,
235,
236,
237,
238,
239,
240,
241,
242,
243,
244,
245,
246,
247,
248,
249,
250,
251,
252,
253,
254,
255,
256,
257,
258,
259,
260,
261,
262,
263,
264,
265,
266,
267,
268,
269,
270,
271,
272,
273,
274,
275,
276,
277,
278,
279,
280,
281,
282,
283,
284,
285,
286,
287,
288,
289,
290,
291,
292,
293,
294,
295,
296,
297,
298,
299,
300,
301,
302,
303,
304,
305,
306,
307,
308,
309,
310,
311,
312,
313,
314,
315,
316,
317,
318,
319,
320,
321,
322,
323,
324,
325,
326,
327,
328,
329,
330,
331,
332,
333,
334,
335,
336,
337,
338,
339,
340,
341,
342,
343,
344,
345,
346,
347,
348,
349,
350,
351,
352,
353,
354,
355,
356,
357,
358,
359,
360,
361,
362,
363,
364,
365,
366,
367,
368,
369,
370,
371,
372,
373,
374,
375,
376,
377,
378,
379,
380,
381,
382,
383,
384,
385,
386,
387,
388,
389,
390,
391,
392,
393,
394,
395,
396,
397,
398,
399,
400,
401,
402,
403,
404,
405,
406,
407,
408,
409,
410,
411,
412,
413,
414,
415,
416,
417,
418,
419,
420,
421,
422,
423,
424,
425,
426,
427,
428,
429,
430,
431,
432,
433,
434,
435,
436,
437,
438,
439,
440,
441,
442,
443,
444,
445,
446,
447,
448,
449,
450,
451,
452,
453,
454,
455,
456,
457,
458,
459,
460,
461,
462,
463,
464,
465,
466,
467,
468,
469,
470,
471,
472,
473,
474,
475,
476,
477,
478,
479,
480,
481,
482,
483,
484,
485,
486,
487,
488,
489,
490,
491,
492,
493,
494,
495,
496,
497,
498,
499,
500,
501,
502,
503,
504,
505,
506,
507,
508,
509,
510,
511,
512,
513,
514,
515,
516,
517,
518,
519,
520,
521,
522,
523,
524,
525,
526,
527,
528,
529,
530,
531,
532,
533,
534,
535,
536,
537,
538,
539,
540,
541,
542,
543,
544,
545,
546,
547,
548,
549,
550,
551,
552,
553,
554,
555,
556,
557,
558,
559,
560,
561,
562,
563,
564,
565,
566,
567,
568,
569,
570,
571,
572,
573,
574,
575,
576,
577,
578,
579,
580,
581,
582,
583,
584,
585,
586,
587,
588,
589
117 588
588 182
182 451
451 255
255 536
536 242
242 568
568 427
427 358
358 176
176 292
292 159
159 580
580 575
575 357
357 445
445 4
4 329
329 306
306 256
256 127
127 139
139 169
169 323
323 441
441 184
184 469
469 73
73 10
10 512
512 334
334 345
345 74
74 466
466 586
586 397
397 452
452 163
163 314
314 400
400 152
152 488
488 99
99 267
267 513
513 436
436 312
312 419
419 266
266 581
581 35
35 180
180 6
6 19
19 330
330 268
268 534
534 320
320 385
385 348
348 558
558 294
294 523
523 91
91 172
172 561
561 144
144 231
231 34
34 354
354 81
81 100
100 337
337 465
465 168
168 181
181 399
399 403
403 29
29 264
264 28
28 450
450 570
570 447
447 585
585 202
202 273
273 13
13 14
14 179
179 515
515 278
278 196
196 316
316 555
555 290
290 160
160 209
209 434
434 50
50 500
500 303
303 65
65 111
111 554
554 480
480 260
260 9
9 549
549 98
98 113
113 559
559 429
429 502
502 70
70 459
459 291
291 265
265 71
71 491
491 449
449 162
162 467
467 90
90 444
444 174
174 298
298 546
546 457
457 241
241 149
149 557
557 503
503 192
192 114
114 490
490 207
207 378
378 567
567 485
485 60
60 401
401 438
438 430
430 87
87 346
346 425
425 384
384 482
482 128
128 175
175 538
538 33
33 476
476 136
136 296
296 107
107 339
339 340
340 203
203 435
435 247
247 386
386 462
462 484
484 537
537 524
524 101
101 222
222 439
439 405
405 84
84 212
212 309
309 228
228 437
437 106
106 493
493 455
455 344
344 328
328 116
116 370
370 96
96 297
297 443
443 2
2 235
235 205
205 62
62 78
78 86
86 389
389 388
388 414
414 208
208 279
279 324
324 229
229 5
5 431
431 15
15 120
120 276
276 26
26 387
387 528
528 195
195 562
562 426
426 417
417 115
115 224
224 156
156 362
362 109
109 189
189 582
582 379
379 185
185 496
496 286
286 199
199 88
88 560
560 200
200 310
310 391
391 51
51 472
472 76
76 301
301 44
44 489
489 191
191 411
411 442
442 402
402 295
295 223
223 479
479 300
300 584
584 89
89 146
146 423
423 520
520 263
263 161
161 112
112 245
245 461
461 95
95 464
464 495
495 79
79 167
167 45
45 103
103 283
283 321
321 393
393 287
287 240
240 351
351 284
284 157
157 126
126 141
141 61
61 104
104 349
349 392
392 527
527 190
190 509
509 254
254 550
550 428
428 125
125 122
122 583
583 147
147 572
572 275
275 63
63 11
11 364
364 514
514 398
398 407
407 250
250 18
18 506
506 317
317 486
486 133
133 422
422 573
573 257
257 433
433 468
468 424
424 394
394 556
556 280
280 347
347 92
92 293
293 80
80 271
271 463
463 410
410 285
285 551
551 75
75 564
564 219
219 272
272 577
577 302
302 319
319 153
153 566
566 448
448 543
543 1
1 519
519 142
142 23
23 350
350 56
56 170
170 508
508 281
281 7
7 82
82 36
36 198
198 446
446 154
154 230
230 58
58 183
183 458
458 510
510 342
342 17
17 3
3 363
363 487
487 214
214 456
456 97
97 368
368 576
576 553
553 232
232 377
377 155
155 151
151 530
530 376
376 415
415 59
59 454
454 521
521 326
326 215
215 579
579 137
137 331
331 269
269 258
258 288
288 49
49 308
308 54
54 225
225 548
548 24
24 499
499 396
396 68
68 432
432 531
531 188
188 248
248 77
77 542
542 304
304 587
587 526
526 343
343 418
418 355
355 253
253 164
164 352
352 338
338 518
518 46
46 274
274 243
243 42
42 20
20 16
16 333
333 21
21 143
143 541
541 48
48 504
504 25
25 124
124 83
83 507
507 261
261 277
277 193
193 37
37 102
102 121
121 105
105 41
41 43
43 66
66 478
478 505
505 289
289 305
305 420
420 138
138 477
477 313
313 335
335 233
233 390
390 380
380 226
226 282
282 359
359 475
475 483
483 201
201 318
318 353
353 32
32 55
55 474
474 516
516 8
8 453
453 408
408 404
404 108
108 460
460 171
171 130
130 322
322 525
525 413
413 270
270 118
118 574
574 395
395 30
30 470
470 177
177 173
173 552
552 246
246 307
307 578
578 421
421 325
325 571
571 39
39 93
93 186
186 517
517 382
382 356
356 234
234 366
366 178
178 532
532 132
132 158
158 416
416 38
38 148
148 371
371 494
494 412
412 381
381 589
589 361
361 220
220 31
31 221
221 440
440 237
237 327
327 563
563 238
238 27
27 12
12 134
134 471
471 227
227 311
311 244
244 40
40 535
535 501
501 119
119 249
249 187
187 511
511 569
569 498
498 406
406 239
239 85
85 367
367 22
22 529
529 131
131 194
194 197
197 216
216 492
492 145
145 547
547 299
299 374
374 544
544 383
383 140
140 533
533 165
165 0
0 315
315 481
481 473
473 251
251 218
218 67
67 259
259 332
332 373
373 409
409 123
123 110
110 213
213 360
360 341
341 72
72 372
372 57
57 135
135 206
206 69
69 252
252 53
53 336
336 540
540 52
52 211
211 522
522 369
369 129
129 47
47 64
64 94
94 166
166 545
545 217
217 565
565 262
262 210
210 539
539 236
236 204
204 497
497 365
365 375
375 150
305 262
174 167
9 379
46 558
242 433
316 422
51 391
381 403
9 426
20 199
114 31
31 185
343 68
167 70
209 319
494 531
423 549
275 207
384 211
443 563
553 223
350 45
216 560
490 133
489 527
296 59
244 475
161 270
101 50
20 294
425 336
56 366
360 194
565 579
59 42
87 447
182 412
243 264
458 460
144 85
185 215
168 341
585 36
64 164
377 391
320 264
353 242
544 149
360 2
229 118
359 268
281 380
157 577
546 525
567 566
202 373
389 121
66 51
453 22
63 292
240 92
18 556
320 129
187 514
242 380
239 456
170 83
276 248
44 298
350 468
273 285
5 302
182 471
299 564
500 234
217 176
131 465
9 353
566 300
173 269
524 584
462 110
272 78
383 185
54 136
324 253
393 499
439 296
96 457
301 497
354 289
560 11
47 233
568 198
470 443
529 135
19 391
302 186
547 395
91 546
408 531
572 501
453 39
99 254
423 249
386 213
471 13
410 350
371 165
544 89
406 151
230 377
457 339
580 91
178 429
137 560
491 305
477 292
70 392
208 486
472 101
485 586
239 281
423 376
110 4
263 160
568 141
350 43
12 222
104 324
567 527
261 90
398 154
571 453
275 341
488 142
171 134
11 165
326 18
587 288
255 65
432 166
3 545
158 563
372 359
425 34
201 509
341 55
103 252
27 538
112 124
522 541
360 69
209 437
77 387
498 73
391 64
155 494
345 516
387 41
561 359
241 76
412 16
288 88
558 98
323 87
73 145
208 475
535 15
553 125
374 21
540 7
218 400
224 133
103 442
166 478
398 290
356 160
366 475
132 255
502 459
194 386
273 101
209 321
161 329
501 67
476 427
87 371
513 442
378 384
130 120
273 409
2 165
225 36
345 85
256 520
24 105
341 334
505 310
558 129
221 325
585 1
242 201
120 293
166 587
331 417
297 539
42 375
9 107
498 110
538 562
183 521
230 516
519 462
412 131
6 351
245 352
146 404
263 226
506 552
556 442
401 301
62 12
71 357
357 27
254 115
251 290
511 546
290 287
290 203
564 251
71 393
506 489
25 82
394 451
180 470
188 61
154 149
236 93
548 69
93 259
399 81
410 527
54 274
23 4
282 131
228 51
475 131
207 356
366 41
62 547
349 465
469 174
318 372
204 586
9 56
67 163
119 394
529 525
264 483
339 11
573 445
521 553
23 79
125 117
537 221
391 448
140 225
96 556
477 457
240 543
544 360
245 325
377 338
127 559
454 206
222 319
6 392
124 336
543 266
229 538
206 174
128 468
205 527
544 291
425 146
533 6
429 168
351 10
24 468
191 374
371 162
125 262
565 297
98 394
168 36
241 102
95 334
82 247
305 524
181 343
248 38
213 46
52 380
311 163
17 492
257 506
395 391
496 409
272 328
229 435
380 23
506 140
71 337
546 548
163 117
230 137
83 497
345 84
58 183
392 436
259 447
395 39
358 447
34 230
434 561
256 362
484 54
122 309
303 256
155 344
555 366
376 498
118 307
51 285
286 554
407 584
80 314
520 497
167 314
86 261
574 475
536 75
154 437
217 458
526 58
472 226
183 431
287 452
479 224
336 166
340 214
102 401
106 207
435 502
235 228
30 233
53 559
107 408
157 405
466 228
419 285
206 372
212 127
371 363
418 68
46 20
237 538
117 432
343 520
382 140
587 511
213 317
315 25
562 43
265 15
173 105
475 542
348 417
264 560
478 582
310 517
487 473
160 172
142 470
467 373
380 143
509 52
327 586
50 128
437 552
517 349
478 17
138 491
581 225
297 531
120 155
535 477
92 249
383 172
135 307
297 432
290 73
558 316
39 499
226 119
172 384
117 561
188 24
233 575
174 549
144 392
442 269
359 27
62 430
351 508
431 500
586 49
306 183
462 201
1 125
558 351
184 343
248 426
277 127
43 255
456 472
219 102
117 343
539 247
204 38
77 3
586 312
287 475
332 153
286 428
280 142
201 159
502 426
551 232
97 469
588 287
195 498
539 579
115 107
517 153
204 29
114 288
449 100
182 491
490 284
425 559
416 440
511 430
166 21
314 234
286 82
8 96
386 135
210 362
391 445
505 507
141 397
485 574
314 465
141 427
376 208
212 286
117 280
3 459
187 544
573 78
409 509
338 389
385 563
369 304
137 533
56 471
464 181
190 284
156 73
400 562
135 287
549 386
475 464
400 44
19 583
328 195
333 124
562 28
505 450
292 127
134 290
586 129
153 144
205 419
564 277
148 129
161 410
476 183
462 355
195 191
139 367
231 441
463 285
401 38
250 27
540 283
148 498
339 311
38 197
317 485
11 494
120 351
2 326
160 137
14 99
413 103
269 86
212 517
223 242
240 197
86 127
308 77
289 177
402 272
373 170
312 194
125 308
68 76
328 478
184 6
64 154
162 295
398 113
460 35
187 25
515 554
308 303
338 487
183 170
282 131
419 409
171 273
47 373
288 544
362 332
104 69
102 52
72 381
540 517
239 71
574 36
272 9
98 200
219 308
430 476
73 205
517 517
289 264
461 16
468 202
193 42
240 253
251 551
248 386
505 47
234 290
283 463
243 312
542 489
318 435
481 387
522 59
377 297
181 423
187 376
351 583
62 533
387 238
345 254
15 444
584 73
313 442
319 351
563 72
218 28
266 85
328 379
30 576
311 304
262 212
136 522
569 41
332 582
149 98
430 312
328 295
220 70
77 262
86 400
143 540
543 570
202 141
318 578
0 417
235 49
452 488
198 353
394 208
313 96
94 165
278 248
331 574
141 339
167 301
43 85
307 87
262 81
133 44
93 507
578 451
79 394
249 23
34 393
437 518
288 233
230 531
363 282
90 500
482 2
206 556
446 542
119 574
434 349
187 234
106 144
208 386
248 160
121 539
104 125
126 581
89 559
0 319
260 379
413 270
292 387
353 76
320 338
356 550
60 428
198 206
64 410
465 404
231 41
255 181
448 555
461 231
183 342
332 162
528 263
567 45
341 198
252 541
182 469
183 354
572 129
167 84
108 115
441 96
226 456
133 583
48 249
417 467
215 209
11 247
65 108
67 178
491 61
266 104
138 416
87 342
532 263
397 578
98 369
289 568
480 100
477 139
575 11
577 77
584 501
314 236
127 183
465 74
519 64
544 386
33 223
517 324
149 540
431 353
76 41
330 63
530 6
438 38
5 232
324 444
142 28
364 338
514 461
165 174
137 35
531 465
85 549
183 150
503 346
408 440
350 430
105 167
410 581
87 114
202 72
506 414
383 270
388 293
480 174
174 314
373 137
350 555
129 262
390 475
562 90
29 221
278 551
498 140
329 90
199 537
289 288
480 520
535 463
315 196
135 447
244 349
152 319
406 14
322 307
171 150
213 148
478 532
226 82
227 442
114 527
249 474
211 421
153 220
381 510
180 85
111 218
289 130
71 90
131 435
454 323
239 524
258 5
571 555
14 40
564 296
278 575
416 363
507 293
18 312
227 323
578 271
253 585
543 17
124 121
161 533
242 272
423 45
553 147
546 34
84 570
432 115
305 397
283 99
35 551
129 370
78 146
344 330
378 448
326 169
572 479
551 162
354 135
232 392
367 179
512 320
290 40
238 476
584 72
103 549
500 102
356 375
536 474
297 390
80 322
25 542
338 67
25 284
331 205
550 362
433 372
151 444
415 313
339 277
509 449
195 306
288 428
193 60
160 88
100 304
45 365
235 113
293 60
477 336
550 357
560 167
15 235
497 497
19 286
37 174
119 312
43 233
383 431
87 525
163 140
205 492
214 464
423 252
0 43
5 375
422 43
384 56
451 194
517 521
37 419
570 254
126 244
43 511
98 439
299 259
17 369
238 440
250 411
402 112
385 358
569 27
193 45
377 189
489 469
46 473
408 356
162 316
253 108
1 41
53 301
460 459
66 295
292 241
422 217
284 90
36 324
4 261
539 418
318 565
512 330
190 296
177 192
553 310
556 127
164 510
548 525
246 243
266 36
19 466
473 324
99 344
498 31
279 584
340 447
73 63
88 578
307 429
49 223
145 405
305 457
540 41
549 583
580 236
394 3
401 500
12 187
146 446
61 577
439 54
550 453
89 105
212 210
298 154
46 231
362 363
568 540
510 140
455 465
140 209
171 218
64 529
366 356
92 585
482 336
433 464
178 234
39 355
106 319
458 394
12 130
336 148
460 516
426 148
123 415
381 458
10 430
283 393
137 380
133 15
429 245
492 38
290 175
221 277
505 101
537 358
103 157
120 131
554 450
300 212
122 20
451 237
197 531
70 509
216 402
190 514
180 35
162 38
147 235
538 199
350 63
581 521
237 199
11 97
575 558
141 494
414 215
48 264
483 231
491 487
528 463
215 330
366 328
490 72
174 12
511 412
249 390
134 480
434 66
207 182
42 300
325 310
22 522
504 326
434 61
290 230
3 320
509 24
509 320
139 467
376 108
193 388
299 326
136 379
577 122
61 193
64 571
9 393
375 568
167 440
109 268
518 212
102 13
177 571
61 178
358 111
376 218
562 411
348 500
421 461
150 309
102 70
10 537
136 348
187 227
294 145
524 88
524 240
326 385
69 393
36 357
551 198
372 318
52 394
390 419
277 219
25 414
293 589
436 449
173 390
422 192
421 71
420 469
394 63
279 468
214 40
502 421
117 104
457 467
259 192
29 374
200 247
148 231
561 439
532 189
297 339
437 245
248 551
545 393
172 406
228 24
140 198
26 124
494 574
175 201
133 384
190 517
375 234
580 358
539 146
564 421
412 352
282 127
116 326
162 355
43 220
499 181
369 550
452 463
436 246
320 407
436 265
144 456
570 303
202 264
508 55
468 529
112 26
162 236
206 78
460 497
141 543
361 87
73 319
270 487
368 462
268 553
553 542
483 260
334 325
238 448
85 162
421 7
400 40
465 276
35 102
379 44
345 107
5 199
537 417
566 180
368 585
19 123
167 506
552 43
174 43
143 419
442 374
437 14
194 540
23 439
513 299
187 261
8 26
392 23
254 41
67 560
220 221
396 217
447 303
229 87
472 61
576 82
142 465
193 486
174 325
302 119
347 524
431 253
125 156
285 381
283 38
220 218
429 290
119 128
295 520
544 422
36 409
417 429
534 278
170 291
137 46
296 320
35 257
398 284
566 104
19 503
339 286
367 156
84 419
154 133
228 154
473 538
547 296
105 193
320 177
359 126
102 469
308 562
273 358
400 267
256 259
472 369
137 443
161 58
23 422
394 246
475 460
97 576
15 487
61 516
502 425
218 98
263 205
62 568
351 130
410 110
140 167
388 293
338 269
159 336
565 386
240 17
225 94
341 544
494 562
371 206
121 299
574 425
517 583
135 258
572 365
358 112
69 488
512 425
191 465
500 182
438 467
415 203
133 575
286 52
308 37
480 337
168 297
525 8
203 130
55 311
503 433
463 120
268 405
558 409
342 534
186 334
508 91
578 85
570 10
59 303
554 253
470 277
76 195
539 226
385 304
442 279
399 426
324 281
89 589
142 211
504 510
251 300
23 237
429 105
96 156
170 485
47 164
368 216
184 357
332 234
225 435
151 335
13 431
216 389
573 334
528 499
59 340
202 10
457 195
474 69
137 445
297 98
470 472
545 411
402 222
502 343
307 252
220 82
372 93
400 517
224 552
343 236
337 271
459 539
28 282
499 235
401 231
530 433
277 290
463 133
111 306
520 557
243 409
221 81
437 100
206 136
240 412
12 355
198 222
568 378
194 390
348 83
517 261
245 373
243 352
150 289
201 49
503 130
508 10
486 343
299 450
483 110
578 530
402 279
311 539
427 434
408 319
29 236
44 312
22 94
114 191
448 459
576 413
316 298
13 535
423 146
490 139
578 342
392 482
22 230
443 275
182 231
102 261
231 543
371 459
245 192
40 349
530 502
43 114
265 465
73 375
11 445
260 391
563 511
569 251
18 35
524 382
180 83
554 533
253 507
125 152
557 559
50 43
280 268
477 552
284 551
475 432
485 138
533 268
434 249
372 223
491 222
15 184
558 238
406 450
437 126
77 33
53 486
580 562
208 305
267 320
487 54
557 252
220 92
444 534
132 481
404 245
169 144
257 119
178 365
588 98
301 358
388 359
390 556
429 357
275 371
196 3
467 110
211 429
77 278
373 376
260 449
38 552
371 433
105 587
541 38
199 49
514 317
93 464
412 401
522 268
117 342
352 336
337 383
318 134
313 210
564 122
368 554
41 300
98 576
519 529
482 30
131 70
203 549
386 441
258 279
536 104
90 19
361 332
344 103
191 556
304 474
312 557
375 9
461 117
96 488
411 246
343 200
382 449
364 487
21 11
325 566
576 344
203 10
202 202
380 284
262 47
585 1
307 148
56 399
80 38
6 501
314 441
203 22
542 529
321 366
167 3
517 205
211 451
263 134
208 500
310 23
216 537
531 287
579 169
409 369
294 315
576 499
282 556
445 184
210 536
574 540
417 552
188 30
379 312
127 526
512 549
91 127
236 570
585 124
501 487
287 501
177 175
89 527
499 287
464 257
324 503
128 38
116 188
247 179
44 289
294 586
352 286
336 312
572 490
495 493
250 261
123 425
488 429
329 351
350 212
426 92
34 305
583 451
107 388
320 351
474 500
491 217
180 181
498 505
407 367
56 174
45 326
351 502
559 54
575 164
532 483
182 436
427 515
456 370
400 165
411 234
182 371
44 363
480 329
445 109
396 114
54 345
399 301
551 295
341 229
267 285
537 358
453 214
36 558
10 261
290 408
399 418
475 425
587 519
246 204
360 4
434 308
412 425
299 270
329 326
339 419
103 294
260 359
514 197
554 458
33 298
244 124
197 174
357 141
277 198
172 357
314 177
206 473
581 448
113 362
260 161
359 462
316 15
152 43
218 57
129 345
30 263
107 122
206 264
219 287
488 377
193 230
148 241
506 384
589 306
162 251
195 504
42 72
273 57
18 205
131 506
191 511
82 232
278 516
21 407
79 30
448 334
427 458
544 101
109 417
227 536
524 210
111 307
577 374
355 585
387 236
183 330
309 101
351 479
216 339
528 136
179 117
586 567
361 468
347 383
528 74
146 291
38 71
408 485
153 452
487 492
97 122
305 212
28 127
88 81
167 76
98 400
381 379
509 482
345 86
442 497
22 464
90 423
304 99
368 209
111 324
256 189
220 576
394 188
211 259
268 465
286 188
102 419
377 308
521 506
141 535
184 80
580 481
501 339
147 59
307 261
295 521
325 84
148 577
121 548
278 84
195 15
190 428
18 34
351 258
196 574
468 382
106 150
156 43
288 69
23 547
425 431
383 307
170 176
375 344
193 233
254 282
588 106
215 522
59 140
47 62
216 165
319 22
210 81
171 476
9 346
345 542
518 325
88 564
516 424
274 250
65 160
323 137
120 259
205 296
513 276
252 270
562 521
387 372
589 348
330 56
511 60
155 387
57 565
268 518
56 338
371 75
484 169
195 375
117 283
401 267
405 34
538 239
82 65
537 580
35 166
103 209
329 103
87 447
135 495
456 495
95 195
261 311
383 448
512 534
82 148
461 38
102 219
426 207
362 2
381 174
560 456
319 340
505 198
71 240
459 566
197 353
331 370
480 463
275 499
589 291
290 176
166 145
273 116
456 244
207 561
165 75
347 159
299 89
196 550
159 3
315 537
538 557
422 226
520 446
572 367
171 303
311 95
19 358
574 366
513 241
116 137
530 294
225 190
103 520
420 500
331 370
512 508
520 463
524 515
568 244
95 406
38 564
199 579
247 314
370 251
173 26
505 448
10 497
569 588
200 0
348 461
431 283
82 408
433 80
332 457
49 381
416 485
221 442
115 329
379 375
570 490
95 383
21 113
192 67
489 153
41 165
466 552
141 349
18 181
289 514
369 130
41 432
54 160
244 188
433 511
342 239
338 418
417 360
151 474
566 447
474 370
417 103
555 223
324 317
398 21
24 4
148 144
415 522
8 501
488 336
553 196
87 239
376 166
154 3
536 510
565 220
36 471
89 114
40 27
49 16
319 523
83 133
518 157
526 235
428 536
73 492
566 495
294 453
270 446
466 377
354 193
418 540
511 401
28 308
568 374
465 463
150 494
218 385
224 587
293 370
200 496
513 468
304 508
270 348
169 504
330 92
132 481
362 287
469 384
518 81
144 72
572 514
27 151
473 186
452 364
580 516
25 496
7 103
201 39
525 571
521 164
190 372
530 487
204 333
448 144
415 337
586 329
20 520
285 568
410 376
506 342
472 144
470 587
281 525
46 175
327 205
43 122
112 221
76 119
224 102
430 363
146 196
251 248
13 260
43 1
84 496
424 352
446 539
372 85
220 503
246 59
5 249
108 488
216 532
340 10
285 278
34 182
39 380
549 484
221 170
304 363
420 520
310 451
127 273
167 11
537 535
97 176
415 589
113 43
271 574
140 306
578 1
412 315
62 470
55 570
197 102
196 294
392 573
136 275
406 74
360 132
253 86
2 31
262 478
548 220
369 375
395 34
519 55
551 127
361 417
437 130
491 0
281 587
3 130
97 232
149 488
89 150
321 583
350 491
512 343
66 437
426 461
582 401
296 548
329 473
421 264
395 554
576 394
269 183
111 19
217 79
135 201
334 84
111 287
296 94
430 506
295 212
534 254
343 202
432 481
42 61
426 179
374 378
552 583
294 55
350 10
348 506
4 332
342 161
230 352
243 463
234 533
210 574
340 341
17 89
514 188
21 523
238 42
187 411
329 34
41 152
274 531
242 255
282 277
285 384
317 19
100 236
329 533
325 532
26 524
78 414
469 134
136 264
554 90
314 567
366 98
45 370
415 41
585 43
421 55
178 407
535 336
38 151
153 177
225 288
238 550
449 521
60 295
445 460
26 487
588 21
525 129
454 564
484 223
503 496
235 450
134 522
584 349
302 518
150 501
137 580
60 104
226 564
528 245
129 509
82 122
426 583
60 5
534 294
454 184
80 455
276 502
415 179
159 364
377 172
495 479
270 363
4 368
377 61
509 189
385 162
124 34
568 53
485 123
157 402
458 153
455 102
165 396
384 293
487 438
4 582
195 70
390 493
358 189
64 581
287 207
508 127
293 103
106 129
473 547
15 198
229 333
116 473
419 114
244 580
223 380
281 128
190 295
529 312
465 396
350 110
230 187
124 233
19 335
346 42
573 228
104 312
280 352
342 194
316 92
237 298
177 34
330 514
413 409
391 249
435 570
200 430
540 464
183 406
554 559
320 330
228 488
498 421
58 575
454 305
232 404
413 467
112 388
48 3
311 563
192 349
258 24
232 514
72 560
255 432
37 31
22 53
302 71
485 474
50 565
575 456
224 562
545 140
315 124
117 586
81 511
472 350
300 455
158 182
586 92
356 491
408 264
283 210
177 209
404 292
461 543
375 95
426 373
208 173
542 412
121 343
20 528
7 24
149 489
273 302
320 15
563 72
466 146
557 564
556 270
137 347
119 559
208 345
342 348
73 198
454 302
444 26
153 225
470 123
556 103
147 166
213 115
98 341
90 467
19 391
180 16
391 330
448 110
434 92
296 134
250 251
181 130
537 103
545 1
206 149
273 123
146 479
481 426
194 174
18 414
30 12
328 58
444 144
473 439
357 357
436 28
538 319
273 79
552 482
125 411
55 499
544 513
134 440
179 579
380 251
384 124
405 278
500 277
42 183
148 180
130 97
461 476
493 379
313 514
334 219
117 232
503 587
20 209
563 123
150 487
125 425
6 123
531 42
63 446
34 13
19 495
515 95
183 393
92 245
61 365
444 488
36 439
127 1
68 209
206 551
469 202
155 84
497 208
111 317
248 570
487 518
204 297
258 532
149 90
457 382
57 155
72 183
243 49
586 11
555 22
404 207
8 276
18 110
321 374
176 482
144 165
177 152
443 417
193 342
144 363
192 305
162 588
118 460
438 286
438 500
317 130
385 134
330 547
153 413
121 106
425 480
284 263
85 542
335 70
250 492
92 213
108 315
200 139
531 201
297 137
247 231
350 31
259 272
494 227
526 20
430 207
559 70
183 29
318 233
466 441
23 207
407 293
207 126
126 119
527 288
112 481
397 499
332 325
211 311
92 164
457 30
258 241
462 96
488 306
420 552
497 151
178 333
0 252
474 505
25 455
130 172
586 272
55 462
330 533
320 188
339 15
227 550
13 392
561 91
493 410
476 158
517 176
325 185
526 458
350 386
41 94
565 517
335 303
173 480
192 434
396 499
346 95
357 341
413 497
582 3
518 70
345 289
82 132
1 572
335 202
349 392
70 283
547 454
238 195
382 488
79 494
49 367
581 244
411 389
105 467
190 544
568 106
506 442
559 295
102 167
525 239
147 547
424 581
78 328
571 113
543 19
36 207
563 213
575 536
379 381
409 375
88 67
102 76
417 255
241 147
433 336
35 345
318 60
449 470
518 389
474 506
61 98
279 46
189 467
290 381
240 424
320 84
235 508
511 244
272 142
370 67
455 461
466 570
358 144
12 295
571 298
383 545
130 579
546 445
199 429
514 491
154 339
159 1
135 438
329 231
556 301
284 231
199 308
495 223
577 348
279 25
493 66
521 589
271 415
129 153
332 347
90 344
414 146
347 304
183 524
6 108
116 8
138 87
352 201
480 292
547 63
290 395