60
299
0,
1,
2,
3,
4,
5,
6,
7,
8,
9,
10,
11,
12,
13,
14,
15,
16,
17,
18,
19,
20,
21,
22,
23,
24,
25,
26,
27,
28,
29,
30,
31,
32,
33,
34,
35,
36,
37,
38,
39,
40,
41,
42,
43,
44,
45,
46,
47,
48,
49,
50,
51,
52,
53,
54,
55,
56,
57,
58,
59
22 29
29 30
30 12
12 58
58 0
0 17
17 56
56 26
26 7
7 28
28 8
8 33
33 46
46 3
3 37
37 9
9 48
48 13
13 32
32 55
55 38
38 51
51 6
6 23
23 44
44 2
2 41
41 49
49 24
24 34
34 43
43 14
14 42
42 18
18 20
20 36
36 1
1 16
16 27
27 40
40 11
11 5
5 53
53 57
57 45
45 15
15 50
50 19
19 21
21 35
35 59
59 39
39 25
25 52
52 10
10 54
54 4
4 31
31 47
33 10
51 46
8 34
57 47
42 33
45 28
10 39
41 34
24 56
31 36
25 42
10 38
11 19
8 5
10 20
42 31
44 39
54 44
42 30
29 41
23 38
20 47
2 46
31 27
52 50
50 20
42 1
38 32
5 15
51 56
20 31
54 53
39 49
59 5
11 11
15 53
51 13
28 11
50 24
49 7
50 10
26 51
17 21
23 42
41 52
6 32
10 42
14 54
49 48
44 56
35 40
10 9
28 48
24 42
57 33
35 43
4 40
47 36
14 22
0 54
40 12
50 31
20 8
7 49
35 6
8 50
33 39
27 32
14 38
54 26
26 40
40 32
43 37
14 44
9 16
35 20
9 9
10 30
44 58
5 31
25 18
13 30
53 27
40 30
48 9
33 6
20 55
15 32
50 53
38 23
39 21
34 29
43 30
51 42
4 15
38 27
28 57
33 11
54 39
32 43
57 15
24 1
21 40
2 17
59 5
28 11
54 58
51 33
46 11
4 41
7 47
37 38
17 9
41 40
20 6
11 28
5 44
44 44
10 57
22 33
1 49
4 9
34 1
21 12
7 14
21 7
32 30
8 9
6 53
18 2
28 27
42 33
20 41
27 41
56 42
52 43
27 16
24 18
13 52
9 47
28 35
0 26
0 26
16 49
17 6
45 50
12 2
17 28
18 17
12 32
32 20
20 23
39 45
18 13
40 51
37 20
29 8
26 37
27 18
16 0
10 9
0 34
19 46
33 20
26 43
14 39
28 22
47 59
11 1
1 49
18 24
18 9
51 55
31 4
7 46
39 21
46 18
10 51
51 32
40 21
14 58
2 5
27 44
49 22
18 59
29 26
24 14
16 44
52 13
33 16
37 13
18 50
22 15
0 52
8 42
44 49
13 34
13 4
1 43
59 3
47 43
47 15
45 8
2 57
16 55
32 43
2 28
8 20
1 11
42 7
25 14
53 48
58 45
5 30
19 13
3 11
27 16
46 52
15 54
26 54
26 57
54 45
34 7
17 33
19 35
26 48
5 43
28 56
28 8
11 55
25 49
55 55
7 40
9 16
0 51
17 55
34 11
13 39
7 46
55 42