610
3049
0,
1,
2,
3,
4,
5,
6,
7,
8,
9,
10,
11,
12,
13,
14,
15,
16,
17,
18,
19,
20,
21,
22,
23,
24,
25,
26,
27,
28,
29,
30,
31,
32,
33,
34,
35,
36,
37,
38,
39,
40,
41,
42,
43,
44,
45,
46,
47,
48,
49,
50,
51,
52,
53,
54,
55,
56,
57,
58,
59,
60,
61,
62,
63,
64,
65,
66,
67,
68,
69,
70,
71,
72,
73,
74,
75,
76,
77,
78,
79,
80,
81,
82,
83,
84,
85,
86,
87,
88,
89,
90,
91,
92,
93,
94,
95,
96,
97,
98,
99,
100,
101,
102,
103,
104,
105,
106,
107,
108,
109,
110,
111,
112,
113,
114,
115,
116,
117,
118,
119,
120,
121,
122,
123,
124,
125,
126,
127,
128,
129,
130,
131,
132,
133,
134,
135,
136,
137,
138,
139,
140,
141,
142,
143,
144,
145,
146,
147,
148,
149,
150,
151,
152,
153,
154,
155,
156,
157,
158,
159,
160,
161,
162,
163,
164,
165,
166,
167,
168,
169,
170,
171,
172,
173,
174,
175,
176,
177,
178,
179,
180,
181,
182,
183,
184,
185,
186,
187,
188,
189,
190,
191,
192,
193,
194,
195,
196,
197,
198,
199,
200,
201,
202,
203,
204,
205,
206,
207,
208,
209,
210,
211,
212,
213,
214,
215,
216,
217,
218,
219,
220,
221,
222,
223,
224,
225,
226,
227,
228,
229,
230,
231,
232,
233,
234,
235,
236,
237,
238,
239,
240,
241,
242,
243,
244,
245,
246,
247,
248,
249,
250,
251,
252,
253,
254,
255,
256,
257,
258,
259,
260,
261,
262,
263,
264,
265,
266,
267,
268,
269,
270,
271,
272,
273,
274,
275,
276,
277,
278,
279,
280,
281,
282,
283,
284,
285,
286,
287,
288,
289,
290,
291,
292,
293,
294,
295,
296,
297,
298,
299,
300,
301,
302,
303,
304,
305,
306,
307,
308,
309,
310,
311,
312,
313,
314,
315,
316,
317,
318,
319,
320,
321,
322,
323,
324,
325,
326,
327,
328,
329,
330,
331,
332,
333,
334,
335,
336,
337,
338,
339,
340,
341,
342,
343,
344,
345,
346,
347,
348,
349,
350,
351,
352,
353,
354,
355,
356,
357,
358,
359,
360,
361,
362,
363,
364,
365,
366,
367,
368,
369,
370,
371,
372,
373,
374,
375,
376,
377,
378,
379,
380,
381,
382,
383,
384,
385,
386,
387,
388,
389,
390,
391,
392,
393,
394,
395,
396,
397,
398,
399,
400,
401,
402,
403,
404,
405,
406,
407,
408,
409,
410,
411,
412,
413,
414,
415,
416,
417,
418,
419,
420,
421,
422,
423,
424,
425,
426,
427,
428,
429,
430,
431,
432,
433,
434,
435,
436,
437,
438,
439,
440,
441,
442,
443,
444,
445,
446,
447,
448,
449,
450,
451,
452,
453,
454,
455,
456,
457,
458,
459,
460,
461,
462,
463,
464,
465,
466,
467,
468,
469,
470,
471,
472,
473,
474,
475,
476,
477,
478,
479,
480,
481,
482,
483,
484,
485,
486,
487,
488,
489,
490,
491,
492,
493,
494,
495,
496,
497,
498,
499,
500,
501,
502,
503,
504,
505,
506,
507,
508,
509,
510,
511,
512,
513,
514,
515,
516,
517,
518,
519,
520,
521,
522,
523,
524,
525,
526,
527,
528,
529,
530,
531,
532,
533,
534,
535,
536,
537,
538,
539,
540,
541,
542,
543,
544,
545,
546,
547,
548,
549,
550,
551,
552,
553,
554,
555,
556,
557,
558,
559,
560,
561,
562,
563,
564,
565,
566,
567,
568,
569,
570,
571,
572,
573,
574,
575,
576,
577,
578,
579,
580,
581,
582,
583,
584,
585,
586,
587,
588,
589,
590,
591,
592,
593,
594,
595,
596,
597,
598,
599,
600,
601,
602,
603,
604,
605,
606,
607,
608,
609
536 144
144 261
261 145
145 592
592 466
466 81
81 309
309 468
468 118
118 38
38 52
52 269
269 464
464 122
122 10
10 95
95 454
454 345
345 354
354 247
247 54
54 255
255 266
266 564
564 571
571 597
597 425
425 494
494 36
36 439
439 576
576 377
377 484
484 46
46 517
517 111
111 441
441 585
585 337
337 312
312 246
246 461
461 489
489 57
57 520
520 389
389 11
11 398
398 236
236 538
538 459
459 456
456 493
493 301
301 589
589 110
110 513
513 289
289 298
298 428
428 268
268 197
197 297
297 541
541 293
293 228
228 7
7 213
213 514
514 387
387 357
357 584
584 324
324 134
134 581
581 340
340 131
131 353
353 279
279 113
113 556
556 410
410 175
175 129
129 537
537 290
290 347
347 77
77 164
164 452
452 278
278 363
363 90
90 303
303 22
22 476
476 31
31 19
19 453
453 511
511 286
286 147
147 116
116 80
80 412
412 361
361 483
483 102
102 250
250 185
185 137
137 133
133 586
586 44
44 241
241 519
519 579
579 200
200 449
449 444
444 178
178 400
400 567
567 37
37 490
490 460
460 60
60 284
284 455
455 471
471 546
546 138
138 348
348 372
372 244
244 525
525 600
600 41
41 141
141 123
123 333
333 114
114 94
94 181
181 149
149 509
509 565
565 276
276 64
64 524
524 245
245 78
78 562
562 107
107 561
561 374
374 574
574 51
51 270
270 176
176 142
142 480
480 572
572 417
417 171
171 504
504 608
608 288
288 317
317 18
18 499
499 552
552 174
174 222
222 307
307 165
165 421
421 434
434 569
569 341
341 594
594 512
512 409
409 390
390 326
326 71
71 427
427 243
243 35
35 366
366 275
275 195
195 155
155 62
62 86
86 475
475 287
287 508
508 376
376 336
336 229
229 321
321 492
492 168
168 386
386 192
192 323
323 201
201 117
117 6
6 220
220 136
136 215
215 495
495 28
28 224
224 563
563 435
435 99
99 179
179 53
53 182
182 256
256 167
167 359
359 74
74 202
202 582
582 84
84 527
527 3
3 488
488 132
132 79
79 382
382 446
446 429
429 507
507 358
358 496
496 607
607 431
431 39
39 105
105 384
384 407
407 415
415 280
280 596
596 551
551 392
392 151
151 516
516 12
12 373
373 467
467 170
170 609
609 362
362 83
83 217
217 73
73 482
482 472
472 214
214 157
157 604
604 588
588 308
308 262
262 119
119 319
319 66
66 93
93 173
173 532
532 26
26 189
189 566
566 515
515 127
127 29
29 343
343 265
265 204
204 212
212 295
295 474
474 5
5 349
349 521
521 320
320 420
420 9
9 263
263 458
458 356
356 346
346 69
69 184
184 68
68 440
440 8
8 292
292 135
135 271
271 65
65 259
259 305
305 227
227 544
544 242
242 394
394 59
59 15
15 396
396 180
180 61
61 14
14 248
248 92
92 104
104 543
543 419
419 96
96 32
32 146
146 469
469 338
338 315
315 500
500 388
388 194
194 225
225 272
272 352
352 486
486 332
332 540
540 159
159 153
153 595
595 344
344 578
578 166
166 152
152 101
101 100
100 177
177 498
498 172
172 318
318 534
534 85
85 587
587 70
70 568
568 258
258 557
557 325
325 187
187 277
277 577
577 599
599 465
465 16
16 413
413 124
124 254
254 397
397 232
232 121
121 211
211 451
451 558
558 150
150 207
207 191
191 233
233 463
463 422
422 331
331 364
364 226
226 299
299 183
183 402
402 97
97 237
237 503
503 355
355 4
4 50
50 602
602 327
327 529
529 43
43 539
539 350
350 423
423 76
76 559
559 27
27 442
442 378
378 329
329 282
282 238
238 430
430 403
403 267
267 283
283 313
313 75
75 251
251 23
23 506
506 369
369 473
473 553
553 208
208 89
89 2
2 162
162 328
328 252
252 239
239 443
443 416
416 285
285 302
302 163
163 231
231 49
49 273
273 219
219 528
528 401
401 126
126 573
573 497
497 385
385 370
370 393
393 223
223 411
411 203
203 264
264 575
575 391
391 448
448 106
106 481
481 47
47 304
304 432
432 156
156 154
154 108
108 310
310 533
533 1
1 380
380 253
253 545
545 210
210 160
160 549
549 169
169 190
190 542
542 306
306 143
143 30
30 120
120 560
560 555
555 383
383 58
58 196
196 570
570 296
296 424
424 334
334 550
550 487
487 433
433 21
21 103
103 371
371 45
45 67
67 365
365 379
379 399
399 530
530 139
139 531
531 199
199 342
342 418
418 368
368 603
603 395
395 186
186 360
360 335
335 606
606 535
535 140
140 491
491 112
112 257
257 274
274 447
447 209
209 406
406 55
55 130
130 24
24 33
33 125
125 477
477 502
502 404
404 87
87 330
330 479
479 580
580 351
351 240
240 375
375 510
510 414
414 161
161 505
505 115
115 234
234 522
522 158
158 109
109 188
188 445
445 221
221 457
457 547
547 381
381 314
314 601
601 408
408 300
300 590
590 281
281 56
56 478
478 485
485 205
205 13
13 48
48 34
34 294
294 605
605 193
193 235
235 438
438 339
339 405
405 20
20 206
206 591
591 40
40 17
17 426
426 598
598 462
462 548
548 583
583 128
128 42
42 501
501 88
88 82
82 322
322 249
249 148
148 218
218 291
291 0
0 593
593 63
63 98
98 554
554 526
526 72
72 523
523 367
367 316
316 470
470 216
216 260
260 518
518 450
450 25
25 436
436 437
437 198
198 230
230 311
311 91
435 609
327 207
16 332
304 378
14 387
306 59
306 110
200 266
88 385
593 380
41 136
573 148
31 233
151 333
272 49
12 368
116 191
43 197
609 272
518 360
48 368
502 154
455 423
399 407
232 213
233 55
293 560
106 319
364 517
378 455
579 103
173 406
335 293
365 553
439 98
364 228
96 236
257 151
475 316
205 163
101 140
194 412
38 320
331 88
271 42
581 25
375 100
528 560
0 343
463 565
300 229
10 208
420 530
532 410
15 449
534 451
197 86
535 436
530 353
197 557
419 543
188 597
529 92
327 506
121 431
519 328
593 119
32 117
347 541
133 354
500 246
425 301
166 531
75 222
537 190
236 485
110 27
199 125
398 428
285 78
339 55
408 492
301 426
415 445
536 446
340 533
382 258
445 362
90 323
169 270
172 236
409 553
384 287
579 26
218 247
591 367
565 67
258 177
316 401
551 278
582 18
494 19
486 560
13 237
514 331
604 537
500 560
341 32
502 98
514 603
99 153
596 189
129 33
85 187
292 343
358 203
267 489
36 372
365 270
67 145
49 568
25 88
273 521
503 469
27 282
390 512
506 497
244 209
568 344
461 252
379 437
114 511
453 168
44 171
392 278
178 49
444 385
434 583
207 120
486 276
316 492
438 520
512 590
91 132
443 54
310 332
365 6
259 541
36 266
291 78
505 268
606 165
566 283
375 149
293 135
303 298
311 562
267 94
378 202
162 185
364 497
585 509
81 573
270 502
111 503
50 290
310 259
22 125
26 157
292 336
166 458
600 63
189 507
123 361
66 559
248 195
187 319
430 329
288 436
21 533
110 439
355 606
591 257
602 108
135 320
435 159
59 0
298 604
500 352
371 498
20 406
78 535
360 379
79 262
307 599
561 18
172 215
590 252
359 491
282 542
302 214
602 178
509 1
207 543
494 562
157 521
594 416
476 565
3 455
595 495
206 269
202 62
62 296
33 232
375 199
405 88
399 228
467 595
293 146
207 63
287 112
357 265
440 409
288 119
443 317
225 592
529 122
343 524
54 125
115 475
289 265
141 33
398 471
592 567
345 166
338 494
572 327
223 263
79 313
353 493
43 122
514 309
305 26
43 399
57 11
209 477
63 18
67 314
97 215
75 448
484 491
157 537
197 108
377 25
460 457
412 413
323 330
376 30
33 177
597 305
486 250
151 169
324 32
258 72
559 173
585 239
319 294
34 354
470 401
565 135
70 96
443 1
526 549
519 387
7 352
20 204
297 369
384 192
407 194
27 401
9 235
132 318
387 453
494 224
380 459
563 202
560 149
267 303
287 25
18 592
24 184
597 281
222 246
95 399
522 4
34 224
116 547
256 364
466 473
537 573
344 519
303 50
28 335
458 414
38 8
601 412
337 463
124 288
254 143
19 398
114 178
452 231
291 324
460 98
417 87
135 203
198 376
18 23
165 260
299 432
194 40
551 65
387 288
373 227
236 97
28 503
478 210
100 586
575 439
606 538
604 596
536 343
48 318
174 77
70 566
565 285
118 144
368 79
292 82
372 609
321 100
428 191
52 58
588 478
62 195
540 4
602 289
508 445
518 213
111 203
222 324
490 365
457 292
21 305
543 345
239 506
66 51
575 500
491 153
101 8
473 199
443 324
424 607
588 407
404 459
566 11
502 365
582 528
63 488
238 292
448 369
257 271
463 287
382 189
117 332
595 41
170 292
6 430
32 154
477 140
272 364
18 434
167 224
309 472
568 191
41 609
361 114
310 127
515 241
474 196
193 337
57 270
263 324
9 149
221 169
179 476
178 364
216 431
42 543
148 320
321 443
246 287
494 549
600 438
59 606
233 181
175 188
164 12
483 165
268 436
120 101
0 584
449 420
451 550
308 602
240 290
575 200
373 340
586 21
336 279
21 490
274 438
518 307
588 136
593 301
265 193
305 84
216 164
489 496
527 99
513 46
272 329
548 496
247 87
38 74
329 370
233 397
257 29
431 96
47 557
596 52
497 368
567 370
403 139
483 209
23 431
220 322
469 291
310 36
302 57
581 231
520 419
306 472
190 32
249 553
154 463
367 201
575 356
448 259
79 207
284 127
325 500
559 95
273 100
133 553
51 475
54 475
379 589
473 144
190 173
209 577
196 4
31 550
299 527
514 66
209 532
337 495
206 231
83 204
171 499
534 217
364 72
455 12
391 591
607 267
13 48
3 443
22 107
525 159
603 451
492 597
536 496
247 56
491 339
448 376
6 539
535 188
562 2
571 247
416 605
375 132
278 293
354 594
482 558
300 504
161 546
558 42
220 490
283 66
490 119
452 343
417 347
343 209
330 371
239 336
478 63
213 177
34 320
273 144
592 10
541 363
112 340
513 129
463 187
604 162
248 104
344 204
249 104
523 271
383 472
606 562
428 87
199 553
581 378
456 16
464 171
352 33
544 234
465 548
62 307
512 596
163 71
282 524
349 389
283 37
549 160
600 426
96 73
7 79
343 472
15 53
148 126
592 434
403 608
153 410
586 121
263 608
296 497
460 33
578 155
449 492
326 508
136 280
276 39
402 190
95 315
387 78
27 180
526 412
431 223
283 492
489 301
8 223
299 301
449 195
325 122
535 140
292 140
241 565
445 53
152 609
373 117
536 490
276 303
120 194
325 439
548 378
549 209
350 84
35 594
574 242
167 491
415 556
325 56
609 61
550 31
312 341
128 103
451 27
550 10
18 271
178 178
94 302
68 323
176 19
512 570
2 119
95 250
428 345
447 116
407 181
376 466
377 409
258 586
397 98
27 22
111 148
522 359
6 232
115 58
574 391
570 65
528 105
452 446
505 171
292 101
91 372
588 174
323 468
561 441
115 382
70 564
287 595
496 315
106 512
14 327
90 473
354 564
13 315
488 400
407 333
50 65
39 366
142 48
59 562
24 435
488 146
414 447
533 196
489 116
174 555
14 259
223 245
425 457
24 587
379 199
425 221
517 237
524 316
61 68
400 431
251 519
431 164
191 172
435 89
302 270
560 430
326 141
437 95
244 4
503 558
397 276
164 597
493 608
401 116
260 180
82 513
517 594
174 130
450 379
235 465
1 292
355 540
211 574
436 580
0 273
209 577
522 153
61 599
524 208
209 148
18 435
121 287
561 211
132 523
143 224
506 152
216 533
286 362
604 166
160 271
483 223
337 95
400 234
230 575
101 521
45 372
274 414
239 186
489 552
256 565
202 558
162 500
573 412
382 594
48 437
150 283
545 129
398 411
399 11
102 131
184 122
215 546
40 79
8 466
89 84
21 408
115 370
525 183
517 223
308 217
59 12
30 574
558 31
282 555
167 589
531 436
565 104
509 146
225 115
282 557
317 148
2 548
98 251
548 512
591 408
273 479
482 303
160 593
24 581
114 330
22 457
199 35
186 206
175 244
338 242
346 431
211 464
301 486
528 406
253 15
183 309
459 158
5 264
152 554
39 239
605 363
31 527
282 52
85 398
236 140
379 339
131 143
417 93
567 469
347 520
320 332
111 380
85 496
205 514
584 134
540 565
306 404
581 126
65 244
596 36
535 49
209 244
570 155
95 71
511 327
336 65
505 415
159 389
333 379
373 411
221 290
540 548
372 309
315 241
556 429
593 36
279 4
434 360
591 596
341 80
480 335
104 352
32 114
119 220
329 108
170 545
494 525
274 432
315 355
498 528
338 526
598 343
311 285
127 211
481 452
9 185
3 158
115 423
97 565
511 196
162 18
177 202
102 231
449 533
34 86
468 544
132 365
139 208
497 209
441 337
51 423
538 209
197 491
278 570
83 351
567 356
257 244
488 256
492 101
581 429
507 192
609 190
572 414
199 230
558 381
150 121
106 515
574 433
370 272
239 6
298 410
83 319
363 392
451 464
282 106
392 539
18 482
134 331
257 448
348 534
545 449
160 36
131 14
368 553
75 55
538 437
46 204
507 255
57 342
331 194
574 135
136 143
142 105
291 468
572 68
95 590
513 91
305 118
304 462
327 518
64 272
193 405
246 101
10 456
351 173
181 79
138 557
569 232
23 401
147 597
392 181
426 603
348 331
505 117
596 449
117 365
13 422
513 136
215 564
122 121
501 147
553 344
18 473
560 284
269 18
146 156
117 229
415 435
182 538
542 141
69 236
41 551
253 463
354 401
159 58
440 39
222 136
32 264
119 373
426 279
342 217
378 283
288 398
526 421
484 336
445 349
191 356
209 313
96 368
460 334
535 82
445 73
255 434
270 186
587 537
207 151
474 373
295 420
63 44
352 203
135 310
388 599
156 177
242 560
288 172
172 573
548 565
271 444
211 151
224 372
179 16
443 430
260 168
70 94
150 513
581 523
42 442
339 286
463 279
301 134
76 536
44 37
535 351
12 415
386 8
500 583
331 462
228 59
454 567
464 363
525 551
320 64
27 529
405 572
319 564
481 592
221 65
479 395
508 585
310 190
18 318
94 505
201 514
564 485
574 411
578 54
437 415
206 211
41 44
301 95
363 449
481 461
111 211
29 260
544 187
39 519
137 327
22 121
32 46
401 289
136 143
401 357
586 396
452 165
90 205
381 353
113 345
190 64
204 451
481 237
212 412
164 350
68 109
380 571
106 5
312 281
88 528
575 288
352 276
549 353
1 306
144 580
69 499
533 495
23 456
538 585
62 340
232 7
34 38
55 315
253 258
53 186
570 422
2 133
122 399
15 546
375 368
523 430
362 269
549 318
135 598
245 551
492 512
215 77
17 153
356 378
135 207
413 521
583 331
260 30
52 235
477 523
400 543
116 263
569 273
499 175
432 555
211 68
472 473
428 179
276 496
165 492
221 57
202 599
99 96
383 120
46 158
358 550
57 412
597 437
506 300
177 439
463 179
58 79
233 285
201 11
472 409
224 120
556 502
436 214
495 415
537 14
454 233
252 345
573 559
19 155
556 201
426 476
49 492
289 367
318 318
322 364
223 275
314 449
268 513
192 73
330 133
46 140
398 179
200 429
589 116
157 96
491 359
581 182
350 485
390 87
273 395
86 593
490 391
326 536
57 184
28 254
377 464
110 601
300 486
306 134
2 491
411 69
532 603
400 527
533 128
404 108
506 557
108 480
384 292
597 79
491 173
242 362
249 226
69 268
54 432
102 389
491 366
241 53
586 381
337 314
220 145
387 571
575 280
487 543
198 289
568 514
381 53
193 6
233 35
259 192
513 297
353 141
108 262
120 539
167 100
117 270
110 328
14 238
199 488
180 412
3 246
268 329
139 235
433 312
373 282
184 499
33 131
212 418
312 526
172 366
444 344
527 36
579 473
242 236
586 499
500 577
457 108
285 46
214 231
161 516
10 369
581 218
221 468
241 31
141 579
270 517
236 435
448 233
300 494
508 608
44 211
4 82
373 430
261 452
327 16
448 507
368 150
28 491
554 460
34 154
223 219
476 280
316 480
187 253
84 350
465 571
405 325
423 441
355 532
207 116
30 79
454 222
221 217
151 550
223 250
435 208
63 326
8 168
254 479
21 137
279 23
46 342
331 69
90 304
80 254
50 582
315 325
473 541
341 202
377 9
480 45
530 109
235 16
557 86
573 449
233 189
69 460
388 161
421 173
519 118
189 130
598 578
7 58
10 347
539 528
32 546
399 107
318 11
355 482
476 462
15 10
583 318
10 157
580 1
77 315
605 89
404 499
524 256
451 267
344 495
269 197
269 197
157 168
327 463
496 187
512 406
1 277
405 604
557 58
421 325
606 529
398 259
37 2
297 583
165 475
567 35
462 131
522 304
292 379
348 207
66 570
327 14
469 308
599 402
105 81
473 132
538 516
497 524
531 437
141 375
160 228
209 609
512 606
586 142
234 446
353 472
373 328
525 596
17 234
61 523
542 16
142 436
561 382
289 118
289 289
553 211
119 608
525 89
454 190
170 345
55 471
184 421
543 146
134 542
332 569
448 452
337 374
487 329
184 69
165 572
349 387
502 420
24 245
514 381
601 193
108 357
108 212
602 555
442 204
13 230
105 172
119 157
264 603
338 171
225 4
517 373
217 316
222 233
103 67
344 568
606 302
430 515
478 159
563 8
143 420
168 158
421 43
567 83
553 489
42 426
524 187
289 58
353 339
59 4
147 342
551 197
35 475
245 448
43 139
75 349
388 107
435 210
175 584
145 210
405 26
51 367
432 143
540 247
28 478
292 516
341 217
488 303
142 444
170 64
504 548
102 596
581 77
462 454
164 465
169 256
408 360
344 333
602 134
472 27
66 405
496 277
298 238
183 486
143 407
36 109
108 35
94 9
445 212
482 596
106 130
414 221
562 515
362 471
218 545
63 545
601 598
421 112
371 369
65 240
26 161
408 340
312 140
524 511
470 492
152 569
292 499
317 336
136 150
583 299
46 50
540 151
507 254
609 104
279 397
277 222
421 96
525 374
514 16
433 446
349 116
361 521
87 241
492 583
465 144
599 537
426 374
12 34
2 532
469 517
95 58
591 496
476 154
18 433
185 533
147 411
210 599
308 346
432 372
581 166
601 322
180 289
230 171
245 188
524 475
405 165
219 119
108 293
526 543
98 525
202 131
119 403
590 183
201 128
183 286
512 444
215 528
253 480
167 46
602 85
504 297
506 140
94 259
369 241
248 397
262 19
269 308
316 79
158 258
359 113
217 331
582 341
251 72
64 190
39 131
562 484
150 482
433 89
170 576
472 536
371 36
342 598
309 301
561 102
30 494
112 519
383 187
276 5
527 500
562 505
591 453
297 77
103 266
419 605
149 120
400 149
255 350
70 560
16 573
31 42
594 31
595 75
248 199
441 66
382 116
183 300
503 309
323 405
451 443
429 50
416 16
597 236
468 307
531 591
597 178
161 139
5 556
235 484
509 441
0 599
417 520
364 379
187 95
33 301
573 66
90 256
121 81
199 130
191 11
561 550
91 316
64 150
186 263
373 478
289 167
274 122
325 581
540 579
63 298
209 420
559 294
569 451
120 545
302 211
580 112
306 354
289 25
140 426
118 77
517 97
492 499
159 587
230 181
406 288
110 587
571 544
595 222
533 556
18 58
174 355
538 223
59 126
94 22
338 67
207 556
216 21
9 187
207 47
41 517
343 245
145 329
93 365
376 429
431 202
442 438
10 359
99 592
267 244
244 261
606 34
377 552
568 415
212 307
207 17
348 344
317 361
19 187
490 593
505 381
360 53
372 57
240 268
261 204
219 88
349 320
81 44
492 37
536 428
563 21
491 113
588 160
210 455
543 459
479 311
394 194
469 509
521 417
237 352
42 240
52 407
83 215
438 549
479 405
205 433
225 225
1 514
608 176
5 13
471 59
493 500
17 172
253 216
354 127
514 197
333 174
278 242
547 65
206 164
205 417
60 454
38 99
433 586
318 46
80 522
303 550
209 97
597 28
34 440
465 87
296 601
205 207
124 333
85 313
509 81
241 361
1 343
140 374
450 293
553 227
407 367
13 119
499 409
511 87
17 470
455 144
36 109
390 52
141 250
238 59
462 291
365 10
411 181
71 261
506 305
366 343
112 393
427 14
5 141
603 221
522 540
27 181
204 434
434 535
150 37
217 556
417 408
432 375
465 491
69 349
188 518
218 92
434 200
429 313
398 86
176 569
406 172
145 529
463 365
189 517
92 63
103 269
107 242
429 525
236 427
606 351
369 177
176 580
224 204
111 221
401 392
503 280
595 503
314 8
594 171
318 491
509 234
315 602
146 44
138 178
199 487
596 486
464 504
153 591
105 379
388 57
155 476
302 165
327 503
366 97
598 271
146 549
254 60
538 135
249 253
446 223
531 226
55 98
387 14
309 568
160 370
472 607
365 347
239 117
464 408
11 86
36 73
332 335
365 183
534 25
295 248
427 442
441 492
89 598
348 494
98 465
170 540
470 294
149 463
96 421
341 468
555 286
572 507
76 417
456 31
245 604
308 407
6 216
480 120
134 586
516 23
428 196
142 27
270 372
156 64
57 503
255 522
205 270
305 60
226 569
270 532
297 551
221 19
57 276
75 501
598 385
127 467
223 283
2 227
466 45
449 352
73 226
208 288
257 80
532 427
497 525
421 448
502 139
70 489
576 178
133 233
58 503
252 274
599 389
167 566
463 560
237 22
210 601
342 82
590 462
206 137
135 340
271 120
434 283
62 466
248 313
492 93
269 322
33 545
565 602
527 523
217 60
485 438
239 23
168 218
458 98
422 231
295 219
65 90
426 447
77 484
511 560
437 41
114 169
274 580
386 159
324 198
294 407
410 78
75 484
463 175
454 482
543 185
409 167
141 443
306 586
26 137
206 574
597 487
499 106
345 405
363 485
408 324
7 487
361 54
23 248
310 530
495 164
556 423
448 135
402 378
359 457
449 257
303 88
172 78
502 606
549 14
481 196
386 46
222 298
153 544
283 4
136 288
124 41
367 572
275 239
292 526
45 170
478 63
290 149
417 513
230 394
314 237
106 272
568 52
249 23
65 106
492 558
184 457
541 221
174 503
504 341
577 334
577 163
236 45
298 135
473 227
378 276
374 396
374 8
385 17
47 242
228 494
176 55
124 404
324 468
465 131
499 353
555 146
233 605
112 131
436 143
251 14
530 361
481 176
357 592
42 60
568 184
62 461
430 552
197 530
229 373
307 519
95 402
118 395
451 13
97 251
490 65
568 101
394 578
283 546
413 298
433 51
192 513
164 543
373 520
24 58
607 370
597 159
30 88
322 368
275 82
257 243
484 115
539 155
317 289
78 582
184 511
576 219
165 581
163 161
315 591
599 323
194 2
601 315
245 523
151 167
394 571
239 222
199 184
154 116
19 494
2 506
65 139
11 145
595 365
154 66
60 313
565 286
82 521
592 286
177 114
412 72
480 45
133 205
218 188
227 580
0 81
225 227
85 422
578 11
87 23
537 235
498 494
64 304
368 337
388 132
544 366
512 458
590 152
126 322
88 380
588 100
15 232
491 174
599 36
409 368
521 77
490 553
128 123
418 3
386 457
321 442
96 527
118 250
283 584
259 74
410 592
386 9
368 268
339 301
277 23
318 507
212 102
361 571
413 448
346 540
438 330
387 592
180 560
340 545
48 140
558 161
469 494
77 151
44 508
10 236
222 473
76 504
78 464
501 530
231 582
147 490
438 485
551 507
274 325
4 565
75 412
156 184
139 497
518 360
565 527
224 605
587 327
114 541
433 328
8 380
474 172
11 28
150 155
516 332
25 487
360 91
608 542
458 483
232 482
448 105
529 529
41 289
560 267
374 397
373 283
176 340
551 67
505 215
105 497
261 312
172 136
393 258
229 450
363 453
596 450
130 122
71 228
7 148
474 37
193 89
237 525
412 176
172 379
153 278
111 259
169 15
216 370
208 564
540 511
165 22
384 352
597 262
267 261
556 367
530 604
266 253
278 328
255 450
35 98
301 590
474 390
573 454
353 179
103 482
439 56
122 247
145 275
400 58
375 476
529 138
2 231
456 5
307 565
608 367
424 297
268 45
362 420
543 340
587 209
402 384
362 46
457 328
374 459
6 396
128 273
545 110
208 172
568 471
97 601
488 99
565 69
434 471
560 114
214 431
338 586
219 164
6 231
447 245
126 8
345 58
164 541
193 587
452 255
512 83
434 372
279 366
505 456
150 400
206 16
496 603
429 485
126 164
10 265
494 338
139 112
544 70
457 101
72 500
1 24
377 578
148 114
447 112
459 359
462 363
23 543
294 296
26 3
26 97
125 60
211 433
512 106
598 591
32 96
117 183
233 149
545 9
508 518
282 316
457 70
422 536
265 509
69 3
107 100
470 407
210 185
522 26
286 119
546 503
462 368
399 589
367 189
96 67
272 280
27 116
598 255
462 469
426 463
44 343
100 504
485 318
395 187
583 132
371 263
24 76
374 65
15 1
109 472
386 413
34 62
293 484
464 397
147 564
414 542
382 219
77 532
42 15
67 445
89 113
32 468
308 605
547 217
571 519
197 463
460 335
147 18
595 44
509 164
284 76
276 489
370 294
78 552
531 284
137 186
467 105
138 177
598 411
496 321
537 405
335 280
305 134
182 604
186 382
279 405
204 23
336 339
219 156
25 224
188 419
439 165
173 495
608 128
117 346
490 157
10 302
373 199
309 84
517 561
408 291
38 344
309 503
263 311
447 473
28 539
443 346
44 603
97 44
381 246
589 421
419 372
410 174
161 117
472 260
230 372
526 555
409 315
54 120
589 585
131 249
150 68
426 27
408 481
527 315
88 431
120 403
558 152
393 119
227 578
228 71
506 462
348 166
113 538
32 274
297 16
464 91
430 413
590 470
256 361
382 190
451 548
74 30
535 502
130 43
415 548
537 197
142 383
494 52
187 22
321 174
286 503
245 579
198 532
454 491
128 257
413 49
227 178
572 100
392 384
241 101
122 210
391 558
110 389
104 485
15 47
71 39
33 498
367 475
220 450
92 604
578 16
277 330
557 479
329 217
540 469
67 324
206 18
41 602
30 123
371 113
19 294
551 374
344 228
118 6
471 109
543 220
196 510
577 176
70 368
480 282
533 400
470 579
277 83
154 42
557 78
413 495
262 538
467 237
231 433
54 172
85 36
501 424
188 40
586 510
190 317
200 403
117 305
266 238
356 434
431 520
279 291
50 285
56 19
75 597
426 447
467 41
485 37
581 444
215 400
503 278
342 127
48 386
420 79
130 292
329 272
306 366
440 167
69 541
463 11
388 469
411 283
594 274
263 196
216 509
81 200
196 187
384 115
500 185
129 324
469 535
397 292
419 330
80 325
303 398
216 511
218 68
555 343
365 257
398 460
276 558
387 162
416 492
108 311
567 369
80 247
123 601
317 549
254 255
520 503
358 132
260 444
293 367
423 355
128 327
195 153
480 454
289 521
28 396
577 228
435 279
366 73
377 497
546 414
239 236
354 170
155 594
208 288
167 126
588 275
201 178
428 573
378 223
175 103
134 88
502 555
352 117
23 440
172 500
438 587
174 576