62
309
0,
1,
2,
3,
4,
5,
6,
7,
8,
9,
10,
11,
12,
13,
14,
15,
16,
17,
18,
19,
20,
21,
22,
23,
24,
25,
26,
27,
28,
29,
30,
31,
32,
33,
34,
35,
36,
37,
38,
39,
40,
41,
42,
43,
44,
45,
46,
47,
48,
49,
50,
51,
52,
53,
54,
55,
56,
57,
58,
59,
60,
61
48 44
44 19
19 39
39 34
34 41
41 57
57 27
27 38
38 15
15 51
51 8
8 22
22 9
9 25
25 0
0 31
31 23
23 3
3 30
30 5
5 37
37 4
4 6
6 40
40 18
18 42
42 60
60 54
54 47
47 56
56 32
32 2
2 29
29 46
46 1
1 49
49 11
11 52
52 26
26 17
17 10
10 7
7 13
13 16
16 12
12 50
50 24
24 35
35 14
14 43
43 28
28 45
45 36
36 61
61 58
58 55
55 20
20 33
33 59
59 21
21 53
23 56
39 27
54 58
56 13
15 52
61 3
35 14
52 7
32 28
35 18
42 39
48 48
49 17
52 59
31 60
3 58
52 58
24 41
20 12
43 0
35 42
11 24
7 9
24 33
37 44
46 35
18 24
32 0
8 50
30 59
34 4
10 45
30 1
44 15
27 51
55 61
6 15
34 0
2 11
43 15
8 54
34 14
47 12
49 15
51 0
30 33
20 45
27 50
38 14
32 54
4 15
46 56
9 7
42 26
7 23
24 32
21 6
24 33
40 18
7 18
10 33
2 51
7 24
43 53
2 55
32 20
37 32
43 49
33 57
48 16
61 56
38 38
60 2
22 59
3 2
55 45
31 46
30 58
1 8
40 18
59 37
37 21
35 28
19 22
19 0
28 54
39 25
27 44
44 18
2 44
41 19
48 56
6 18
48 38
57 58
58 43
25 18
30 8
60 21
42 12
31 45
53 46
23 46
59 32
20 12
50 51
2 58
29 58
4 61
6 18
42 32
36 47
48 41
54 6
49 9
58 30
10 17
34 46
5 21
21 9
30 44
19 43
47 41
38 60
55 59
37 14
16 38
0 58
14 35
52 24
14 32
58 51
46 10
45 38
8 47
25 11
59 14
29 53
38 6
38 25
53 0
3 44
23 33
8 42
49 5
37 41
50 48
10 51
60 37
36 60
34 36
26 17
3 1
60 31
18 7
25 31
31 59
1 48
26 49
24 23
2 57
43 19
22 20
4 35
40 16
27 9
27 30
41 30
42 22
20 58
60 32
31 27
36 1
8 56
13 40
19 16
47 59
42 26
61 31
54 44
10 59
53 1
15 7
39 30
60 58
20 28
19 3
42 48
25 11
43 0
40 60
24 28
56 37
21 57
53 30
18 3
20 16
43 45
3 6
56 31
14 7
43 25
6 10
33 52
13 42
8 16
33 4
15 46
7 33
34 34
36 43
31 10
27 7
56 52
32 48
45 3
2 35
46 30
7 21
61 12
53 25
10 20
61 23
61 35
25 30
6 57
35 22
21 23
38 52
6 21
2 4
16 27
4 32
35 37
39 57
13 42
7 38
30 35
55 9
17 17
39 26
46 29
27 15
49 2
38 42
5 38
7 14
19 44