630
3149
0,
1,
2,
3,
4,
5,
6,
7,
8,
9,
10,
11,
12,
13,
14,
15,
16,
17,
18,
19,
20,
21,
22,
23,
24,
25,
26,
27,
28,
29,
30,
31,
32,
33,
34,
35,
36,
37,
38,
39,
40,
41,
42,
43,
44,
45,
46,
47,
48,
49,
50,
51,
52,
53,
54,
55,
56,
57,
58,
59,
60,
61,
62,
63,
64,
65,
66,
67,
68,
69,
70,
71,
72,
73,
74,
75,
76,
77,
78,
79,
80,
81,
82,
83,
84,
85,
86,
87,
88,
89,
90,
91,
92,
93,
94,
95,
96,
97,
98,
99,
100,
101,
102,
103,
104,
105,
106,
107,
108,
109,
110,
111,
112,
113,
114,
115,
116,
117,
118,
119,
120,
121,
122,
123,
124,
125,
126,
127,
128,
129,
130,
131,
132,
133,
134,
135,
136,
137,
138,
139,
140,
141,
142,
143,
144,
145,
146,
147,
148,
149,
150,
151,
152,
153,
154,
155,
156,
157,
158,
159,
160,
161,
162,
163,
164,
165,
166,
167,
168,
169,
170,
171,
172,
173,
174,
175,
176,
177,
178,
179,
180,
181,
182,
183,
184,
185,
186,
187,
188,
189,
190,
191,
192,
193,
194,
195,
196,
197,
198,
199,
200,
201,
202,
203,
204,
205,
206,
207,
208,
209,
210,
211,
212,
213,
214,
215,
216,
217,
218,
219,
220,
221,
222,
223,
224,
225,
226,
227,
228,
229,
230,
231,
232,
233,
234,
235,
236,
237,
238,
239,
240,
241,
242,
243,
244,
245,
246,
247,
248,
249,
250,
251,
252,
253,
254,
255,
256,
257,
258,
259,
260,
261,
262,
263,
264,
265,
266,
267,
268,
269,
270,
271,
272,
273,
274,
275,
276,
277,
278,
279,
280,
281,
282,
283,
284,
285,
286,
287,
288,
289,
290,
291,
292,
293,
294,
295,
296,
297,
298,
299,
300,
301,
302,
303,
304,
305,
306,
307,
308,
309,
310,
311,
312,
313,
314,
315,
316,
317,
318,
319,
320,
321,
322,
323,
324,
325,
326,
327,
328,
329,
330,
331,
332,
333,
334,
335,
336,
337,
338,
339,
340,
341,
342,
343,
344,
345,
346,
347,
348,
349,
350,
351,
352,
353,
354,
355,
356,
357,
358,
359,
360,
361,
362,
363,
364,
365,
366,
367,
368,
369,
370,
371,
372,
373,
374,
375,
376,
377,
378,
379,
380,
381,
382,
383,
384,
385,
386,
387,
388,
389,
390,
391,
392,
393,
394,
395,
396,
397,
398,
399,
400,
401,
402,
403,
404,
405,
406,
407,
408,
409,
410,
411,
412,
413,
414,
415,
416,
417,
418,
419,
420,
421,
422,
423,
424,
425,
426,
427,
428,
429,
430,
431,
432,
433,
434,
435,
436,
437,
438,
439,
440,
441,
442,
443,
444,
445,
446,
447,
448,
449,
450,
451,
452,
453,
454,
455,
456,
457,
458,
459,
460,
461,
462,
463,
464,
465,
466,
467,
468,
469,
470,
471,
472,
473,
474,
475,
476,
477,
478,
479,
480,
481,
482,
483,
484,
485,
486,
487,
488,
489,
490,
491,
492,
493,
494,
495,
496,
497,
498,
499,
500,
501,
502,
503,
504,
505,
506,
507,
508,
509,
510,
511,
512,
513,
514,
515,
516,
517,
518,
519,
520,
521,
522,
523,
524,
525,
526,
527,
528,
529,
530,
531,
532,
533,
534,
535,
536,
537,
538,
539,
540,
541,
542,
543,
544,
545,
546,
547,
548,
549,
550,
551,
552,
553,
554,
555,
556,
557,
558,
559,
560,
561,
562,
563,
564,
565,
566,
567,
568,
569,
570,
571,
572,
573,
574,
575,
576,
577,
578,
579,
580,
581,
582,
583,
584,
585,
586,
587,
588,
589,
590,
591,
592,
593,
594,
595,
596,
597,
598,
599,
600,
601,
602,
603,
604,
605,
606,
607,
608,
609,
610,
611,
612,
613,
614,
615,
616,
617,
618,
619,
620,
621,
622,
623,
624,
625,
626,
627,
628,
629
249 308
308 484
484 150
150 376
376 494
494 411
411 328
328 597
597 407
407 574
574 338
338 266
266 374
374 326
326 20
20 16
16 143
143 536
536 485
485 502
502 549
549 99
99 272
272 146
146 295
295 622
622 564
564 176
176 103
103 189
189 126
126 383
383 212
212 186
186 507
507 572
572 415
415 604
604 450
450 586
586 147
147 548
548 78
78 263
263 587
587 312
312 246
246 414
414 17
17 449
449 227
227 229
229 75
75 149
149 168
168 576
576 81
81 398
398 104
104 466
466 50
50 341
341 566
566 526
526 35
35 559
559 627
627 393
393 397
397 489
489 608
608 240
240 118
118 95
95 70
70 204
204 310
310 452
452 447
447 575
575 260
260 145
145 490
490 294
294 512
512 408
408 355
355 21
21 18
18 373
373 213
213 190
190 384
384 473
473 336
336 370
370 508
508 31
31 493
493 94
94 19
19 210
210 2
2 51
51 344
344 409
409 629
629 38
38 14
14 117
117 139
139 497
497 125
125 413
413 257
257 123
123 545
545 41
41 461
461 13
13 278
278 589
589 339
339 504
504 613
613 501
501 280
280 367
367 331
331 129
129 404
404 62
62 223
223 602
602 345
345 612
612 609
609 248
248 557
557 406
406 375
375 230
230 252
252 538
538 161
161 301
301 11
11 60
60 203
203 358
358 321
321 424
424 523
523 77
77 618
618 357
357 309
309 568
568 488
488 91
91 171
171 590
590 346
346 607
607 395
395 172
172 277
277 58
58 600
600 598
598 500
500 391
391 460
460 15
15 209
209 577
577 524
524 214
214 438
438 472
472 254
254 517
517 131
131 262
262 487
487 208
208 506
506 141
141 541
541 71
71 64
64 175
175 479
479 496
496 405
405 486
486 520
520 543
543 448
448 279
279 245
245 48
48 88
88 319
319 167
167 127
127 106
106 560
560 206
206 23
23 47
47 571
571 205
205 44
44 581
581 135
135 582
582 24
24 567
567 431
431 235
235 52
52 614
614 535
535 426
426 443
443 251
251 137
137 79
79 594
594 183
183 351
351 528
528 403
403 353
353 337
337 22
22 400
400 155
155 332
332 179
179 151
151 282
282 361
361 201
201 63
63 298
298 592
592 468
468 37
37 435
435 281
281 195
195 244
244 478
478 182
182 12
12 32
32 467
467 366
366 495
495 157
157 215
215 537
537 533
533 197
197 606
606 270
270 454
454 371
371 510
510 83
83 247
247 121
121 232
232 166
166 561
561 547
547 530
530 503
503 265
265 233
233 340
340 220
220 525
525 5
5 198
198 271
271 292
292 256
256 49
49 288
288 562
562 65
65 327
327 532
532 84
84 521
521 555
555 320
320 236
236 69
69 284
284 181
181 28
28 437
437 291
291 178
178 518
518 593
593 101
101 396
396 80
80 8
8 191
191 128
128 330
330 6
6 218
218 46
46 615
615 362
362 311
311 527
527 194
194 552
552 225
225 1
1 529
529 200
200 313
313 119
119 505
505 491
491 421
421 625
625 53
53 34
34 9
9 360
360 120
120 372
372 264
264 285
285 116
116 451
451 136
136 429
429 471
471 269
269 458
458 226
226 192
192 620
620 305
305 160
160 170
170 364
364 113
113 109
109 211
211 469
469 185
185 239
239 302
302 238
238 477
477 66
66 481
481 623
623 363
363 628
628 333
333 427
427 417
417 253
253 422
422 154
154 86
86 273
273 439
439 442
442 379
379 39
39 237
237 293
293 509
509 115
115 382
382 580
580 385
385 111
111 231
231 42
42 445
445 43
43 162
162 420
420 352
352 90
90 299
299 455
455 193
193 553
553 307
307 585
585 410
410 401
401 588
588 72
72 169
169 453
453 268
268 142
142 556
556 234
234 418
418 25
25 7
7 217
217 289
289 228
228 511
511 196
196 499
499 180
180 388
388 578
578 513
513 112
112 584
584 267
267 436
436 100
100 224
224 583
583 140
140 61
61 55
55 243
243 419
419 441
441 611
611 423
423 476
476 551
551 573
573 122
122 540
540 222
222 349
349 92
92 390
390 105
105 531
531 475
475 68
68 483
483 563
563 428
428 124
124 444
444 416
416 492
492 399
399 317
317 33
33 36
36 359
359 300
300 159
159 432
432 74
74 29
29 595
595 258
258 216
216 365
365 369
369 3
3 316
316 188
188 54
54 97
97 412
412 177
177 219
219 440
440 40
40 56
56 26
26 322
322 187
187 425
425 290
290 462
462 558
558 221
221 130
130 296
296 82
82 27
27 335
335 30
30 10
10 202
202 314
314 297
297 619
619 624
624 387
387 601
601 286
286 605
605 184
184 4
4 134
134 259
259 356
356 303
303 255
255 378
378 343
343 98
98 534
534 304
304 348
348 539
539 85
85 498
498 347
347 173
173 323
323 324
324 199
199 93
93 456
456 261
261 514
514 275
275 544
544 325
325 110
110 626
626 617
617 283
283 386
386 368
368 596
596 591
591 108
108 550
550 73
73 616
616 389
389 152
152 306
306 354
354 76
76 446
446 522
522 153
153 165
165 464
464 329
329 457
457 163
163 434
434 579
579 59
59 156
156 67
67 138
138 546
546 96
96 480
480 250
250 394
394 45
45 569
569 470
470 0
0 107
107 342
342 287
287 542
542 174
174 276
276 318
318 516
516 603
603 519
519 207
207 164
164 570
570 381
381 350
350 241
241 89
89 392
392 459
459 57
57 621
621 102
102 402
402 144
144 482
482 565
565 465
465 380
380 334
334 148
148 377
377 463
463 554
554 315
315 515
515 87
87 474
474 158
158 133
133 274
274 610
610 433
433 599
599 430
430 132
132 242
242 114
411 443
253 126
94 75
347 219
312 3
270 327
449 74
267 424
127 554
385 95
310 149
605 406
382 194
158 600
397 282
100 412
366 572
312 330
215 16
245 465
59 323
602 200
106 627
373 272
248 156
49 587
596 240
363 117
443 110
563 138
339 486
553 234
548 337
107 610
438 285
511 31
270 98
136 243
568 572
79 196
509 277
23 148
31 320
454 103
509 173
510 195
454 448
272 427
465 224
77 538
495 80
372 50
258 195
214 627
340 367
435 252
215 221
442 604
270 55
501 557
533 61
234 272
87 618
86 114
266 259
367 14
573 396
276 57
369 6
123 260
229 162
39 477
522 417
370 285
122 540
256 572
622 174
250 31
45 596
86 106
244 434
445 177
105 24
490 123
100 30
453 26
88 99
410 531
71 273
548 620
129 76
462 524
449 228
48 261
206 35
16 116
285 317
152 51
252 148
303 230
132 222
560 224
328 63
122 408
265 449
524 105
237 82
399 243
428 416
76 380
82 213
566 213
312 611
11 383
95 12
25 535
208 75
60 33
486 334
464 625
157 54
216 401
207 392
297 491
588 0
481 546
79 404
115 288
534 412
553 154
98 521
384 261
622 285
12 226
107 482
298 338
24 140
480 324
14 599
126 439
41 425
235 187
12 159
352 24
297 277
136 401
621 554
485 150
405 584
141 323
566 369
60 160
260 240
464 61
267 265
290 25
363 241
10 52
4 414
600 36
308 501
66 315
623 34
321 454
24 75
596 107
485 20
149 228
25 185
203 564
215 139
77 240
264 512
558 458
10 240
241 62
10 58
114 51
326 17
156 253
588 439
433 402
21 330
350 190
185 101
591 489
177 576
218 110
282 142
399 293
165 141
100 51
272 101
80 91
17 38
235 271
329 604
251 109
332 215
72 424
578 598
128 336
5 327
152 168
507 497
423 181
501 558
621 193
305 187
388 552
509 185
171 378
444 410
504 297
215 320
371 398
149 415
56 246
64 36
24 535
456 237
376 510
549 358
45 77
227 586
74 599
366 144
323 51
223 44
293 27
139 616
351 579
372 367
71 97
603 1
460 124
98 40
495 53
525 46
613 60
381 468
79 260
565 570
160 24
142 441
207 294
489 45
134 376
473 228
569 175
576 329
7 522
530 377
375 622
369 177
494 319
327 207
463 370
402 512
64 38
53 412
417 479
421 562
55 411
34 462
51 428
99 313
502 393
208 560
350 133
623 71
486 252
117 410
226 546
179 166
361 298
343 69
135 136
344 497
27 431
622 24
535 427
359 491
10 308
17 303
590 575
522 551
105 588
540 593
567 545
465 339
188 145
548 134
85 258
282 248
241 326
75 222
503 392
388 12
184 574
354 33
72 321
107 443
309 423
119 16
323 119
372 558
541 331
155 505
587 467
129 499
29 241
365 393
513 147
40 355
608 151
611 589
360 459
285 375
508 607
22 169
82 87
581 335
588 225
165 237
374 76
135 250
122 128
287 252
96 111
144 530
547 436
583 472
533 374
536 88
480 371
587 424
600 110
562 319
51 439
137 304
211 328
522 109
504 16
400 299
202 217
210 138
589 515
267 374
269 629
624 32
477 457
226 398
508 225
69 242
544 324
274 212
450 240
25 170
0 330
276 468
105 135
317 496
244 47
146 143
397 200
143 552
164 588
402 3
497 60
601 427
565 314
144 581
169 194
261 475
183 262
418 458
275 348
608 386
186 4
150 40
8 540
557 101
268 365
519 73
295 395
354 411
345 77
410 246
521 271
226 227
68 377
348 292
47 17
567 337
264 543
200 199
357 468
39 280
492 515
12 573
308 230
312 482
220 240
546 527
102 201
599 404
32 144
73 221
3 341
338 479
129 294
416 501
606 309
148 95
102 238
299 316
426 459
57 486
29 122
17 185
463 389
499 557
420 458
281 157
496 422
242 470
306 410
437 484
239 582
476 219
48 379
0 235
402 485
534 563
254 418
310 90
16 275
276 42
293 497
341 497
564 552
337 337
542 270
174 132
47 127
215 23
90 503
445 538
619 465
100 502
49 309
542 389
553 116
61 225
520 212
626 248
450 401
63 43
386 511
626 555
89 130
27 472
491 143
72 271
261 424
78 609
425 500
1 135
1 36
45 408
431 101
288 83
269 437
475 374
558 238
123 618
557 537
85 562
91 533
508 396
431 289
534 284
40 165
320 19
571 342
351 344
397 415
316 379
447 397
549 356
358 249
161 361
510 567
481 467
178 548
306 253
6 444
492 69
133 525
380 120
322 158
601 617
213 412
335 387
114 423
97 558
311 248
239 319
314 90
528 504
295 605
516 101
442 2
518 394
53 529
251 463
338 607
239 481
414 436
306 152
228 30
563 347
553 416
341 182
550 348
7 326
623 580
538 113
221 86
399 485
462 7
531 558
222 99
68 414
235 551
185 331
415 80
602 101
626 590
602 588
596 127
561 551
459 288
74 565
149 318
29 374
51 104
38 293
445 257
44 375
137 52
266 140
167 306
463 158
240 566
176 535
265 377
96 536
36 467
609 423
527 217
65 557
74 562
542 305
597 252
331 46
17 302
47 70
613 226
289 97
401 273
503 456
313 412
595 331
64 241
174 178
610 313
521 550
194 317
172 313
290 219
594 16
78 580
557 339
67 170
145 211
427 517
548 571
455 588
59 466
517 67
378 296
469 607
232 621
42 101
551 318
119 43
463 116
254 317
320 493
524 120
14 111
34 323
343 291
102 471
61 29
195 483
222 519
118 442
569 503
147 124
566 40
526 397
609 85
604 129
289 560
511 564
459 213
481 285
254 271
588 179
222 384
206 255
302 76
399 576
353 76
557 289
102 511
247 569
345 402
228 368
246 598
483 215
145 442
529 178
68 88
186 312
408 596
526 459
2 425
363 197
423 155
98 419
320 148
401 581
163 612
581 82
582 512
460 130
129 213
33 349
335 161
516 16
221 534
531 149
231 344
329 189
23 597
183 367
296 132
21 149
375 603
610 45
562 308
150 573
26 395
140 211
253 259
577 147
182 76
504 109
217 59
233 64
577 575
239 67
265 486
418 263
320 329
498 85
203 378
393 566
427 0
450 170
421 462
558 21
580 307
543 481
121 138
415 224
264 238
119 23
303 453
179 494
582 575
116 236
245 39
12 526
178 189
75 312
241 244
51 459
444 177
306 81
10 385
327 23
209 445
383 59
107 76
84 171
547 614
334 112
332 381
560 505
156 411
399 173
203 346
579 1
413 32
11 87
267 119
143 497
584 538
106 459
163 365
308 574
389 181
290 545
493 36
232 497
186 618
565 411
330 366
123 201
447 520
585 507
121 350
102 429
467 583
497 195
329 419
47 402
21 196
350 277
564 441
173 218
621 414
299 615
329 464
333 507
620 280
24 458
332 456
346 422
420 394
330 565
129 484
70 129
565 287
237 251
609 495
569 32
208 251
377 235
247 616
493 64
202 620
311 520
319 258
510 43
549 342
219 393
359 314
483 34
381 135
520 427
316 391
490 205
364 451
117 588
86 51
294 510
366 303
362 219
429 159
328 396
602 268
564 314
498 10
158 101
514 104
363 235
250 461
161 347
547 438
324 75
172 541
546 377
575 311
369 345
136 294
370 547
54 41
285 499
577 251
86 440
196 548
295 493
498 356
434 528
629 616
195 291
71 603
64 538
268 139
226 270
629 53
254 331
171 476
286 221
155 578
97 292
230 1
384 137
368 359
107 518
495 190
361 470
225 174
486 480
311 552
558 384
17 242
8 608
298 436
101 437
216 556
606 188
44 25
206 159
395 61
472 608
346 218
129 606
409 191
474 478
325 190
267 105
207 241
22 384
53 252
208 92
87 333
207 3
597 172
164 273
232 431
517 393
55 349
220 284
334 603
315 465
536 143
270 69
2 425
370 265
452 620
196 135
293 97
576 182
303 478
155 199
39 416
147 79
581 128
101 609
498 513
54 337
106 375
470 21
260 610
512 576
386 561
166 596
382 594
83 606
228 618
497 88
560 162
595 112
438 571
490 78
230 215
94 67
58 420
132 67
386 116
590 286
322 516
320 225
98 495
217 508
413 347
296 337
558 222
155 424
383 48
136 152
99 325
39 110
295 190
616 486
247 606
395 526
180 541
211 24
509 615
473 13
71 521
196 346
270 357
529 461
224 56
220 21
137 154
312 341
261 474
176 422
81 310
269 242
286 394
628 474
29 216
6 72
503 363
239 541
457 570
29 190
457 216
283 533
450 286
484 28
37 31
85 262
352 3
473 361
33 101
127 559
397 122
61 343
239 345
51 378
253 320
177 622
277 499
363 430
250 623
574 214
317 140
136 348
136 310
21 208
91 583
474 570
357 251
540 297
310 242
175 49
424 571
269 6
577 220
471 599
126 281
109 320
308 421
107 377
620 302
499 362
328 454
545 536
257 106
555 110
605 111
255 274
29 611
211 157
230 553
532 355
509 347
570 495
569 449
513 234
154 411
131 108
155 418
457 212
62 163
428 616
315 81
563 110
464 467
512 358
226 231
336 608
78 581
153 368
223 187
387 336
468 216
29 316
587 68
69 313
57 515
245 318
40 246
223 257
132 598
52 309
245 197
559 89
145 84
325 323
205 38
252 361
383 484
195 112
71 297
338 597
111 134
620 561
628 191
421 293
153 124
182 13
586 92
427 271
386 617
176 360
539 24
372 117
587 432
356 137
80 499
310 239
18 147
178 354
531 232
223 327
413 103
164 353
44 366
372 327
89 197
540 106
234 354
496 162
594 159
416 49
614 621
553 573
302 82
313 294
225 172
449 301
308 399
202 52
393 289
411 314
129 584
427 524
327 41
500 74
97 177
141 489
482 92
320 183
597 194
175 541
351 52
537 37
139 151
323 540
307 283
254 55
227 199
575 217
411 438
123 120
430 625
469 483
523 535
276 296
139 134
123 175
5 147
397 30
596 587
533 190
618 204
168 332
580 84
141 441
511 537
565 53
36 492
390 223
374 549
353 268
494 332
235 458
2 325
407 355
454 101
586 101
303 318
343 524
614 5
427 508
357 590
495 107
588 286
341 65
344 559
93 193
117 16
576 58
438 439
298 397
214 298
430 29
76 123
402 613
489 26
516 281
292 380
361 270
35 510
595 587
520 51
108 428
290 452
97 592
225 335
576 118
279 486
224 438
5 122
624 581
339 337
263 135
377 148
304 379
511 221
433 109
271 457
96 614
453 180
462 172
242 376
76 556
167 1
564 548
560 421
227 316
322 538
119 92
413 157
209 553
386 322
99 141
71 187
443 166
602 417
257 354
124 160
458 300
277 307
224 515
283 46
365 53
41 111
398 270
475 170
213 23
451 143
107 440
129 579
367 149
11 15
478 470
546 47
457 81
115 210
450 256
603 114
189 325
366 358
371 452
582 589
565 291
185 201
558 444
370 501
556 617
532 22
5 564
570 173
243 410
182 138
473 60
482 336
583 593
397 72
140 306
479 331
52 139
358 569
307 581
82 515
572 545
334 422
429 616
335 201
236 518
300 4
239 488
31 241
183 187
211 239
64 224
33 168
414 575
57 328
396 359
268 381
266 184
576 424
612 208
448 164
621 535
227 205
45 40
87 299
281 98
544 393
532 330
320 103
61 175
547 614
384 72
587 101
104 208
55 175
148 540
92 366
242 1
390 527
387 564
268 202
250 386
155 351
594 243
33 307
452 94
446 455
354 115
81 447
528 81
77 534
139 613
564 455
245 163
439 354
9 401
81 105
405 364
566 373
64 183
70 222
111 215
256 237
202 216
303 286
381 234
79 288
153 327
495 109
154 406
495 335
140 53
163 147
38 277
525 183
387 426
289 364
222 306
436 262
569 338
584 367
112 303
370 367
162 119
581 545
182 274
511 300
81 47
122 509
160 625
79 314
320 506
210 590
26 110
369 235
325 614
130 332
575 285
226 194
551 580
315 73
590 103
163 547
365 310
452 542
397 478
342 46
416 220
483 571
555 359
547 120
496 556
267 265
303 298
367 513
221 302
290 358
434 344
533 277
239 141
99 97
586 628
213 174
623 435
8 103
67 294
70 214
369 360
260 625
562 400
73 397
184 541
12 628
77 612
35 482
43 164
336 496
150 85
260 369
228 108
5 183
33 529
154 563
38 320
207 175
69 161
546 179
563 476
625 401
144 199
181 366
290 175
589 322
435 432
188 48
557 328
112 456
346 513
374 100
109 81
291 314
373 528
291 188
62 545
17 473
314 252
28 306
60 41
582 39
172 501
564 325
357 10
409 538
343 482
395 169
505 480
439 60
444 322
543 423
587 244
603 259
19 132
438 602
508 247
84 59
269 345
391 80
533 602
541 523
371 360
240 569
353 430
208 198
213 492
611 502
308 439
71 214
431 537
535 203
402 595
66 467
546 73
623 241
153 191
279 313
210 188
68 303
425 215
364 65
549 135
374 257
397 126
297 618
536 77
485 151
42 47
357 362
39 532
230 463
571 296
593 569
255 109
23 149
125 280
517 118
401 578
147 494
121 299
22 92
437 494
472 472
607 539
541 76
73 343
93 427
374 253
212 193
90 25
397 279
177 314
144 213
552 369
12 310
266 577
493 495
142 410
443 193
56 191
366 92
10 217
11 433
166 238
19 60
258 478
380 189
442 495
595 7
549 23
610 237
323 199
160 529
152 179
351 225
2 466
439 469
537 324
422 547
94 244
542 129
535 628
578 497
225 496
292 316
543 434
300 79
28 276
118 45
200 501
190 272
68 121
556 80
411 206
317 111
232 153
524 177
175 205
378 534
144 93
89 572
53 540
57 583
450 483
93 154
466 280
457 30
527 486
492 157
418 257
510 315
533 352
484 19
36 140
263 343
464 154
425 406
170 528
234 504
58 257
424 405
144 554
180 129
489 431
232 311
326 85
361 107
129 573
219 266
2 133
309 443
129 306
90 200
307 481
426 505
225 317
462 58
290 602
15 267
180 463
67 457
611 114
409 563
331 473
19 192
126 465
560 269
48 426
50 310
246 227
488 497
504 72
536 200
223 233
175 571
258 573
461 539
244 125
408 364
47 587
597 145
156 312
588 59
530 93
180 408
453 612
15 143
249 69
545 349
522 627
539 164
521 476
45 310
459 225
495 169
359 75
323 386
426 92
139 2
161 23
129 164
86 61
202 408
549 480
189 203
51 107
17 562
328 361
131 464
180 48
301 99
416 480
401 195
250 367
219 165
111 402
123 522
511 108
61 259
264 181
482 5
458 511
204 320
238 170
456 478
31 329
567 507
109 205
551 13
75 276
334 421
19 592
198 435
133 194
288 297
145 103
627 34
77 340
89 315
54 426
220 323
123 189
416 83
617 476
137 122
418 500
6 329
391 211
308 412
243 138
88 584
496 458
112 371
17 357
50 579
609 434
430 419
39 126
539 409
563 98
454 400
4 434
65 271
358 555
227 58
437 316
355 195
292 252
111 497
73 514
498 218
8 134
612 230
547 597
553 456
208 397
627 127
470 468
33 115
412 280
361 143
159 327
57 267
516 172
415 140
47 471
269 89
302 47
51 227
403 500
572 343
511 623
285 491
453 580
260 116
458 156
150 45
461 363
364 344
511 112
229 376
435 112
472 335
297 461
608 582
363 338
614 595
21 556
135 90
232 257
102 177
511 471
619 110
526 604
108 464
527 320
78 178
384 160
79 223
504 479
260 309
539 296
345 540
391 229
474 328
14 580
601 18
503 20
1 93
392 215
314 52
361 7
361 312
554 618
472 271
263 337
279 242
533 78
100 25
84 546
143 195
60 81
53 195
2 134
172 280
113 22
492 395
60 505
298 280
138 330
563 409
583 120
435 76
439 527
186 7
529 329
512 255
267 213
459 279
127 296
94 522
454 508
403 280
495 46
385 131
437 122
96 418
117 418
518 137
60 452
326 247
166 213
408 442
335 393
86 213
608 435
237 589
434 606
526 359
331 444
500 617
568 366
585 479
249 462
313 206
69 412
498 620
276 442
561 476
228 457
596 173
72 448
93 416
289 64
266 346
277 377
120 559
367 90
520 281
51 351
33 322
317 541
599 12
250 174
385 569
109 89
37 345
23 120
548 180
329 576
244 348
143 527
244 339
484 269
137 125
578 522
514 356
175 161
619 100
602 434
553 294
449 338
450 34
31 377
418 182
515 237
141 216
616 164
452 130
188 482
491 32
619 607
377 253
410 489
203 453
612 271
147 608
405 21
153 541
45 28
513 373
21 162
437 58
126 117
532 559
456 41
101 357
343 3
396 505
352 329
207 626
14 385
586 527
14 384
47 370
276 206
521 446
422 537
510 374
421 11
290 74
485 223
588 456
7 91
433 246
603 268
213 588
358 268
294 153
271 477
560 478
597 481
227 503
143 126
34 333
604 517
42 74
458 274
167 439
500 321
544 310
471 455
359 80
89 169
336 286
432 190
29 466
495 290
70 326
516 208
97 303
200 307
358 95
172 134
148 183
619 121
5 462
566 158
488 494
61 135
453 69
13 517
375 506
574 35
151 365
45 89
147 13
373 618
601 529
32 72
514 407
402 529
109 570
100 252
198 595
597 290
335 238
600 61
98 463
548 602
240 150
116 603
68 563
226 540
622 409
410 147
352 557
387 584
292 167
339 71
256 400
583 97
59 583
199 187
119 468
614 466
416 312
33 199
43 349
267 448
626 425
514 627
294 282
629 367
1 247
2 510
290 14
613 597
561 460
605 512
73 386
494 530
447 590
134 603
315 506
12 445
540 118
516 435
490 170
363 206
268 439
347 511
347 552
231 189
34 401
317 5
401 19
33 12
563 500
56 419
119 27
573 390
31 235
413 323
454 61
25 195
266 96
90 153
258 190
363 540
253 616
550 454
142 399
530 418
455 379
355 377
177 170
481 62
175 207
412 616
522 189
395 561
589 185
582 466
354 355
327 148
175 16
211 333
275 446
325 237
89 257
599 217
351 580
414 611
620 206
188 585
28 306
318 18
285 338
525 211
508 269
505 233
160 281
65 337
592 329
404 616
46 217
90 391
354 342
211 550
56 285
440 548
575 370
529 590
51 120
467 307
21 423
321 225
290 43
504 64
541 604
317 500
328 157
350 623
21 240
38 323
556 515
146 93
220 460
345 269
523 53
69 123
14 576
107 312
190 203
41 445
198 60
48 162
600 586
348 275
414 95
273 51
459 497
362 38
243 17
624 280
611 337
160 88
416 465
359 428
568 409
471 106
540 121
321 286
319 142
44 503
485 226
169 247
144 223
341 318
591 215
261 590
459 30
89 234
10 182
0 51
246 496
2 365
424 242
189 473
404 313
43 368
86 270
165 45
414 524
425 330
462 394
495 151
222 280
247 287
260 393
144 36
562 545
489 548
516 153
393 274
128 494
225 503
465 549
67 113
290 415
481 323
511 519
206 497
443 195
46 523
342 112
367 377
325 543
414 130
460 217
440 128
196 539
180 128
353 267
540 93
582 316
309 365
67 5
113 594
411 182
90 532
343 166
290 364
57 437
609 545
555 168
28 318
428 301
30 48
214 599
30 560
215 576
38 13
42 568
568 76
125 623
493 43
598 214
398 144
607 494
136 286
74 384
485 193
103 94
278 46
195 128
469 203
300 342
546 561
461 18
382 608
264 104
621 317
335 503
122 293
515 82
362 409
151 358
597 541
165 504
34 180
158 85
187 529
125 511
600 407
409 198
549 316
119 261
368 426
454 495
195 120
25 229
121 494
294 571
91 99
445 105
46 85
152 296
145 409
151 576
397 212
337 603
476 539
442 51
453 291
597 294
511 613
561 140
510 141
39 301
612 616
279 344
491 51
160 517
191 123
542 180
82 506
520 511
27 330
331 272
399 623
366 407
378 129
584 304
349 229
284 248
243 59
320 482
41 347
146 555
265 583
321 186
332 69
521 337
352 276
80 276
385 114
281 194
584 510
603 22
125 398
525 169
27 594
177 405
107 610
347 302
334 474
355 324
90 316
319 481
374 495
17 515
11 589
26 34
268 531
13 321
558 102
337 29
482 203
517 475
521 16
459 533
337 202
435 274
291 67
474 147
102 293
541 96
503 488
119 541
78 86
528 107
281 90
66 492
291 2
113 471
184 13
385 555
285 375
367 140
261 562
15 253
537 601
277 314
18 412
529 181
549 619
266 272
303 147
217 535
603 596
512 164
465 455
37 416
218 66
536 147
556 330
131 123
400 101
51 592
555 279
449 111
366 481
166 391
149 50
395 94
503 364
365 166
50 101
200 444
317 178
5 560
316 373
451 384
12 99
542 84
261 323
363 455
490 51
296 141
320 431
322 167
373 512
56 244
48 343
177 529
48 454
537 416
318 355
628 10
349 158
165 341
32 285
186 574
469 106
579 36
0 325
609 427
485 554
524 117
367 134
560 254
130 329
297 225
359 260
370 617
253 425
132 557
198 492
321 405
99 577
459 49
81 111
243 123
301 374
624 186
243 72
86 240
430 406
455 507
226 231
261 521
441 203
205 465
117 224
555 214
176 302
524 513
588 498
183 489
609 245
18 498
494 310
452 518
252 184
193 119
477 74
30 96
156 35
153 287
558 506
417 204
76 301
161 297
545 210
154 180
433 147
279 584
315 319
473 478
11 235
262 59
567 567
186 75
390 140
520 29
257 322
372 612
253 313
607 408
79 300
85 485
205 418
144 163
111 619
462 534
515 297
483 92
309 223
291 50
476 74
126 621
544 213
70 382
176 399
256 407
215 564
623 39
548 492
281 238
617 254
403 258
603 87
471 137
366 21
11 56
348 611
525 488
536 561
505 182
513 342
39 373
357 433
358 230
406 248
230 50
148 55
409 65
513 580
373 254
330 316
579 19
554 490
619 229
74 543
524 358
320 5
195 456
493 543
118 294
366 110
498 314
496 594
249 451
445 385
258 332
527 16
552 512
436 444
301 136
206 182
4 99
446 54
271 546
150 82
415 308
629 295
71 187
283 339
121 559
151 343
294 185
199 275
485 239
555 240
339 568
539 226
621 416
221 281
321 575
17 78
170 166
486 269
510 31
505 564
429 217
308 7
299 106
488 110
541 30
326 275
260 30
434 345
550 134
599 426
621 143
337 65
235 626
379 284
379 100
62 385
170 283
209 330
338 287
83 543
546 171
585 340
76 29
431 100
348 528
620 63
341 363
262 413
548 459
581 131
582 553
285 69
116 615
578 423
60 217
51 57
128 235
230 58
452 377
626 563
193 2
251 151
616 242
561 44
469 372
488 593
394 98
2 62
28 118
458 466
264 416
612 538
104 198
315 351
569 56
410 155
271 159
83 75
379 227
255 483
80 287
161 448
437 521
366 74
513 147
60 360
11 186
4 431