640
3199
0,
1,
2,
3,
4,
5,
6,
7,
8,
9,
10,
11,
12,
13,
14,
15,
16,
17,
18,
19,
20,
21,
22,
23,
24,
25,
26,
27,
28,
29,
30,
31,
32,
33,
34,
35,
36,
37,
38,
39,
40,
41,
42,
43,
44,
45,
46,
47,
48,
49,
50,
51,
52,
53,
54,
55,
56,
57,
58,
59,
60,
61,
62,
63,
64,
65,
66,
67,
68,
69,
70,
71,
72,
73,
74,
75,
76,
77,
78,
79,
80,
81,
82,
83,
84,
85,
86,
87,
88,
89,
90,
91,
92,
93,
94,
95,
96,
97,
98,
99,
100,
101,
102,
103,
104,
105,
106,
107,
108,
109,
110,
111,
112,
113,
114,
115,
116,
117,
118,
119,
120,
121,
122,
123,
124,
125,
126,
127,
128,
129,
130,
131,
132,
133,
134,
135,
136,
137,
138,
139,
140,
141,
142,
143,
144,
145,
146,
147,
148,
149,
150,
151,
152,
153,
154,
155,
156,
157,
158,
159,
160,
161,
162,
163,
164,
165,
166,
167,
168,
169,
170,
171,
172,
173,
174,
175,
176,
177,
178,
179,
180,
181,
182,
183,
184,
185,
186,
187,
188,
189,
190,
191,
192,
193,
194,
195,
196,
197,
198,
199,
200,
201,
202,
203,
204,
205,
206,
207,
208,
209,
210,
211,
212,
213,
214,
215,
216,
217,
218,
219,
220,
221,
222,
223,
224,
225,
226,
227,
228,
229,
230,
231,
232,
233,
234,
235,
236,
237,
238,
239,
240,
241,
242,
243,
244,
245,
246,
247,
248,
249,
250,
251,
252,
253,
254,
255,
256,
257,
258,
259,
260,
261,
262,
263,
264,
265,
266,
267,
268,
269,
270,
271,
272,
273,
274,
275,
276,
277,
278,
279,
280,
281,
282,
283,
284,
285,
286,
287,
288,
289,
290,
291,
292,
293,
294,
295,
296,
297,
298,
299,
300,
301,
302,
303,
304,
305,
306,
307,
308,
309,
310,
311,
312,
313,
314,
315,
316,
317,
318,
319,
320,
321,
322,
323,
324,
325,
326,
327,
328,
329,
330,
331,
332,
333,
334,
335,
336,
337,
338,
339,
340,
341,
342,
343,
344,
345,
346,
347,
348,
349,
350,
351,
352,
353,
354,
355,
356,
357,
358,
359,
360,
361,
362,
363,
364,
365,
366,
367,
368,
369,
370,
371,
372,
373,
374,
375,
376,
377,
378,
379,
380,
381,
382,
383,
384,
385,
386,
387,
388,
389,
390,
391,
392,
393,
394,
395,
396,
397,
398,
399,
400,
401,
402,
403,
404,
405,
406,
407,
408,
409,
410,
411,
412,
413,
414,
415,
416,
417,
418,
419,
420,
421,
422,
423,
424,
425,
426,
427,
428,
429,
430,
431,
432,
433,
434,
435,
436,
437,
438,
439,
440,
441,
442,
443,
444,
445,
446,
447,
448,
449,
450,
451,
452,
453,
454,
455,
456,
457,
458,
459,
460,
461,
462,
463,
464,
465,
466,
467,
468,
469,
470,
471,
472,
473,
474,
475,
476,
477,
478,
479,
480,
481,
482,
483,
484,
485,
486,
487,
488,
489,
490,
491,
492,
493,
494,
495,
496,
497,
498,
499,
500,
501,
502,
503,
504,
505,
506,
507,
508,
509,
510,
511,
512,
513,
514,
515,
516,
517,
518,
519,
520,
521,
522,
523,
524,
525,
526,
527,
528,
529,
530,
531,
532,
533,
534,
535,
536,
537,
538,
539,
540,
541,
542,
543,
544,
545,
546,
547,
548,
549,
550,
551,
552,
553,
554,
555,
556,
557,
558,
559,
560,
561,
562,
563,
564,
565,
566,
567,
568,
569,
570,
571,
572,
573,
574,
575,
576,
577,
578,
579,
580,
581,
582,
583,
584,
585,
586,
587,
588,
589,
590,
591,
592,
593,
594,
595,
596,
597,
598,
599,
600,
601,
602,
603,
604,
605,
606,
607,
608,
609,
610,
611,
612,
613,
614,
615,
616,
617,
618,
619,
620,
621,
622,
623,
624,
625,
626,
627,
628,
629,
630,
631,
632,
633,
634,
635,
636,
637,
638,
639
24 471
471 308
308 173
173 13
13 213
213 402
402 252
252 504
504 339
339 154
154 568
568 68
68 75
75 343
343 437
437 194
194 90
90 599
599 467
467 196
196 354
354 206
206 128
128 113
113 316
316 230
230 94
94 264
264 358
358 620
620 486
486 45
45 15
15 136
136 96
96 503
503 283
283 76
76 292
292 95
95 480
480 144
144 241
241 253
253 419
419 108
108 629
629 61
61 215
215 473
473 147
147 31
31 180
180 284
284 539
539 163
163 168
168 151
151 276
276 67
67 132
132 101
101 327
327 146
146 601
601 631
631 323
323 574
574 421
421 483
483 524
524 514
514 342
342 289
289 529
529 291
291 591
591 455
455 224
224 17
17 581
581 477
477 533
533 322
322 590
590 170
170 202
202 613
613 120
120 460
460 537
537 336
336 415
415 305
305 236
236 290
290 262
262 422
422 301
301 345
345 528
528 424
424 2
2 578
578 143
143 346
346 501
501 306
306 167
167 432
432 488
488 335
335 592
592 124
124 612
612 116
116 433
433 547
547 527
527 39
39 636
636 381
381 22
22 141
141 71
71 606
606 152
152 165
165 225
225 300
300 37
37 164
164 382
382 563
563 389
389 294
294 115
115 102
102 605
605 80
80 117
117 183
183 211
211 370
370 603
603 494
494 265
265 193
193 360
360 69
69 210
210 66
66 70
70 390
390 414
414 452
452 298
298 28
28 465
465 552
552 385
385 515
515 303
303 355
355 516
516 468
468 554
554 334
334 439
439 54
54 126
126 309
309 543
543 228
228 299
299 569
569 435
435 616
616 139
139 12
12 16
16 5
5 250
250 398
398 573
573 436
436 536
536 411
411 510
510 448
448 0
0 558
558 579
579 203
203 317
317 588
588 426
426 189
189 341
341 625
625 449
449 482
482 150
150 425
425 553
553 232
232 32
32 459
459 575
575 217
217 461
461 87
87 526
526 598
598 137
137 420
420 79
79 632
632 403
403 259
259 405
405 227
227 374
374 19
19 463
463 270
270 615
615 272
272 197
197 233
233 371
371 351
351 33
33 476
476 387
387 56
56 576
576 48
48 156
156 50
50 475
475 53
53 555
555 506
506 423
423 474
474 565
565 219
219 260
260 134
134 172
172 356
356 186
186 111
111 344
344 367
367 429
429 551
551 571
571 594
594 243
243 4
4 353
353 212
212 377
377 369
369 454
454 440
440 386
386 304
304 604
604 458
458 65
65 287
287 148
148 447
447 297
297 251
251 153
153 410
410 589
589 254
254 229
229 23
23 285
285 619
619 240
240 159
159 302
302 114
114 97
97 42
42 162
162 55
55 29
29 469
469 84
84 453
453 269
269 497
497 239
239 326
326 325
325 383
383 238
238 400
400 200
200 630
630 364
364 362
362 187
187 109
109 275
275 86
86 59
59 557
557 560
560 242
242 324
324 505
505 274
274 372
372 226
226 38
38 450
450 380
380 418
418 73
73 466
466 282
282 522
522 123
123 347
347 444
444 218
218 478
478 11
11 431
431 570
570 545
545 174
174 307
307 149
149 352
352 508
508 21
21 617
617 119
119 25
25 393
393 175
175 600
600 542
542 489
489 112
112 365
365 608
608 257
257 281
281 246
246 280
280 313
313 391
391 18
18 311
311 451
451 329
329 584
584 295
295 8
8 363
363 255
255 623
623 81
81 88
88 220
220 416
416 77
77 535
535 205
205 266
266 312
312 525
525 521
521 627
627 288
288 597
597 82
82 135
135 36
36 368
368 130
130 221
221 438
438 499
499 357
357 99
99 359
359 375
375 214
214 52
52 445
445 231
231 611
611 14
14 64
64 582
582 595
595 614
614 561
561 93
93 396
396 207
207 441
441 481
481 491
491 635
635 91
91 121
121 63
63 550
550 513
513 268
268 633
633 216
216 9
9 413
413 427
427 639
639 609
609 190
190 296
296 338
338 373
373 388
388 593
593 204
204 361
361 350
350 428
428 62
62 145
145 157
157 245
245 541
541 107
107 261
261 105
105 92
92 464
464 160
160 279
279 509
509 549
549 331
331 273
273 271
271 485
485 618
618 430
430 60
60 58
58 27
27 392
392 179
179 166
166 286
286 122
122 20
20 540
540 496
496 171
171 538
538 244
244 7
7 277
277 607
607 258
258 572
572 35
35 83
83 201
201 74
74 401
401 519
519 72
72 484
484 314
314 100
100 78
78 263
263 399
399 85
85 234
234 534
534 158
158 129
129 379
379 293
293 176
176 209
209 518
518 184
184 548
548 583
583 247
247 235
235 104
104 626
626 566
566 40
40 198
198 456
456 348
348 500
500 407
407 208
208 404
404 512
512 142
142 493
493 177
177 462
462 498
498 315
315 321
321 559
559 169
169 248
248 479
479 531
531 223
223 602
602 587
587 412
412 333
333 49
49 110
110 395
395 192
192 532
532 131
131 520
520 319
319 98
98 267
267 580
580 188
188 596
596 182
182 237
237 320
320 406
406 628
628 199
199 330
330 585
585 562
562 394
394 544
544 586
586 1
1 41
41 622
622 118
118 318
318 310
310 556
556 340
340 490
490 125
125 138
138 446
446 546
546 457
457 634
634 34
34 47
47 57
57 178
178 523
523 89
89 637
637 434
434 249
249 256
256 3
3 222
222 133
133 409
409 366
366 567
567 408
408 442
442 443
443 161
161 191
191 328
328 26
26 487
487 384
384 470
470 638
638 376
376 511
511 51
51 621
621 564
564 349
349 185
185 106
106 181
181 502
502 337
337 610
610 530
530 624
624 44
44 517
517 195
195 495
495 332
332 278
278 397
397 417
417 577
577 155
155 103
103 378
378 507
507 46
46 43
43 30
30 492
492 127
127 6
6 472
472 140
140 10
543 629
550 331
174 504
110 192
595 505
104 628
345 54
389 389
485 244
221 180
553 78
477 295
310 447
600 581
315 462
450 113
260 161
133 144
243 268
603 639
567 595
362 587
474 589
9 467
110 381
321 423
260 553
390 441
72 477
266 515
56 280
145 500
293 177
8 143
236 126
591 134
473 406
293 548
160 595
481 450
192 414
499 570
361 28
449 531
452 289
428 305
220 373
78 306
42 225
257 160
61 21
296 437
321 296
339 354
247 247
271 327
31 196
487 460
56 493
260 258
122 214
562 449
406 517
330 212
46 521
530 327
400 282
92 519
226 20
77 375
507 449
54 554
523 74
505 567
82 167
274 127
408 97
78 267
500 595
14 215
482 12
563 360
468 193
1 242
495 257
547 231
445 158
187 40
134 263
485 354
228 118
356 448
402 277
68 378
337 318
223 347
386 460
599 67
73 304
582 313
92 395
426 74
215 90
405 352
288 178
1 628
248 630
88 483
251 159
305 150
624 341
386 256
516 54
531 576
408 197
517 238
326 627
119 237
139 16
236 571
83 452
239 438
621 123
184 574
473 534
227 375
379 437
80 143
361 111
130 571
155 160
164 270
379 256
28 244
347 196
362 523
277 423
540 36
346 525
533 544
386 133
227 560
555 151
147 434
115 584
303 557
176 126
470 229
361 26
4 410
355 136
603 579
443 441
329 452
320 409
329 17
570 495
78 335
367 125
424 591
551 410
142 608
138 328
508 195
503 284
452 308
435 468
468 565
482 539
499 482
493 454
570 322
458 619
124 64
171 343
598 514
151 53
129 307
565 89
165 122
330 281
231 423
432 439
621 396
172 598
543 483
486 168
637 76
91 467
85 334
435 515
104 140
596 178
140 305
7 304
527 513
386 349
80 118
257 497
207 129
394 128
320 370
191 66
626 267
339 243
389 120
379 234
435 340
69 410
384 501
11 398
311 159
353 546
109 493
196 375
388 264
262 506
4 136
154 581
104 288
134 82
68 190
474 26
31 327
185 270
491 557
540 26
451 72
21 126
109 172
160 431
369 110
363 403
536 483
486 521
605 419
120 630
223 576
462 90
29 335
282 143
366 287
147 112
538 378
443 298
233 441
248 465
2 62
52 157
126 89
518 96
66 250
358 166
482 464
505 226
229 562
514 287
427 317
277 230
215 204
294 356
509 119
201 75
304 467
78 416
165 23
320 41
410 497
507 565
123 376
162 94
67 247
343 109
301 115
582 80
367 118
6 307
395 297
523 242
171 216
352 222
285 141
591 132
606 586
212 10
521 152
67 55
606 34
476 320
290 190
59 183
454 613
55 58
95 383
333 558
73 33
604 361
553 261
490 307
131 291
350 560
375 443
60 349
108 56
439 231
114 490
151 416
80 174
233 83
67 329
570 309
627 201
459 288
189 484
10 273
137 498
619 475
336 436
55 497
564 89
511 134
142 433
194 171
310 436
508 534
30 94
276 636
352 200
112 403
371 531
96 540
141 428
497 279
409 55
171 209
183 235
43 409
620 77
188 249
580 507
89 521
7 50
382 537
431 114
571 495
322 526
69 476
10 552
259 94
338 377
531 10
520 636
171 431
241 558
202 611
443 120
383 222
223 91
550 204
169 522
212 312
192 216
204 129
221 203
521 195
92 472
551 478
443 549
254 619
614 517
465 156
131 99
85 260
105 228
591 565
510 618
339 53
361 246
582 578
359 625
186 284
293 513
112 461
517 119
628 170
315 26
344 138
263 102
439 11
419 424
200 421
250 423
495 151
379 531
625 390
122 236
616 445
78 280
330 546
475 484
603 12
35 262
597 353
528 488
475 385
515 66
363 472
461 600
160 211
427 183
432 70
583 568
129 252
263 606
110 60
499 29
576 40
234 597
396 338
501 382
142 111
390 97
273 264
294 499
564 310
20 591
589 145
21 458
254 393
380 305
242 528
263 555
72 472
99 224
169 570
379 492
535 617
351 155
18 345
156 261
120 248
500 182
544 9
405 317
165 445
253 399
256 606
230 603
567 142
431 436
499 495
85 378
371 198
584 181
305 75
124 410
619 94
504 548
410 388
293 531
359 553
175 195
46 227
378 222
132 320
286 371
192 146
326 92
590 101
610 615
274 609
363 326
326 58
297 278
492 404
240 114
413 359
427 514
25 599
557 349
151 484
462 254
471 286
309 512
509 511
499 579
613 558
629 151
627 607
82 131
387 428
165 313
32 84
63 248
567 175
440 579
601 334
317 213
230 274
478 410
341 127
230 348
48 394
394 304
1 108
80 265
62 168
302 34
101 485
243 179
551 75
7 128
430 3
214 631
17 624
536 438
234 231
152 223
132 496
246 486
15 81
11 26
269 12
7 378
66 136
422 126
250 383
530 401
599 463
384 35
357 483
341 3
33 298
75 146
155 202
571 137
433 592
160 45
226 181
327 126
203 278
593 562
125 81
38 221
334 401
547 490
212 395
548 107
607 617
59 563
179 179
349 512
530 349
307 623
91 60
554 296
390 600
396 635
624 224
631 151
333 455
467 154
570 379
258 513
385 468
459 124
454 93
195 383
396 328
582 448
373 213
180 496
305 198
57 26
178 435
260 313
476 22
248 335
62 26
171 479
628 236
275 46
494 423
158 105
627 342
252 552
53 554
28 560
410 181
607 490
328 479
387 79
242 112
15 47
617 204
20 434
139 520
233 41
84 382
567 18
420 264
194 626
199 359
638 349
67 436
577 267
486 129
71 47
282 53
252 566
532 79
210 95
221 393
592 259
622 227
604 598
466 607
316 316
576 635
295 601
205 161
207 500
71 13
101 61
536 170
405 635
155 570
326 44
449 251
222 407
545 345
452 15
124 107
177 24
487 299
54 105
374 454
221 637
264 452
479 597
8 194
530 117
386 332
488 512
184 520
41 420
107 402
172 274
30 486
182 387
442 396
173 304
340 215
290 285
336 60
177 524
584 562
447 441
240 192
597 86
24 33
407 37
146 134
330 310
381 436
99 68
73 42
275 93
250 65
105 501
614 333
592 429
204 436
400 122
41 321
137 39
364 336
509 284
338 88
510 69
112 603
556 106
397 189
502 236
10 216
550 546
4 37
293 186
492 328
151 341
523 466
138 157
354 138
397 442
55 346
15 609
400 537
624 50
463 83
520 261
584 368
191 555
568 69
103 105
345 218
211 181
40 278
119 159
384 329
144 507
280 569
464 633
55 460
288 410
181 169
486 576
81 212
615 264
170 332
395 123
123 236
43 498
318 565
14 634
303 288
171 614
314 593
56 136
137 193
378 586
606 439
8 607
28 603
323 465
342 149
469 633
52 449
308 68
617 367
514 114
629 62
261 309
164 42
210 65
278 338
177 69
617 433
316 591
268 2
587 528
216 160
299 497
418 3
576 453
327 206
290 458
291 82
19 178
216 165
253 513
117 371
240 498
209 146
543 638
15 635
571 321
62 633
628 39
470 363
191 630
551 158
18 615
439 263
590 524
201 120
215 302
85 70
162 293
386 181
64 7
437 366
632 306
45 206
7 514
622 378
351 126
508 500
176 227
554 235
315 104
574 492
68 64
381 539
629 207
444 105
194 131
353 266
608 424
397 382
183 335
44 633
22 28
7 383
17 358
354 484
309 494
487 468
463 433
310 355
266 118
246 11
198 525
234 380
544 259
430 279
604 610
533 113
543 95
240 22
292 25
231 445
585 392
66 25
547 181
349 384
292 571
361 390
581 119
189 608
23 606
615 162
141 463
36 430
115 366
301 144
98 87
71 147
98 101
600 179
370 4
638 549
398 496
36 291
344 166
363 495
16 318
135 63
52 408
94 244
389 592
102 523
85 401
537 240
342 467
355 148
373 447
422 316
44 317
244 452
206 44
412 57
383 311
114 71
417 603
258 247
122 395
128 553
55 85
433 518
273 43
189 139
513 292
597 331
548 67
226 207
488 134
81 561
389 472
300 512
356 372
540 3
250 297
325 257
622 289
437 218
112 109
46 316
236 227
112 358
334 34
582 78
451 353
635 446
292 60
420 286
391 255
44 253
220 484
132 456
384 253
357 33
102 424
205 241
571 148
254 50
179 308
177 439
338 538
525 393
599 260
82 402
227 533
312 5
266 410
634 583
579 357
543 113
586 510
349 75
578 151
401 216
172 193
44 309
268 362
414 321
502 397
164 479
455 555
317 278
598 126
624 150
231 121
186 167
228 102
261 468
429 172
438 377
167 444
383 404
335 347
311 336
99 284
324 395
165 123
346 475
482 240
503 97
446 232
225 358
414 230
572 88
256 391
157 240
95 292
145 195
480 542
354 43
583 529
620 567
503 299
249 142
464 57
577 578
512 472
285 189
475 485
596 293
55 625
606 555
87 181
133 588
370 40
560 135
571 509
234 56
371 623
220 205
424 539
370 71
530 175
575 60
492 169
485 614
14 257
468 339
278 130
353 490
138 480
447 154
414 603
196 110
244 104
291 481
216 355
221 190
11 398
410 251
449 432
618 293
245 236
160 11
452 30
283 245
54 391
262 614
253 515
451 485
473 374
375 326
246 575
566 327
529 320
260 505
524 177
608 29
601 120
472 224
507 199
49 362
303 218
34 260
372 316
579 41
404 88
30 505
17 456
166 409
124 468
32 430
50 567
417 76
430 422
469 484
31 65
410 304
453 357
499 333
496 69
257 230
247 189
377 186
95 323
151 628
94 214
114 431
562 89
48 618
197 518
281 137
306 162
127 479
287 469
1 49
627 481
246 251
433 546
378 19
236 631
421 117
409 63
622 302
418 364
194 563
166 167
452 524
530 404
627 549
165 273
253 286
35 313
520 485
242 431
20 586
179 537
272 43
95 454
553 524
87 79
58 5
522 74
560 25
472 127
363 220
551 330
533 634
337 634
171 50
322 163
530 419
480 427
617 602
483 400
308 96
299 615
535 117
391 81
574 149
127 84
427 563
429 225
601 63
41 184
588 620
300 474
137 82
131 99
94 275
512 185
278 27
445 410
59 85
182 529
28 169
117 344
464 137
506 555
40 585
310 268
96 94
97 252
317 29
622 234
177 598
154 454
24 385
507 315
91 564
356 393
402 166
607 568
11 483
271 547
532 79
545 473
529 569
459 38
319 520
263 440
335 420
344 454
139 471
224 516
292 196
421 537
340 588
433 569
487 604
140 60
180 46
314 68
348 44
517 209
256 340
575 213
290 5
274 561
221 169
441 355
540 113
409 150
60 501
560 569
46 393
635 377
89 473
116 294
589 50
73 24
600 185
202 199
407 177
32 509
140 366
300 337
460 594
569 456
412 85
265 77
179 450
171 36
64 584
121 527
200 447
504 123
53 21
101 360
607 409
555 519
321 545
517 633
559 193
192 490
592 405
606 560
446 105
86 556
588 96
488 426
373 536
607 179
49 76
310 63
221 192
189 364
328 319
104 129
313 605
610 577
184 234
538 518
368 110
580 35
7 163
53 182
468 304
337 540
491 429
468 313
394 209
13 239
552 496
408 80
385 49
601 527
319 275
158 156
147 398
349 77
186 566
398 15
343 374
355 194
246 50
350 314
101 308
262 415
585 436
332 58
143 220
632 92
23 629
479 380
519 134
270 42
29 601
378 236
156 469
6 222
561 356
244 156
353 569
212 531
81 85
274 330
57 233
269 570
96 611
589 262
548 600
551 212
639 494
64 188
158 151
373 319
532 226
128 31
331 582
464 193
16 546
36 600
49 604
290 65
133 376
179 213
168 86
288 153
371 623
294 587
154 503
306 539
457 200
222 327
395 402
95 366
301 221
509 550
37 629
484 259
105 244
479 273
86 30
161 234
370 116
43 170
41 7
11 411
490 632
395 282
368 506
56 110
454 353
241 622
600 382
443 425
484 243
544 197
332 11
147 67
316 577
397 220
322 51
181 207
431 117
80 169
537 559
237 432
491 448
158 116
467 582
281 391
230 638
304 455
200 463
573 603
485 150
390 470
153 327
41 31
84 384
306 117
118 491
0 382
2 453
275 133
314 77
537 52
342 87
183 211
633 263
163 596
411 65
243 197
286 443
360 269
435 214
393 391
368 354
442 287
497 141
410 228
505 608
566 57
284 516
21 620
559 558
418 530
145 355
487 256
387 129
236 558
100 145
531 104
489 369
609 549
567 637
27 414
351 599
53 260
251 344
344 119
217 205
507 385
15 451
286 4
41 169
525 217
128 430
181 56
341 618
217 338
617 108
582 24
585 383
263 121
572 403
9 621
183 340
588 631
406 464
607 380
223 636
575 194
394 488
344 46
163 393
146 614
85 56
70 91
449 212
24 270
462 356
274 539
287 283
378 221
432 418
397 5
211 443
557 317
76 140
598 130
419 544
404 343
127 88
246 192
328 58
546 381
283 464
10 428
487 339
59 202
267 552
412 265
265 535
514 363
227 263
513 5
49 112
268 102
172 421
298 595
282 96
75 209
18 1
200 623
56 156
26 296
535 516
230 174
442 189
573 149
29 13
404 127
574 313
116 632
123 625
171 336
451 99
86 499
393 272
95 222
600 508
216 515
295 218
452 144
609 524
257 0
485 165
147 229
469 450
578 362
44 105
579 2
450 159
538 228
458 389
268 364
484 403
197 162
345 148
49 363
64 375
378 94
49 238
478 497
89 205
145 592
310 457
387 539
554 163
281 606
126 420
439 300
383 491
329 416
49 135
80 472
506 371
441 453
500 181
180 500
531 568
562 432
61 636
177 244
533 274
329 137
3 347
483 170
1 267
327 138
490 335
483 457
125 84
139 221
128 315
353 14
63 554
152 244
272 185
43 567
595 616
460 601
633 424
101 296
451 158
249 35
10 129
561 69
69 205
593 392
362 43
141 101
486 481
364 556
506 156
419 104
149 463
353 483
171 63
111 348
558 317
593 8
4 109
324 620
99 157
289 633
321 135
500 445
327 603
239 471
302 590
464 499
233 166
8 247
114 609
129 110
87 604
496 230
3 231
79 101
512 99
354 27
518 392
466 349
394 302
576 91
435 316
292 134
537 231
619 117
450 40
105 76
364 589
465 448
49 391
54 511
171 505
492 218
300 413
109 299
59 578
203 553
492 101
558 451
298 279
629 582
60 115
34 324
624 398
529 370
291 424
35 454
264 545
500 558
218 182
605 519
122 421
169 20
172 363
547 110
489 515
483 15
184 622
310 339
440 462
336 310
309 529
345 168
271 148
556 224
289 343
443 440
310 297
315 128
51 459
111 103
183 376
25 186
286 315
202 270
530 261
80 104
508 197
455 202
491 552
424 38
556 17
609 162
148 487
540 348
48 501
626 122
431 11
516 624
478 427
246 214
557 469
512 219
337 178
232 393
291 30
137 422
87 213
353 245
62 165
372 571
46 55
272 363
135 554
124 440
431 610
161 231
285 229
201 122
447 397
351 231
207 319
284 93
449 134
205 115
236 476
356 339
565 275
346 325
109 410
592 249
201 472
201 69
529 574
168 581
196 634
22 407
135 319
416 531
391 261
243 10
156 201
184 67
419 544
1 282
206 522
567 638
328 442
76 197
366 264
400 445
191 583
32 251
444 382
625 610
639 129
377 472
269 134
336 67
463 144
16 150
221 545
460 417
325 49
200 252
530 356
456 443
606 119
232 603
241 365
492 538
532 588
622 327
299 498
109 288
245 188
310 426
639 199
439 453
134 448
620 538
106 599
581 154
70 129
511 48
553 137
460 197
471 533
226 616
398 180
222 278
538 75
182 523
229 430
616 127
570 389
382 357
433 207
56 581
366 611
386 575
376 146
618 207
602 18
137 255
76 245
297 74
333 572
156 522
611 561
191 7
466 10
33 105
198 622
479 39
525 100
360 346
150 557
218 39
233 57
472 96
104 281
478 147
419 44
491 59
220 304
192 211
324 381
354 397
450 179
583 34
73 77
501 376
321 330
451 306
390 122
116 295
395 284
91 615
232 134
601 539
243 44
155 605
265 181
299 138
274 322
617 344
103 326
143 512
305 569
268 120
5 610
345 545
29 427
510 399
157 287
239 639
211 285
330 518
16 210
479 613
50 463
62 253
362 379
483 547
393 375
176 576
558 350
195 116
632 314
154 482
532 181
47 248
340 432
143 376
359 121
490 444
401 484
347 548
185 301
525 457
502 487
454 296
94 411
253 62
317 541
344 542
553 371
142 207
556 58
602 475
418 45
471 574
22 9
137 283
402 410
499 583
348 579
528 68
112 338
96 357
6 484
485 455
198 143
615 88
406 331
503 370
83 401
573 469
227 600
196 128
490 91
477 565
97 356
202 322
44 449
31 357
442 151
434 228
473 512
396 564
602 216
298 50
420 458
18 450
550 22
556 429
531 189
352 170
466 503
416 553
398 56
560 622
316 180
146 157
285 533
475 80
349 398
212 242
314 488
12 619
378 457
360 606
352 524
195 497
290 405
519 315
322 550
462 62
36 476
18 455
339 261
571 231
442 483
275 77
336 186
87 626
366 51
269 602
55 426
108 10
114 452
115 181
527 412
109 184
57 615
246 313
306 196
620 148
516 567
297 571
343 480
575 290
30 185
177 198
134 486
335 181
552 111
369 257
628 231
177 144
594 227
497 278
72 139
108 478
553 636
516 537
127 515
569 515
560 135
627 497
366 491
605 354
387 186
83 338
594 11
500 61
607 476
194 386
24 561
625 225
374 585
388 400
131 212
478 75
521 73
98 410
416 0
331 165
21 11
164 271
550 454
513 326
227 190
136 460
302 230
458 444
175 124
182 245
251 418
156 53
188 49
342 479
129 250
215 398
519 7
70 211
518 174
544 575
131 633
439 436
186 510
602 337
492 541
629 266
495 337
456 233
230 383
325 187
140 174
533 13
625 112
535 596
274 612
214 277
579 627
107 367
285 363
343 132
81 339
67 52
595 22
142 83
633 255
370 237
597 322
399 252
446 348
56 440
194 386
486 357
92 159
252 116
31 518
59 164
306 201
567 14
602 200
180 416
375 506
435 125
558 97
342 512
360 23
486 574
128 499
100 173
635 611
426 358
263 97
418 50
204 265
250 171
140 146
532 490
437 604
271 99
358 197
479 630
343 166
13 361
371 126
449 319
68 393
586 256
462 472
289 615
482 333
117 554
185 264
36 202
340 39
422 396
201 144
540 359
12 294
20 242
175 131
568 208
556 612
487 604
493 268
545 253
298 601
383 570
324 362
576 548
399 570
76 245
166 621
191 202
139 386
347 106
133 407
46 36
234 58
7 352
548 50
353 121
584 436
259 94
41 54
287 70
140 153
8 412
180 185
122 215
119 50
327 638
193 218
3 339
579 416
286 329
612 319
90 190
72 43
271 90
130 282
247 589
162 171
15 520
457 356
508 150
58 612
485 237
416 398
500 509
445 394
545 251
104 346
108 313
297 106
491 92
167 361
35 340
330 136
206 486
184 163
343 362
480 331
191 437
2 597
530 99
165 627
599 150
192 544
3 321
490 407
183 220
160 265
225 224
610 148
25 386
324 482
154 399
329 62
201 143
572 62
246 344
459 506
542 102
116 413
132 454
427 197
409 334
190 60
302 575
253 518
308 628
389 595
329 270
389 323
73 483
77 199
3 613
442 295
264 482
265 116
197 621
468 638
632 144
31 194
290 418
482 9
2 446
475 511
537 329
279 564
630 186
129 146
69 12
93 102
27 232
163 562
96 226
239 614
204 547
371 556
407 132
299 32
403 330
480 246
44 583
346 123
306 188
18 408
584 142
220 322
137 534
448 398
117 109
252 567
282 528
570 516
637 139
265 488
210 593
134 77
534 502
340 75
556 0
31 353
108 309
422 156
189 156
493 386
80 358
239 335
217 581
432 267
104 265
472 242
351 92
382 213
221 354
366 462
97 486
39 537
592 392
311 561
270 40
513 505
535 606
483 209
590 584
570 128
532 346
263 351
610 473
439 133
94 116
570 498
208 381
437 515
378 417
623 308
545 474
608 575
636 379
545 42
397 297
193 258
512 160
50 469
400 522
97 538
100 381
250 64
291 321
321 239
66 2
239 174
416 226
244 448
55 71
498 260
597 543
571 409
282 355
105 171
472 411
427 127
276 74
155 75
590 58
393 198
44 44
280 0
474 568
381 361
227 401
202 381
2 15
529 64
75 556
375 3
251 392
329 480
404 623
249 496
384 233
637 198
233 337
316 262
515 307
549 507
388 172
516 618
0 639
73 328
11 498
418 146
631 126
393 491
80 274
6 184
313 600
33 338
416 602
620 417
257 338
227 120
350 211
291 68
207 599
639 424
275 323
187 479
506 525
284 164
622 531
143 133
83 19
623 460
538 542
241 509
493 191
433 627
483 65
89 114
503 84
548 394
126 304
23 372
363 140
194 28
567 25
54 348
435 502
332 563
532 567
36 83
282 308
491 320
145 218
420 241
74 414
199 297
295 600
43 520
350 440
235 204
129 34
525 208
359 264
361 249
460 230
459 225
206 450
473 489
569 469
562 360
332 601
396 151
197 334
266 112
26 165
252 104
234 244
576 123
299 292
341 556
430 633
619 282
403 596
504 439
360 17
480 589
383 144
324 519
576 531
543 590
213 364
312 67
523 437
459 445
276 478
65 380
369 23
202 427
619 403
373 246
202 434
197 116
153 204
353 632
599 178
557 357
45 603
31 639
17 505
596 356
75 315
169 586
237 437
281 200
495 599
252 90
107 516
463 464
14 265
173 66
546 348
44 511
335 410
418 35
125 432
249 100
324 482
19 532
111 545
335 599
328 555
461 72
451 579
47 541
329 443
371 24
496 54
491 404
223 590
603 223
535 1
391 600
511 156
383 579
131 236
562 519
337 503
486 63
171 494
105 426
31 515
476 224
496 159
516 550
30 204
13 412
333 576
239 7
99 33
485 535
136 142
378 364
4 310
624 488
411 304
563 382
446 141
561 112
418 75
534 462
250 126
128 203
33 253
448 147
156 107
27 137
541 300
279 342
526 576
543 3
389 426
592 87
137 205
505 421
130 307
456 395
446 531
459 437
130 202
551 135
395 156
49 217
412 74
106 157
442 75
158 303
318 73
297 175
79 379
116 173
113 309
74 113
140 438
605 244
489 426
441 567
377 325
383 565
529 522
117 562
215 33
309 534
265 151
226 227
504 12
402 521
526 162
125 525
400 60
111 59
216 631
61 347
101 362
208 583
535 86
393 195
289 97
607 593
164 144
33 559
28 450
607 302
152 68
415 112
564 396
199 199
309 309
280 388
76 248
173 72
467 129
8 324
275 365
495 409
318 570
29 314
242 335
431 359
444 248
639 399
521 526
359 480
50 464
167 378
199 621
343 111
203 492
308 405
566 290
259 546
456 235
401 362
198 346
479 108
533 547
37 150
13 80
292 4
598 217
327 254
483 484
399 504
199 461
187 41
223 126
373 305
5 394
462 54
106 136
361 403
378 41
484 157
563 558
371 279
41 75
159 444
438 120
328 522
543 526
247 127
213 128
244 485
417 9
156 351
461 316
326 163
215 438
585 91
302 134
112 412
400 516
116 236
298 256