660
3299
0,
1,
2,
3,
4,
5,
6,
7,
8,
9,
10,
11,
12,
13,
14,
15,
16,
17,
18,
19,
20,
21,
22,
23,
24,
25,
26,
27,
28,
29,
30,
31,
32,
33,
34,
35,
36,
37,
38,
39,
40,
41,
42,
43,
44,
45,
46,
47,
48,
49,
50,
51,
52,
53,
54,
55,
56,
57,
58,
59,
60,
61,
62,
63,
64,
65,
66,
67,
68,
69,
70,
71,
72,
73,
74,
75,
76,
77,
78,
79,
80,
81,
82,
83,
84,
85,
86,
87,
88,
89,
90,
91,
92,
93,
94,
95,
96,
97,
98,
99,
100,
101,
102,
103,
104,
105,
106,
107,
108,
109,
110,
111,
112,
113,
114,
115,
116,
117,
118,
119,
120,
121,
122,
123,
124,
125,
126,
127,
128,
129,
130,
131,
132,
133,
134,
135,
136,
137,
138,
139,
140,
141,
142,
143,
144,
145,
146,
147,
148,
149,
150,
151,
152,
153,
154,
155,
156,
157,
158,
159,
160,
161,
162,
163,
164,
165,
166,
167,
168,
169,
170,
171,
172,
173,
174,
175,
176,
177,
178,
179,
180,
181,
182,
183,
184,
185,
186,
187,
188,
189,
190,
191,
192,
193,
194,
195,
196,
197,
198,
199,
200,
201,
202,
203,
204,
205,
206,
207,
208,
209,
210,
211,
212,
213,
214,
215,
216,
217,
218,
219,
220,
221,
222,
223,
224,
225,
226,
227,
228,
229,
230,
231,
232,
233,
234,
235,
236,
237,
238,
239,
240,
241,
242,
243,
244,
245,
246,
247,
248,
249,
250,
251,
252,
253,
254,
255,
256,
257,
258,
259,
260,
261,
262,
263,
264,
265,
266,
267,
268,
269,
270,
271,
272,
273,
274,
275,
276,
277,
278,
279,
280,
281,
282,
283,
284,
285,
286,
287,
288,
289,
290,
291,
292,
293,
294,
295,
296,
297,
298,
299,
300,
301,
302,
303,
304,
305,
306,
307,
308,
309,
310,
311,
312,
313,
314,
315,
316,
317,
318,
319,
320,
321,
322,
323,
324,
325,
326,
327,
328,
329,
330,
331,
332,
333,
334,
335,
336,
337,
338,
339,
340,
341,
342,
343,
344,
345,
346,
347,
348,
349,
350,
351,
352,
353,
354,
355,
356,
357,
358,
359,
360,
361,
362,
363,
364,
365,
366,
367,
368,
369,
370,
371,
372,
373,
374,
375,
376,
377,
378,
379,
380,
381,
382,
383,
384,
385,
386,
387,
388,
389,
390,
391,
392,
393,
394,
395,
396,
397,
398,
399,
400,
401,
402,
403,
404,
405,
406,
407,
408,
409,
410,
411,
412,
413,
414,
415,
416,
417,
418,
419,
420,
421,
422,
423,
424,
425,
426,
427,
428,
429,
430,
431,
432,
433,
434,
435,
436,
437,
438,
439,
440,
441,
442,
443,
444,
445,
446,
447,
448,
449,
450,
451,
452,
453,
454,
455,
456,
457,
458,
459,
460,
461,
462,
463,
464,
465,
466,
467,
468,
469,
470,
471,
472,
473,
474,
475,
476,
477,
478,
479,
480,
481,
482,
483,
484,
485,
486,
487,
488,
489,
490,
491,
492,
493,
494,
495,
496,
497,
498,
499,
500,
501,
502,
503,
504,
505,
506,
507,
508,
509,
510,
511,
512,
513,
514,
515,
516,
517,
518,
519,
520,
521,
522,
523,
524,
525,
526,
527,
528,
529,
530,
531,
532,
533,
534,
535,
536,
537,
538,
539,
540,
541,
542,
543,
544,
545,
546,
547,
548,
549,
550,
551,
552,
553,
554,
555,
556,
557,
558,
559,
560,
561,
562,
563,
564,
565,
566,
567,
568,
569,
570,
571,
572,
573,
574,
575,
576,
577,
578,
579,
580,
581,
582,
583,
584,
585,
586,
587,
588,
589,
590,
591,
592,
593,
594,
595,
596,
597,
598,
599,
600,
601,
602,
603,
604,
605,
606,
607,
608,
609,
610,
611,
612,
613,
614,
615,
616,
617,
618,
619,
620,
621,
622,
623,
624,
625,
626,
627,
628,
629,
630,
631,
632,
633,
634,
635,
636,
637,
638,
639,
640,
641,
642,
643,
644,
645,
646,
647,
648,
649,
650,
651,
652,
653,
654,
655,
656,
657,
658,
659
79 450
450 276
276 46
46 543
543 514
514 498
498 190
190 357
357 246
246 29
29 279
279 71
71 456
456 78
78 210
210 283
283 298
298 267
267 103
103 431
431 182
182 625
625 3
3 659
659 69
69 140
140 375
375 120
120 492
492 322
322 337
337 601
601 257
257 491
491 331
331 604
604 115
115 211
211 236
236 288
288 265
265 390
390 651
651 653
653 590
590 131
131 622
622 135
135 112
112 354
354 360
360 359
359 448
448 67
67 277
277 162
162 405
405 521
521 549
549 56
56 633
633 413
413 170
170 647
647 617
617 13
13 639
639 240
240 541
541 578
578 646
646 181
181 327
327 110
110 478
478 289
289 133
133 523
523 199
199 400
400 19
19 314
314 407
407 114
114 340
340 602
602 62
62 365
365 619
619 39
39 77
77 241
241 269
269 163
163 384
384 141
141 124
124 83
83 483
483 235
235 61
61 106
106 539
539 60
60 389
389 426
426 654
654 98
98 501
501 40
40 637
637 623
623 43
43 560
560 399
399 605
605 223
223 567
567 35
35 435
435 175
175 616
616 332
332 643
643 626
626 656
656 573
573 460
460 404
404 376
376 204
204 496
496 571
571 309
309 187
187 402
402 268
268 591
591 536
536 470
470 201
201 518
518 330
330 455
455 421
421 464
464 422
422 41
41 583
583 594
594 423
423 270
270 608
608 430
430 243
243 535
535 533
533 122
122 468
468 378
378 612
612 74
74 569
569 544
544 286
286 94
94 528
528 275
275 505
505 297
297 92
92 341
341 156
156 481
481 274
274 145
145 592
592 146
146 34
34 144
144 54
54 485
485 311
311 333
333 263
263 287
287 171
171 254
254 51
51 113
113 214
214 472
472 160
160 437
437 433
433 206
206 130
130 381
381 385
385 52
52 316
316 348
348 30
30 250
250 66
66 350
350 474
474 356
356 255
255 618
618 409
409 349
349 107
107 564
564 1
1 649
649 471
471 606
606 380
380 428
428 37
37 87
87 96
96 510
510 76
76 642
642 16
16 459
459 443
443 219
219 565
565 166
166 229
229 196
196 589
589 466
466 634
634 570
570 75
75 192
192 396
396 374
374 174
174 440
440 198
198 10
10 574
574 392
392 27
27 68
68 164
164 150
150 178
178 73
73 420
420 336
336 406
406 303
303 231
231 217
217 126
126 47
47 310
310 467
467 105
105 132
132 482
482 576
576 188
188 281
281 640
640 641
641 343
343 324
324 449
449 515
515 520
520 355
355 367
367 58
58 361
361 222
222 415
415 397
397 439
439 461
461 129
129 225
225 111
111 304
304 434
434 295
295 278
278 9
9 366
366 595
595 393
393 216
216 252
252 444
444 323
323 580
580 300
300 325
325 655
655 308
308 189
189 318
318 555
555 273
273 429
429 531
531 218
218 335
335 542
542 636
636 522
522 369
369 511
511 391
391 49
49 334
334 292
292 0
0 557
557 346
346 31
31 475
475 584
584 469
469 445
445 179
179 586
586 530
530 487
487 108
108 394
394 234
234 465
465 72
72 614
614 202
202 615
615 417
417 559
559 152
152 457
457 362
362 329
329 358
358 158
158 2
2 226
226 299
299 480
480 489
489 418
418 89
89 519
519 233
233 408
408 387
387 230
230 473
473 575
575 194
194 658
658 203
203 272
272 554
554 326
326 599
599 280
280 425
425 185
185 412
412 438
438 102
102 416
416 215
215 48
48 85
85 553
553 121
121 4
4 32
32 45
45 14
14 454
454 84
84 12
12 347
347 493
493 184
184 436
436 305
305 36
36 650
650 50
50 42
42 95
95 551
551 572
572 249
249 494
494 242
242 432
432 624
624 159
159 490
490 414
414 205
205 488
488 561
561 282
282 566
566 186
186 7
7 213
213 17
17 99
99 123
123 237
237 373
373 652
652 568
568 453
453 513
513 200
200 368
368 593
593 8
8 127
127 183
183 294
294 499
499 342
342 563
563 128
128 119
119 635
635 320
320 403
403 224
224 372
372 507
507 290
290 232
232 134
134 502
502 149
149 458
458 382
382 395
395 195
195 609
609 319
319 577
577 315
315 550
550 351
351 221
221 383
383 548
548 644
644 377
377 11
11 177
177 500
500 451
451 344
344 109
109 22
22 151
151 620
620 148
148 142
142 97
97 441
441 600
600 447
447 21
21 629
629 631
631 611
611 317
317 463
463 345
345 512
512 529
529 63
63 147
147 486
486 552
552 388
388 168
168 596
596 645
645 479
479 285
285 23
23 193
193 462
462 207
207 88
88 118
118 143
143 220
220 506
506 101
101 547
547 442
442 197
197 446
446 476
476 253
253 540
540 291
291 20
20 93
93 44
44 657
657 411
411 209
209 18
18 630
630 28
28 86
86 379
379 15
15 293
293 632
632 313
313 64
64 532
532 33
33 427
427 509
509 81
81 504
504 545
545 25
25 245
245 508
508 125
125 558
558 306
306 80
80 607
607 244
244 627
627 172
172 239
239 262
262 424
424 581
581 603
603 582
582 648
648 176
176 65
65 503
503 398
398 26
26 495
495 597
597 261
261 55
55 386
386 138
138 525
525 296
296 258
258 587
587 208
208 228
228 307
307 90
90 260
260 284
284 38
38 556
556 562
562 5
5 153
153 259
259 161
161 546
546 247
247 137
137 256
256 59
59 136
136 191
191 100
100 155
155 452
452 117
117 271
271 628
628 516
516 302
302 251
251 579
579 477
477 526
526 524
524 588
588 24
24 70
70 266
266 154
154 238
238 419
419 352
352 91
91 339
339 598
598 353
353 621
621 53
53 363
363 264
264 610
610 338
338 371
371 401
401 139
139 57
57 585
585 227
227 527
527 410
410 328
328 537
537 157
157 82
82 169
169 613
613 301
301 6
6 173
173 484
484 248
248 167
167 165
165 534
534 212
212 116
116 517
517 364
364 370
370 104
104 321
321 312
312 497
497 538
538 638
638 180
463 484
2 617
545 596
604 56
427 601
440 170
632 576
96 256
106 337
320 434
297 81
107 272
113 614
586 431
152 75
8 323
117 275
264 15
212 378
100 169
79 351
547 263
60 535
323 67
9 378
583 234
227 40
94 39
284 402
50 519
574 594
489 422
466 41
137 50
473 243
31 168
585 622
28 182
626 619
80 216
299 169
201 434
516 240
395 68
611 459
118 187
581 223
653 483
387 110
648 485
539 422
496 335
48 27
242 348
313 548
586 184
304 488
207 564
612 257
565 253
431 136
610 299
303 228
48 176
445 490
544 650
371 56
649 552
491 239
17 381
369 283
125 412
38 550
321 146
6 326
123 580
326 29
405 281
158 174
643 401
282 355
3 148
565 525
651 519
87 494
79 283
60 243
541 152
526 536
297 543
478 139
210 531
558 542
210 51
629 1
349 287
387 344
56 176
275 612
653 560
426 3
340 132
630 511
0 602
147 633
21 226
331 373
405 2
455 33
191 44
240 649
252 348
545 191
152 535
575 632
625 414
70 16
66 523
494 439
399 175
241 116
290 542
101 415
648 138
389 624
506 500
56 36
146 360
329 1
2 633
636 592
277 196
81 165
260 275
179 508
152 36
128 517
655 555
145 438
461 446
325 427
579 363
341 113
319 444
480 289
151 525
19 245
402 388
240 173
49 138
633 316
285 258
544 130
364 528
536 402
173 218
258 4
499 453
574 549
485 287
480 584
398 269
594 500
570 639
512 268
404 95
107 271
548 80
345 418
534 183
52 635
442 60
38 581
360 467
290 573
120 518
404 282
190 391
215 311
0 105
363 4
170 414
152 410
12 475
109 366
223 443
308 97
23 398
55 542
412 24
64 32
110 408
655 483
422 479
248 18
155 34
443 14
471 131
334 16
99 573
89 148
524 223
230 299
571 595
309 417
519 176
452 233
284 410
344 49
338 56
79 574
177 4
98 1
228 242
566 1
304 499
95 245
409 407
464 233
93 317
177 189
429 70
243 330
156 113
195 562
235 174
659 348
255 190
630 508
71 78
516 208
621 131
95 372
185 138
593 488
559 571
255 476
306 653
418 198
231 215
108 559
57 585
214 62
341 410
56 534
173 581
262 202
161 558
571 135
203 562
518 259
402 333
439 362
385 532
435 230
283 214
74 323
266 150
70 236
510 384
576 383
290 239
380 213
32 151
135 446
48 182
397 247
13 533
416 365
48 209
579 147
147 403
50 417
40 601
402 627
272 83
645 71
366 599
367 380
554 47
636 337
399 214
144 36
50 419
349 226
318 499
408 103
247 340
544 330
266 302
484 478
583 586
154 435
164 241
611 485
436 333
228 62
331 575
638 629
494 73
309 244
456 139
241 122
97 569
139 299
431 580
371 448
535 471
90 119
207 544
42 148
62 492
473 230
144 245
161 197
613 391
278 379
554 296
370 127
405 4
206 279
269 574
46 391
598 188
357 34
412 503
492 95
483 420
656 86
107 634
94 521
245 5
161 523
502 295
30 85
523 403
313 136
591 342
272 56
272 455
533 390
337 482
492 481
171 446
246 73
614 18
176 189
625 216
498 150
63 602
246 438
548 227
555 292
392 189
460 248
427 325
212 388
515 183
64 398
67 595
7 76
394 89
292 399
303 120
122 309
240 305
655 426
65 566
275 531
224 536
338 452
94 252
496 91
237 278
67 99
470 259
347 452
546 356
487 195
377 376
183 25
87 521
405 281
436 564
630 24
407 406
592 271
32 523
471 381
153 222
139 608
381 203
101 518
387 258
65 410
210 546
174 495
274 344
529 532
46 219
196 588
638 242
269 346
599 504
409 508
451 285
179 459
259 158
566 233
523 606
468 298
223 558
443 4
92 216
50 432
630 42
217 418
322 390
65 348
619 596
147 583
268 239
145 101
72 604
71 375
334 359
117 373
13 101
416 185
377 125
490 21
142 406
277 576
221 108
24 334
519 302
201 362
69 628
437 528
38 122
462 49
529 44
503 26
122 73
591 343
58 390
509 47
606 79
17 175
263 542
94 50
307 287
465 497
288 218
607 339
54 384
419 604
30 658
65 508
297 368
126 560
123 288
632 243
267 201
187 89
254 461
275 329
285 131
175 396
120 168
527 3
424 443
314 197
209 180
410 248
239 164
457 344
278 82
308 189
365 658
266 155
247 95
165 624
524 271
20 590
403 382
456 637
486 117
491 169
298 22
246 264
405 379
523 500
89 459
216 470
433 247
459 131
169 239
606 221
157 215
655 557
476 146
650 549
199 415
406 470
119 119
63 475
158 331
522 204
272 264
501 426
538 1
581 384
467 383
130 235
482 502
593 110
338 265
317 509
399 111
241 414
653 620
303 519
251 615
544 258
180 40
304 1
263 232
147 364
97 45
214 654
519 544
323 432
305 124
180 273
456 286
322 42
46 246
468 465
425 405
358 640
480 336
30 131
475 339
167 130
585 614
539 560
302 298
533 243
571 33
390 72
124 371
337 546
363 601
436 233
369 273
410 303
515 154
322 22
93 132
462 145
517 206
566 248
51 248
294 288
259 591
569 91
46 525
171 532
13 223
158 91
585 237
652 508
168 408
320 346
115 17
569 409
367 273
221 239
89 256
472 134
589 254
648 197
145 7
377 541
604 621
480 478
357 477
391 552
343 116
292 75
610 3
198 627
295 570
615 570
286 309
259 385
179 161
218 330
7 587
647 619
150 548
565 443
366 332
415 613
175 370
7 219
491 197
61 461
533 223
142 572
603 353
116 626
200 51
22 244
147 95
311 539
492 141
325 384
210 497
178 470
142 427
585 61
429 372
149 295
585 31
577 35
210 118
152 282
515 304
644 283
57 442
406 208
608 152
501 134
245 545
521 95
134 643
199 301
659 635
267 394
206 411
520 407
303 435
233 289
400 579
146 301
480 83
82 651
299 41
12 215
563 441
300 11
190 512
517 498
608 365
392 502
490 320
515 264
445 569
473 216
119 61
322 376
455 393
616 255
629 417
336 125
262 224
610 130
425 553
250 69
37 78
311 172
155 101
376 335
461 57
478 595
401 624
289 360
255 510
180 202
306 87
514 574
301 632
605 275
550 32
94 125
357 547
28 210
60 101
317 535
138 401
331 341
309 134
240 538
16 276
156 381
512 70
521 355
257 506
640 101
263 202
67 379
564 121
209 348
244 427
501 560
199 473
602 12
15 506
624 627
649 436
326 522
161 230
311 645
330 604
237 491
127 81
458 627
4 551
224 68
596 632
129 654
203 309
5 315
524 137
192 6
466 484
78 100
347 314
359 205
390 381
7 10
287 441
51 20
332 26
496 399
278 553
610 51
350 181
36 94
324 538
175 522
280 37
391 568
545 100
162 236
510 535
310 305
495 457
200 8
515 276
604 76
72 391
343 327
139 99
262 59
160 396
158 516
639 196
67 154
242 53
106 220
158 358
176 475
643 359
584 499
85 75
384 323
64 273
187 4
233 214
444 311
313 641
30 519
435 251
327 609
472 571
115 186
505 580
141 214
415 50
557 59
390 430
463 342
305 199
399 164
0 623
67 351
331 243
172 586
443 180
19 170
485 353
593 598
54 488
531 89
270 477
637 59
75 591
505 135
514 185
362 554
501 471
130 64
569 322
440 362
582 283
535 437
611 591
474 602
285 598
311 509
510 464
171 566
32 302
14 330
449 354
368 644
280 101
362 256
22 70
507 333
516 340
406 101
527 118
124 345
337 429
474 15
464 74
520 33
411 360
184 209
298 240
468 258
500 20
61 583
602 132
520 326
532 617
574 633
186 93
174 141
313 251
654 538
281 19
399 218
455 618
189 319
517 608
34 146
474 475
461 653
292 572
188 512
469 4
200 532
456 256
646 420
565 626
350 657
341 542
42 43
224 87
454 459
468 292
25 151
452 517
150 373
143 562
499 598
9 350
585 65
618 334
461 643
25 130
117 76
366 647
224 401
626 6
348 159
418 266
501 284
272 374
151 158
155 340
118 575
341 553
8 564
599 434
480 244
609 562
326 457
535 361
307 342
503 632
536 621
331 213
513 520
572 467
425 272
141 487
489 507
81 459
351 192
281 42
381 172
508 183
393 525
613 202
466 486
158 463
654 487
559 337
594 201
658 256
400 414
51 301
150 335
242 69
155 34
356 621
106 605
168 63
316 461
500 587
90 611
153 253
493 229
347 321
600 244
183 318
406 418
266 146
201 494
442 336
347 313
52 373
62 34
118 464
368 493
208 309
506 12
465 35
389 357
393 63
294 357
435 69
615 79
622 326
80 453
99 301
329 126
293 242
177 567
508 646
151 83
594 501
659 600
352 427
191 112
561 652
546 457
582 28
388 417
392 126
94 43
573 516
270 432
492 129
22 351
533 467
215 519
634 567
376 411
618 301
247 105
159 419
607 26
609 284
137 89
110 421
623 443
52 442
580 452
127 354
49 88
336 469
222 222
118 621
40 343
634 501
62 45
557 386
569 266
203 495
275 491
473 112
50 101
400 483
149 481
53 495
373 555
220 644
215 462
371 593
599 330
238 210
20 578
147 611
139 612
608 648
544 208
178 41
108 347
215 381
70 567
525 270
472 656
454 143
311 578
199 442
492 203
68 105
378 334
343 561
621 93
650 467
605 645
84 620
555 128
423 639
446 74
140 343
390 543
419 73
342 246
96 535
640 366
424 543
460 373
375 462
309 357
254 345
300 156
399 296
137 379
505 278
221 651
534 360
80 286
59 218
492 581
181 490
405 369
114 17
72 237
25 183
177 291
163 574
408 511
484 137
16 459
520 219
119 114
588 279
357 130
139 259
530 511
54 46
58 618
556 243
233 191
580 96
368 562
128 140
647 320
207 347
153 350
472 404
319 58
219 621
597 614
351 372
436 223
192 62
344 553
110 500
631 198
387 125
354 516
469 76
23 62
32 16
471 377
578 347
132 30
294 547
231 146
368 111
122 93
560 529
163 12
436 621
4 371
127 212
24 565
555 66
430 603
424 597
83 268
435 438
534 432
181 296
118 167
273 500
6 393
601 21
55 611
365 318
645 282
543 174
396 322
632 546
298 382
181 66
13 218
233 600
27 486
94 581
535 90
454 69
655 122
329 418
192 27
320 107
283 506
313 331
143 515
483 180
587 387
210 634
389 352
231 559
551 401
589 295
555 453
18 414
390 547
191 194
652 570
208 138
473 22
356 236
399 57
610 656
67 10
275 7
540 453
335 251
458 621
65 333
20 265
35 185
621 61
358 608
299 460
17 378
200 199
651 477
383 142
604 38
24 396
599 637
228 274
172 185
572 28
559 632
193 410
188 347
108 637
528 259
486 656
421 610
26 92
490 102
51 332
73 621
116 145
179 543
99 581
429 170
66 243
371 205
72 163
19 89
412 532
60 105
623 290
398 116
619 491
365 155
169 74
129 564
401 158
387 32
160 596
55 497
277 307
643 62
185 609
80 516
618 363
536 305
238 548
98 187
597 558
611 248
111 610
538 513
21 197
567 405
643 266
180 626
472 429
232 318
348 100
330 52
631 285
5 236
277 259
133 388
55 283
621 244
339 488
230 633
636 246
192 232
591 162
324 389
494 229
538 587
392 345
94 176
224 58
297 98
568 519
616 445
530 548
586 170
259 366
75 621
657 326
396 263
2 480
33 338
455 506
249 88
351 246
400 587
80 509
381 391
124 622
415 43
93 624
78 553
160 11
455 198
189 117
659 317
37 43
625 339
475 104
237 1
447 122
116 591
647 501
637 65
603 174
395 640
410 412
121 463
386 252
85 226
477 486
171 135
201 4
557 194
48 612
262 646
277 151
273 422
407 443
313 476
85 360
514 474
95 86
451 309
603 329
278 195
618 236
193 443
423 5
342 608
407 588
602 242
350 314
5 413
219 563
253 244
436 184
394 188
144 191
601 538
452 282
170 371
300 453
484 14
126 279
402 270
559 71
233 269
602 567
590 207
648 455
586 428
474 500
195 80
322 343
650 100
194 366
483 635
167 170
452 563
99 394
204 52
5 88
50 589
300 428
211 583
579 494
572 417
392 247
343 202
540 642
524 403
369 450
449 68
228 450
170 500
601 39
428 455
38 529
520 421
34 52
338 492
439 73
435 270
518 466
240 462
6 399
227 11
585 516
109 243
470 498
513 109
224 436
482 27
472 656
508 366
626 597
270 171
217 100
555 11
212 594
45 343
180 16
351 258
598 127
535 554
118 475
227 196
211 60
565 605
395 92
579 512
378 92
320 632
567 332
418 75
247 582
421 4
102 541
244 133
355 285
395 131
92 419
284 565
38 138
57 319
499 339
352 538
605 444
45 375
628 13
611 153
36 100
611 17
644 88
544 303
576 237
39 498
179 220
26 300
578 179
173 635
36 575
286 390
384 122
380 212
394 26
102 136
361 142
117 429
443 131
80 649
268 194
381 606
531 32
482 155
178 527
593 372
225 337
264 393
159 543
330 354
571 607
511 97
571 92
305 66
582 296
285 276
373 236
590 590
436 567
493 34
486 281
311 330
489 263
188 74
384 398
443 307
257 399
627 376
598 201
195 244
160 6
88 95
356 14
302 103
371 657
208 215
42 341
288 301
629 85
459 122
316 136
451 384
297 651
491 3
68 111
475 488
39 546
613 67
201 412
496 571
454 45
234 238
576 463
166 632
413 159
238 189
283 537
588 219
364 566
289 503
106 98
218 321
165 373
189 67
566 414
290 138
258 248
274 55
204 17
6 215
562 344
254 504
636 486
275 2
242 364
629 72
501 290
295 555
537 91
142 591
615 237
584 474
225 15
236 249
55 19
38 243
181 361
580 312
47 409
217 369
196 469
552 89
298 210
376 452
654 647
255 357
186 288
479 144
139 568
224 500
576 184
98 329
440 642
324 432
392 42
290 267
185 63
58 324
570 324
602 287
417 414
276 280
495 571
347 376
185 579
169 397
477 401
557 151
121 394
345 503
344 50
62 206
328 155
99 230
602 344
66 345
555 586
241 241
135 344
629 329
571 250
633 366
533 64
132 363
579 359
474 644
263 7
388 507
596 220
274 182
450 470
92 542
51 145
496 117
626 570
230 379
493 244
273 281
551 318
334 18
560 449
44 475
14 171
8 578
98 61
234 636
403 375
182 213
322 217
619 31
591 645
619 550
218 366
56 232
513 79
427 386
420 561
656 91
238 90
404 339
260 627
214 130
27 299
217 250
170 323
473 140
128 276
386 69
309 636
565 160
510 277
637 565
160 57
457 293
322 70
19 473
195 615
495 274
288 618
543 539
30 334
267 596
239 501
82 187
274 260
636 640
537 599
91 9
179 240
225 10
598 478
402 549
433 100
320 92
115 343
166 424
241 563
93 267
371 622
11 616
186 253
150 338
530 485
241 430
420 286
457 615
201 48
2 54
409 475
511 377
304 497
379 612
605 568
52 550
473 199
108 322
125 427
326 240
391 522
232 641
500 23
325 208
505 575
638 504
558 613
146 556
328 591
648 429
278 230
636 86
2 598
554 215
99 14
107 605
11 27
448 455
619 422
439 424
196 408
484 233
556 314
214 190
43 427
535 86
210 266
266 605
30 455
536 301
125 154
349 128
449 375
521 240
486 161
86 580
535 397
90 20
534 124
343 648
558 533
349 566
218 393
496 463
159 317
273 309
384 225
178 419
602 314
469 600
142 601
135 328
405 141
271 574
368 156
289 106
374 211
34 601
105 537
590 536
361 576
354 650
477 566
79 538
638 403
168 645
32 519
433 388
635 36
72 200
484 599
650 27
217 467
591 512
260 153
238 536
23 160
376 100
2 398
568 342
35 59
121 560
411 435
98 86
491 596
37 501
240 632
179 392
130 89
305 362
103 415
182 177
583 593
500 251
254 365
96 53
644 452
467 202
436 526
522 6
109 469
265 105
406 6
169 479
245 456
527 386
77 10
635 569
372 277
513 579
623 393
288 358
255 541
112 416
488 477
381 596
605 24
95 617
648 542
266 353
126 121
481 95
216 336
309 451
284 551
380 287
448 502
632 491
164 640
150 620
135 249
184 152
212 643
384 148
119 358
39 112
563 156
655 94
68 612
634 552
436 344
144 40
202 239
60 524
128 131
284 430
9 556
412 589
38 358
638 463
219 458
245 337
419 603
612 125
325 543
510 131
595 148
311 242
498 7
327 49
352 580
156 117
148 284
542 168
315 656
118 89
612 159
197 483
355 110
288 411
182 590
6 49
243 249
150 36
475 514
82 197
318 127
145 251
491 555
5 358
281 508
364 349
461 252
118 554
477 49
144 152
533 186
599 197
484 647
209 126
341 649
149 602
30 327
567 594
475 525
282 76
45 480
156 36
123 97
486 628
270 370
252 267
272 234
398 87
549 538
643 27
657 58
28 381
331 459
102 551
237 203
615 12
599 506
120 29
491 647
259 110
382 260
129 460
62 96
403 503
49 558
346 309
214 213
599 431
68 631
240 312
212 284
48 3
370 606
392 28
121 459
36 249
269 287
64 584
185 188
130 262
555 449
334 150
226 343
45 58
158 469
401 85
522 79
567 246
470 44
385 249
479 35
221 394
221 189
365 546
244 133
547 607
140 443
498 265
587 318
41 108
527 365
216 390
305 234
446 76
502 475
381 361
566 231
5 112
241 384
562 506
320 40
0 341
337 229
478 26
604 253
254 604
474 141
320 165
316 82
210 264
330 268
106 129
510 526
134 360
130 38
341 54
469 659
589 360
35 153
317 262
423 119
340 613
149 385
457 475
333 60
30 134
538 56
349 114
646 517
393 156
246 135
391 570
85 593
208 520
190 206
329 445
57 586
505 86
137 491
160 367
625 548
55 335
478 209
384 526
651 565
614 472
246 486
323 82
512 25
258 564
633 9
174 460
605 554
84 252
166 290
87 28
42 165
290 6
388 16
102 214
235 301
423 458
285 129
134 306
448 29
180 139
654 576
2 416
443 353
297 403
117 62
554 118
457 119
430 143
375 558
270 614
257 226
537 463
655 74
568 558
3 211
581 275
298 161
597 194
614 44
126 303
14 531
373 462
157 484
522 513
529 440
542 280
113 61
433 262
616 279
440 521
603 602
492 529
150 425
630 58
604 326
29 550
324 372
133 289
284 176
102 550
8 236
347 469
220 202
144 193
335 93
349 437
255 402
265 298
406 552
345 178
49 439
419 481
273 178
307 84
573 78
1 229
647 39
656 61
144 203
546 572
431 167
81 94
215 63
227 513
547 283
43 153
145 507
601 138
474 4
297 352
315 189
562 377
81 126
312 601
288 235
566 579
342 467
259 436
468 284
140 83
556 84
590 49
261 127
284 287
55 127
313 499
221 514
201 424
254 235
18 643
366 420
496 139
20 490
153 522
427 406
236 368
656 117
410 521
72 345
580 31
125 645
308 476
312 623
471 150
386 456
616 190
175 228
342 10
227 601
357 538
111 645
7 560
429 431
491 8
530 180
593 479
479 347
158 328
569 463
534 555
24 421
533 616
79 246
409 242
131 74
311 383
328 509
266 540
238 258
426 605
629 129
159 121
317 206
555 604
399 64
478 461
153 484
399 355
372 349
130 451
227 243
157 557
293 295
101 334
357 498
23 493
264 577
22 595
266 538
461 247
461 221
331 410
336 347
432 397
65 126
66 299
71 605
280 230
31 195
245 528
440 527
305 156
196 634
57 46
38 215
75 246
235 327
226 348
288 315
626 305
557 226
22 502
61 270
2 619
146 252
361 267
654 305
326 648
571 596
25 597
250 643
649 379
213 224
374 538
458 642
201 380
234 502
380 488
193 525
22 400
530 457
596 462
202 530
201 216
376 204
183 538
653 2
375 528
520 345
180 623
155 199
423 234
523 347
100 198
275 496
511 432
88 121
571 42
484 145
234 541
70 69
651 651
525 609
651 502
24 26
581 243
399 550
271 1
6 159
596 635
59 56
74 328
627 542
606 44
61 642
378 659
202 191
64 290
75 162
172 561
55 643
61 337
262 392
89 13
560 298
455 316
540 75
485 11
443 380
211 276
160 230
306 642
647 440
545 354
266 285
184 192
487 611
208 595
155 649
479 29
319 254
98 21
649 217
108 186
498 469
280 21
333 103
451 83
118 209
557 642
492 75
186 272
280 642
440 541
218 430
506 32
215 329
495 2
398 281
348 143
98 123
307 39
415 464
134 640
82 138
131 648
524 546
399 635
249 422
481 399
555 513
189 178
597 601
470 277
568 580
245 585
613 625
393 354
650 258
437 2
63 159
71 25
355 647
11 590
517 333
433 82
22 235
550 15
458 540
155 276
541 396
566 424
307 259
255 398
372 300
48 254
155 37
635 40
600 414
290 486
570 24
110 368
2 51
36 390
420 271
185 564
524 282
654 426
143 112
393 13
491 101
264 66
272 293
617 588
34 179
81 26
154 570
327 512
600 490
148 110
412 216
259 80
413 57
81 394
651 636
285 574
223 422
375 156
657 77
460 32
320 593
89 167
531 393
177 491
626 229
546 633
110 182
603 653
134 299
137 117
467 133
199 184
122 390
272 428
252 646
32 622
623 547
637 335
250 263
536 643
317 200
510 235
57 40
532 144
618 19
467 499
439 599
594 265
165 641
440 289
168 61
552 625
81 207
427 485
325 97
33 538
391 621
161 43
392 204
104 530
639 635
8 366
389 322
496 393
532 658
322 548
239 380
200 467
654 104
564 345
100 313
438 40
387 101
11 9
404 342
441 469
300 230
529 409
413 581
210 588
228 392
332 222
363 413
207 554
334 295
326 424
99 75
624 534
35 259
651 233
194 422
8 508
75 294
525 356
191 153
483 351
76 126
439 402
204 465
129 84
543 577
31 416
613 504
147 652
276 202
269 332
72 260
105 423
56 588
9 568
627 242
329 264
87 536
390 322
41 237
488 214
232 146
526 83
107 302
658 23
507 608
191 311
37 591
87 438
345 27
648 304
156 530
626 548
451 139
17 199
491 302
16 216
48 523
75 202
102 341
4 32
301 115
62 6
383 46
322 156
412 654
100 637
125 296
349 158
117 358
530 202
458 223
503 0
153 391
205 171
149 36
272 119
634 581
27 547
160 528
207 490
533 379
270 225
541 599
315 466
465 338
387 369
403 197
306 398
257 508
58 459
659 378
221 328
276 627
97 634
525 473
324 247
147 579
161 581
331 321
560 596
290 41
158 275
10 40
370 177
418 141
411 428
424 562
272 121
420 519
37 11
384 649
57 140
587 651
261 84
308 21
502 149
457 528
396 518
530 228
571 211
224 230
59 13
47 647
434 95
517 336
225 41
32 233
594 343
199 7
475 333
251 102
572 295
293 499
456 475
590 536
416 102
141 475
114 600
236 659
524 634
435 161
254 343
43 568
245 352
341 40
501 4
218 255
563 610
248 383
644 39
147 250
408 185
599 245
423 63
431 104
554 543
529 41
90 199
115 514
407 83
297 615
66 476
249 52
7 630
207 92
439 338
521 306
485 279
262 374
62 498
455 184
562 339
329 124
256 298
253 176
628 598
212 233
17 73
7 449
65 117
496 161
354 247
52 406
618 241
324 357
463 490
139 255
292 534
50 61
262 89
656 226
415 516
224 240
491 470
367 286
484 184
52 97
82 296
218 296
328 573
194 234
44 527
167 597
520 168
193 198
493 543
290 589
546 541
63 585
599 640
229 289
378 396
443 240
123 142
127 605
8 611
416 111
567 359
564 206
122 36
498 189
424 409
321 478
201 316
119 81
29 188
254 136
251 355
235 462
441 607
167 329
619 530
284 446
657 272
300 389
572 101
594 404
183 105
223 333
101 336
300 24
419 458
161 138
432 71
645 628
304 446
161 384
221 351
467 71
251 93
589 143
367 90
274 382
421 325
120 481
52 571
39 578
305 366