680
3399
0,
1,
2,
3,
4,
5,
6,
7,
8,
9,
10,
11,
12,
13,
14,
15,
16,
17,
18,
19,
20,
21,
22,
23,
24,
25,
26,
27,
28,
29,
30,
31,
32,
33,
34,
35,
36,
37,
38,
39,
40,
41,
42,
43,
44,
45,
46,
47,
48,
49,
50,
51,
52,
53,
54,
55,
56,
57,
58,
59,
60,
61,
62,
63,
64,
65,
66,
67,
68,
69,
70,
71,
72,
73,
74,
75,
76,
77,
78,
79,
80,
81,
82,
83,
84,
85,
86,
87,
88,
89,
90,
91,
92,
93,
94,
95,
96,
97,
98,
99,
100,
101,
102,
103,
104,
105,
106,
107,
108,
109,
110,
111,
112,
113,
114,
115,
116,
117,
118,
119,
120,
121,
122,
123,
124,
125,
126,
127,
128,
129,
130,
131,
132,
133,
134,
135,
136,
137,
138,
139,
140,
141,
142,
143,
144,
145,
146,
147,
148,
149,
150,
151,
152,
153,
154,
155,
156,
157,
158,
159,
160,
161,
162,
163,
164,
165,
166,
167,
168,
169,
170,
171,
172,
173,
174,
175,
176,
177,
178,
179,
180,
181,
182,
183,
184,
185,
186,
187,
188,
189,
190,
191,
192,
193,
194,
195,
196,
197,
198,
199,
200,
201,
202,
203,
204,
205,
206,
207,
208,
209,
210,
211,
212,
213,
214,
215,
216,
217,
218,
219,
220,
221,
222,
223,
224,
225,
226,
227,
228,
229,
230,
231,
232,
233,
234,
235,
236,
237,
238,
239,
240,
241,
242,
243,
244,
245,
246,
247,
248,
249,
250,
251,
252,
253,
254,
255,
256,
257,
258,
259,
260,
261,
262,
263,
264,
265,
266,
267,
268,
269,
270,
271,
272,
273,
274,
275,
276,
277,
278,
279,
280,
281,
282,
283,
284,
285,
286,
287,
288,
289,
290,
291,
292,
293,
294,
295,
296,
297,
298,
299,
300,
301,
302,
303,
304,
305,
306,
307,
308,
309,
310,
311,
312,
313,
314,
315,
316,
317,
318,
319,
320,
321,
322,
323,
324,
325,
326,
327,
328,
329,
330,
331,
332,
333,
334,
335,
336,
337,
338,
339,
340,
341,
342,
343,
344,
345,
346,
347,
348,
349,
350,
351,
352,
353,
354,
355,
356,
357,
358,
359,
360,
361,
362,
363,
364,
365,
366,
367,
368,
369,
370,
371,
372,
373,
374,
375,
376,
377,
378,
379,
380,
381,
382,
383,
384,
385,
386,
387,
388,
389,
390,
391,
392,
393,
394,
395,
396,
397,
398,
399,
400,
401,
402,
403,
404,
405,
406,
407,
408,
409,
410,
411,
412,
413,
414,
415,
416,
417,
418,
419,
420,
421,
422,
423,
424,
425,
426,
427,
428,
429,
430,
431,
432,
433,
434,
435,
436,
437,
438,
439,
440,
441,
442,
443,
444,
445,
446,
447,
448,
449,
450,
451,
452,
453,
454,
455,
456,
457,
458,
459,
460,
461,
462,
463,
464,
465,
466,
467,
468,
469,
470,
471,
472,
473,
474,
475,
476,
477,
478,
479,
480,
481,
482,
483,
484,
485,
486,
487,
488,
489,
490,
491,
492,
493,
494,
495,
496,
497,
498,
499,
500,
501,
502,
503,
504,
505,
506,
507,
508,
509,
510,
511,
512,
513,
514,
515,
516,
517,
518,
519,
520,
521,
522,
523,
524,
525,
526,
527,
528,
529,
530,
531,
532,
533,
534,
535,
536,
537,
538,
539,
540,
541,
542,
543,
544,
545,
546,
547,
548,
549,
550,
551,
552,
553,
554,
555,
556,
557,
558,
559,
560,
561,
562,
563,
564,
565,
566,
567,
568,
569,
570,
571,
572,
573,
574,
575,
576,
577,
578,
579,
580,
581,
582,
583,
584,
585,
586,
587,
588,
589,
590,
591,
592,
593,
594,
595,
596,
597,
598,
599,
600,
601,
602,
603,
604,
605,
606,
607,
608,
609,
610,
611,
612,
613,
614,
615,
616,
617,
618,
619,
620,
621,
622,
623,
624,
625,
626,
627,
628,
629,
630,
631,
632,
633,
634,
635,
636,
637,
638,
639,
640,
641,
642,
643,
644,
645,
646,
647,
648,
649,
650,
651,
652,
653,
654,
655,
656,
657,
658,
659,
660,
661,
662,
663,
664,
665,
666,
667,
668,
669,
670,
671,
672,
673,
674,
675,
676,
677,
678,
679
675 86
86 259
259 200
200 139
139 600
600 270
270 398
398 459
459 147
147 499
499 124
124 507
507 123
123 160
160 230
230 305
305 519
519 260
260 511
511 179
179 85
85 678
678 598
598 590
590 355
355 594
594 435
435 421
421 541
541 333
333 108
108 621
621 126
126 339
339 311
311 240
240 38
38 656
656 180
180 516
516 90
90 274
274 136
136 564
564 483
483 33
33 436
436 528
528 343
343 44
44 492
492 377
377 201
201 10
10 494
494 664
664 286
286 236
236 495
495 78
78 346
346 91
91 325
325 331
331 135
135 593
593 366
366 490
490 300
300 45
45 546
546 229
229 69
69 26
26 549
549 296
296 303
303 568
568 208
208 63
63 165
165 498
498 359
359 588
588 450
450 654
654 276
276 132
132 191
191 464
464 353
353 612
612 384
384 196
196 88
88 14
14 581
581 258
258 125
125 493
493 425
425 537
537 183
183 622
622 423
423 671
671 316
316 368
368 609
609 489
489 481
481 626
626 669
669 238
238 544
544 347
347 374
374 577
577 101
101 6
6 427
427 376
376 532
532 437
437 411
411 539
539 420
420 394
394 334
334 103
103 329
329 592
592 304
304 185
185 371
371 153
153 597
597 538
538 574
574 479
479 8
8 390
390 0
0 584
584 54
54 3
3 207
207 117
117 302
302 473
473 50
50 576
576 417
417 199
199 335
335 463
463 644
644 226
226 174
174 349
349 157
157 81
81 176
176 378
378 154
154 41
41 676
676 93
93 250
250 75
75 327
327 52
52 186
186 659
659 607
607 413
413 433
433 137
137 606
606 148
148 404
404 16
16 395
395 471
471 527
527 204
204 194
194 673
673 66
66 520
520 639
639 245
245 211
211 131
131 557
557 370
370 134
134 357
357 28
28 280
280 163
163 241
241 543
543 275
275 674
674 98
98 2
2 508
508 203
203 388
388 288
288 261
261 672
672 449
449 566
566 237
237 212
212 307
307 636
636 605
605 234
234 266
266 15
15 431
431 328
328 445
445 225
225 92
92 246
246 12
12 65
65 177
177 97
97 379
379 604
604 130
130 472
472 356
356 189
189 578
578 635
635 100
100 560
560 418
418 408
408 216
216 608
608 589
589 114
114 83
83 60
60 20
20 144
144 289
289 24
24 643
643 22
22 649
649 313
313 113
113 172
172 571
571 375
375 460
460 628
628 49
49 64
64 668
668 67
67 545
545 228
228 497
497 455
455 536
536 187
187 603
603 326
326 509
509 468
468 655
655 293
293 263
263 57
57 360
360 513
513 422
422 563
563 129
129 476
476 542
542 221
221 405
405 401
401 197
197 382
382 558
558 175
175 387
387 526
526 319
319 242
242 397
397 441
441 119
119 206
206 190
190 629
629 62
62 156
156 406
406 122
122 79
79 372
372 461
461 454
454 43
43 171
171 451
451 633
633 55
55 677
677 530
530 142
142 166
166 585
585 569
569 37
37 444
444 224
224 264
264 281
281 243
243 283
283 89
89 235
235 140
140 233
233 61
61 467
467 336
336 616
616 46
46 256
256 73
73 565
565 535
535 650
650 99
99 587
587 510
510 582
582 279
279 579
579 323
323 618
618 620
620 523
523 448
448 222
222 556
556 314
314 660
660 439
439 121
121 317
317 456
456 361
361 559
559 381
381 220
220 71
71 457
457 469
469 392
392 403
403 322
322 663
663 11
11 299
299 393
393 141
141 184
184 504
504 202
202 110
110 548
548 601
601 210
210 82
82 217
217 389
389 167
167 58
58 648
648 653
653 428
428 252
252 503
503 164
164 367
367 641
641 84
84 128
128 670
670 277
277 116
116 631
631 540
540 31
31 94
94 485
485 29
29 651
651 409
409 615
615 380
380 36
36 632
632 567
567 321
321 583
583 47
47 253
253 487
487 430
430 269
269 181
181 552
552 424
424 255
255 474
474 312
312 340
340 273
273 480
480 415
415 109
109 145
145 338
338 262
262 426
426 610
610 440
440 298
298 399
399 272
272 133
133 294
294 665
665 602
602 534
534 188
188 249
249 365
365 170
170 547
547 402
402 213
213 318
318 410
410 412
412 118
118 23
23 529
529 383
383 386
386 205
205 348
348 308
308 265
265 506
506 72
72 232
232 30
30 310
310 486
486 257
257 452
452 599
599 173
173 500
500 9
9 518
518 107
107 51
51 419
419 341
341 96
96 247
247 369
369 502
502 637
637 517
517 646
646 561
561 554
554 239
239 254
254 496
496 611
611 525
525 332
332 178
178 505
505 679
679 619
619 59
59 68
68 159
159 458
458 462
462 432
432 219
219 95
95 647
647 291
291 478
478 106
106 447
447 514
514 638
638 143
143 521
521 290
290 522
522 657
657 573
573 53
53 17
17 74
74 152
152 292
292 4
4 320
320 342
342 115
115 396
396 315
315 661
661 76
76 624
624 591
591 614
614 416
416 162
162 466
466 111
111 351
351 215
215 453
453 391
391 271
271 434
434 324
324 282
282 658
658 634
634 429
429 623
623 13
13 551
551 533
533 596
596 373
373 667
667 524
524 169
169 104
104 465
465 364
364 295
295 488
488 575
575 350
350 168
168 19
19 512
512 640
640 617
617 470
470 297
297 501
501 284
284 400
400 268
268 330
330 385
385 149
149 586
586 531
531 345
345 484
484 627
627 182
182 438
438 630
630 278
278 306
306 642
642 32
32 105
105 446
446 562
562 482
482 5
5 267
267 161
161 227
227 40
40 301
301 146
146 70
70 218
218 127
127 158
158 155
155 352
352 553
553 112
112 102
102 1
1 251
251 442
442 443
443 645
645 150
150 138
138 595
595 358
358 625
625 77
77 25
25 550
550 231
231 34
34 414
414 214
214 42
42 209
209 151
151 244
244 27
27 362
362 515
515 80
80 248
248 198
198 192
192 48
48 570
570 344
344 477
477 662
662 572
572 193
193 363
363 120
120 18
18 21
21 195
195 87
87 35
35 666
666 287
287 337
337 407
407 309
309 39
39 491
491 475
475 285
285 652
652 7
7 555
555 56
56 613
613 223
223 580
580 354
482 194
174 254
476 297
441 165
158 667
562 672
281 427
277 15
346 391
132 559
5 46
474 185
486 94
421 255
167 359
251 87
645 297
590 448
504 551
566 528
364 68
170 465
70 515
58 210
117 157
525 79
640 636
293 670
248 165
168 427
520 544
436 98
399 451
580 642
485 556
376 137
610 423
659 655
221 381
161 433
421 51
534 456
350 8
455 127
462 154
560 461
499 46
611 446
678 204
672 492
407 579
353 295
582 528
59 525
568 143
556 206
645 58
576 321
116 124
228 184
168 391
79 196
82 541
378 333
226 223
336 240
373 574
431 613
355 483
464 480
282 597
318 671
607 383
59 25
217 535
305 367
543 274
478 536
370 279
621 266
624 179
224 514
600 527
79 359
69 194
121 311
345 121
367 167
98 310
433 244
620 321
7 176
453 347
410 57
193 204
174 657
510 453
167 205
319 287
461 462
102 8
216 533
392 592
610 201
643 494
525 614
411 312
603 446
9 60
262 163
313 79
679 454
266 180
466 613
5 88
362 246
288 269
9 549
8 399
20 70
516 203
269 366
297 569
163 53
146 500
296 49
635 656
627 116
410 393
586 596
456 114
465 670
12 110
610 7
580 644
188 580
354 229
251 474
244 340
357 498
69 617
581 360
135 8
176 78
486 480
494 668
64 390
317 563
231 126
598 345
69 435
193 422
612 86
338 90
656 90
446 340
324 193
589 30
169 480
98 433
282 604
616 301
651 663
385 649
112 453
479 345
339 428
198 215
560 338
576 347
607 638
548 662
53 19
580 261
316 194
205 496
112 569
211 577
404 522
119 542
34 346
423 472
298 533
76 396
104 237
305 299
13 334
506 651
465 206
596 125
187 490
63 46
559 110
365 386
51 398
552 580
358 502
621 519
165 671
654 217
331 574
236 359
136 243
94 424
240 403
265 410
666 664
334 285
304 338
25 23
624 187
61 417
64 163
329 223
527 408
557 64
601 638
464 134
330 394
620 531
528 622
360 24
470 32
11 95
513 207
89 195
276 105
500 641
354 287
6 87
541 343
612 387
274 638
152 411
29 182
551 544
249 155
66 245
437 470
285 379
222 668
147 17
451 24
110 547
87 316
364 281
592 89
518 251
105 519
304 519
133 454
603 126
323 611
462 523
463 294
504 513
483 595
137 225
613 671
545 364
379 315
268 130
451 622
590 399
33 17
330 534
286 175
254 132
286 151
550 573
78 270
42 166
422 249
142 86
32 271
17 412
504 232
372 32
262 544
93 644
280 249
222 355
83 261
651 440
159 65
474 278
171 544
108 419
511 93
99 75
82 162
478 55
138 543
432 534
133 308
390 314
54 120
447 174
649 565
3 446
207 93
328 412
185 640
184 532
223 340
200 438
588 449
402 352
287 5
75 330
193 213
1 472
23 546
623 221
327 406
515 253
157 23
126 149
589 362
100 206
549 580
125 597
468 570
676 632
15 101
300 257
518 232
453 387
331 620
513 267
162 199
212 578
406 27
461 518
69 75
531 423
11 278
619 114
237 648
162 228
66 496
154 20
534 19
676 289
489 579
484 257
222 473
397 30
429 355
437 470
136 33
382 22
422 478
150 308
256 83
224 187
466 558
508 162
194 177
119 287
146 656
495 340
625 40
497 482
122 393
469 644
520 190
607 542
396 10
516 189
243 333
77 280
64 99
458 97
516 559
547 318
440 347
114 513
71 365
612 146
546 428
148 485
525 254
307 5
576 83
505 213
657 163
349 556
627 577
521 273
355 276
430 227
537 628
78 316
122 51
592 408
448 660
579 515
215 3
604 387
399 54
418 9
343 272
602 613
297 359
505 210
313 174
460 340
364 31
260 278
209 129
3 68
17 281
456 286
153 150
72 615
42 517
74 538
339 120
351 68
262 116
339 104
446 326
555 5
630 608
194 592
621 143
389 582
377 672
604 73
138 607
244 173
448 259
639 13
437 36
181 524
377 636
269 464
544 653
477 524
56 468
132 79
369 464
627 356
413 155
274 166
71 179
493 518
424 647
457 395
91 265
487 31
592 325
434 336
541 563
367 485
6 600
183 6
475 417
275 450
295 641
276 441
414 678
43 563
70 502
368 116
73 2
331 611
403 136
217 408
102 125
613 8
78 580
212 189
483 453
371 676
484 106
36 138
633 455
118 241
91 450
642 278
12 612
483 469
147 8
136 349
40 7
613 248
428 270
270 171
596 155
0 569
462 28
161 632
77 294
297 121
226 396
358 560
275 178
223 465
366 88
17 311
96 291
39 87
355 290
373 237
488 611
314 145
394 173
553 279
116 344
83 51
19 15
64 330
71 139
478 131
308 352
591 542
191 429
616 351
205 608
297 272
139 357
500 153
562 251
12 177
629 403
615 619
432 189
373 547
90 389
144 254
574 521
128 26
338 52
502 317
206 652
655 664
399 376
259 585
148 642
296 103
430 453
623 134
419 18
602 59
606 666
667 255
420 386
90 226
370 623
553 419
173 28
244 555
503 118
479 548
96 174
1 45
403 231
58 82
553 411
191 352
205 67
433 191
514 432
9 78
335 421
474 533
17 232
286 56
399 191
266 325
648 213
337 163
448 542
400 667
93 405
207 562
587 106
220 311
566 521
201 449
647 596
213 303
244 615
408 53
335 404
165 110
332 470
494 414
40 419
453 626
218 8
37 303
41 425
484 80
661 534
517 16
54 546
355 488
418 483
89 23
367 127
536 354
42 577
408 476
611 448
204 627
494 278
303 535
600 224
142 565
471 319
139 382
478 186
466 634
653 363
384 383
521 653
52 212
280 452
93 297
179 488
49 379
119 267
94 457
516 160
325 255
663 473
416 216
499 125
529 149
62 325
204 115
380 220
152 618
419 249
187 341
474 293
582 409
390 28
472 295
346 472
669 197
232 520
228 135
380 265
180 0
300 347
74 22
89 50
147 425
319 236
611 433
361 165
413 25
232 657
503 269
148 377
553 647
558 369
96 287
555 345
224 235
361 493
666 79
351 413
173 497
424 40
193 621
582 406
203 349
563 261
523 667
251 44
2 407
356 8
529 130
126 184
654 336
255 364
102 565
265 468
74 531
493 98
266 395
212 195
391 145
0 170
351 258
30 586
113 204
302 110
276 346
600 472
5 139
512 300
610 267
600 95
225 347
275 541
298 614
551 643
490 13
382 587
544 357
571 630
329 325
545 478
552 281
489 379
157 203
155 124
340 570
83 82
252 495
165 180
436 47
352 161
265 294
475 346
509 520
248 531
333 491
104 535
154 116
666 405
651 271
297 611
11 472
461 586
71 653
397 35
267 57
375 581
479 454
23 6
548 371
266 668
220 632
23 449
117 510
174 207
351 17
149 505
404 544
494 31
202 393
665 449
631 184
591 117
146 447
334 619
127 279
27 378
122 242
119 649
518 675
158 666
527 590
49 420
443 192
647 52
46 562
184 656
332 637
307 350
328 85
397 559
92 82
481 474
502 209
430 71
128 375
476 475
417 377
329 126
284 71
143 338
177 29
426 101
14 235
354 424
548 18
382 100
65 483
655 230
568 173
174 143
94 163
379 164
397 520
619 446
458 23
257 345
281 221
572 177
531 475
332 305
670 563
370 320
120 606
262 362
381 42
438 521
103 70
370 230
550 2
325 482
585 12
86 328
258 218
307 154
334 96
516 549
415 154
614 421
573 86
122 160
673 584
148 473
168 236
348 582
554 284
637 243
587 517
250 491
146 38
217 629
293 209
282 291
408 203
157 484
71 324
662 623
34 267
341 440
50 81
10 89
25 556
51 622
462 390
341 165
284 13
193 373
435 50
290 63
570 588
353 25
576 187
187 483
90 65
269 13
65 169
84 476
292 106
277 347
674 606
335 585
5 81
205 82
16 405
652 262
42 281
381 227
676 628
534 635
313 532
482 206
26 38
49 342
164 399
669 398
483 195
73 406
451 462
402 139
52 581
252 295
40 434
226 626
267 444
493 248
218 298
628 269
511 288
112 468
411 671
82 390
133 105
190 23
595 450
153 22
629 519
199 69
570 198
427 678
406 546
548 622
479 36
94 82
490 513
281 142
169 303
558 58
202 18
230 580
420 615
52 385
186 500
229 244
59 626
19 661
596 135
439 431
220 23
520 246
402 178
185 424
412 69
635 283
156 294
392 365
159 232
605 462
225 101
595 184
1 191
303 20
183 218
218 530
178 139
18 525
664 575
139 533
649 385
517 408
465 548
291 59
586 162
319 106
621 428
164 519
13 139
372 470
259 445
675 196
236 95
670 586
203 43
444 550
193 417
120 678
211 563
274 526
476 308
327 675
339 51
180 170
125 157
164 463
195 358
485 679
610 32
510 612
671 231
23 516
366 3
234 420
91 232
655 47
387 24
507 266
351 505
55 285
113 235
444 666
477 531
454 357
540 373
653 659
240 35
578 483
261 20
143 261
130 417
535 477
154 209
210 239
674 290
678 606
67 401
362 102
63 373
301 36
102 140
346 538
437 234
228 57
410 73
124 329
485 491
126 426
495 226
387 267
171 281
319 625
86 560
586 214
291 244
225 480
400 437
656 4
234 608
521 641
279 150
566 537
660 217
68 243
445 177
577 98
36 433
589 63
527 425
37 538
72 97
297 278
53 349
91 346
111 661
388 460
99 456
80 207
268 659
118 246
273 71
118 600
137 522
200 583
571 129
570 70
207 342
252 249
43 171
585 303
119 534
232 199
406 416
314 497
433 282
69 130
166 238
5 120
105 148
163 222
640 337
296 413
438 23
408 282
318 417
90 556
234 600
377 234
495 312
675 363
282 79
166 216
51 485
333 678
136 474
669 469
519 201
204 451
532 413
252 573
149 543
333 558
542 622
343 305
462 561
46 285
640 187
608 237
493 154
88 269
342 150
646 509
570 280
656 211
291 346
235 261
346 130
106 285
261 461
59 196
550 20
120 671
371 85
102 207
610 417
258 345
441 42
533 654
405 540
635 44
280 334
195 131
305 465
579 440
494 197
300 112
45 228
550 650
349 342
480 451
121 643
540 73
386 571
186 143
336 613
250 490
371 238
486 589
398 631
601 395
2 78
541 415
277 243
386 116
527 304
398 178
330 607
7 424
198 637
470 94
640 311
276 59
441 445
32 175
513 145
247 537
195 270
169 662
36 677
71 477
53 423
155 53
432 273
166 571
77 621
234 230
42 594
196 565
174 589
204 672
173 66
309 594
182 78
641 647
620 671
321 58
679 236
13 374
88 387
172 436
522 422
45 383
226 261
457 171
400 532
25 645
68 270
554 676
49 184
501 634
89 416
602 672
224 173
82 53
648 286
417 384
351 338
215 543
651 112
218 582
489 69
102 423
304 256
241 648
647 429
446 174
642 204
249 501
482 606
596 410
611 213
637 81
520 22
3 169
341 180
479 291
222 90
81 252
224 422
600 148
34 500
321 499
402 212
599 58
268 598
168 258
141 188
583 376
426 553
592 544
622 425
362 338
44 573
72 252
508 450
619 20
154 209
326 317
36 5
586 505
454 217
1 247
127 89
381 296
248 533
454 272
170 346
450 282
103 104
98 99
233 136
599 250
475 228
568 415
102 447
262 613
330 620
443 678
497 373
639 222
137 276
635 276
398 10
528 33
287 197
552 468
382 368
326 88
28 330
555 177
139 286
559 536
580 658
102 447
607 73
18 454
448 71
189 627
0 15
126 107
427 104
620 121
79 440
638 128
603 17
605 500
615 49
490 419
345 387
507 604
114 113
325 380
24 595
314 664
440 157
165 416
156 228
64 324
422 38
591 351
583 532
315 91
177 505
106 127
45 509
454 569
538 388
414 36
293 488
536 340
275 619
261 664
289 305
419 194
130 33
299 139
566 545
534 650
181 577
192 401
143 438
146 380
395 200
632 433
677 369
540 652
353 281
234 645
624 304
272 249
526 26
49 394
522 211
394 595
367 67
289 485
112 637
436 147
246 312
67 94
462 167
156 378
433 16
325 101
161 38
657 85
78 169
516 579
240 412
519 500
434 29
323 11
159 135
404 618
259 412
29 153
143 602
508 636
426 81
407 451
147 395
482 418
320 170
142 173
137 480
107 196
225 304
9 292
125 334
400 444
47 342
410 399
610 180
241 417
497 44
569 12
466 88
229 61
191 133
340 121
166 431
611 550
548 108
149 361
628 616
290 431
404 515
661 371
623 86
26 5
124 467
284 359
45 562
546 156
239 652
173 270
658 370
201 511
550 390
197 230
464 216
231 454
546 286
395 101
249 323
554 206
96 200
387 544
409 544
456 112
0 564
596 434
328 628
573 549
130 454
425 473
318 274
600 79
526 30
537 249
615 622
323 139
670 539
321 238
607 677
305 203
518 443
453 571
439 545
176 168
105 436
561 332
589 68
184 532
35 464
159 170
343 59
406 291
340 152
8 50
275 403
587 575
487 348
544 156
274 447
616 464
552 291
252 111
518 96
310 275
124 642
328 402
267 4
619 288
61 642
2 70
328 245
676 500
46 575
80 214
105 244
654 507
15 336
411 306
76 596
324 556
547 666
277 200
384 327
221 32
606 179
437 500
632 600
119 552
370 166
634 259
394 348
530 587
32 49
70 164
538 522
381 247
48 286
28 659
637 298
400 159
80 384
223 593
242 609
428 134
305 54
617 248
469 503
512 409
442 581
427 416
531 301
658 184
296 210
499 377
358 397
19 626
73 465
178 651
577 185
317 621
401 333
225 671
401 165
229 332
570 286
175 626
196 104
279 222
330 134
66 615
88 81
295 651
199 435
409 394
262 640
346 433
105 219
332 148
346 187
555 597
335 427
602 474
654 333
528 576
514 117
577 547
621 649
18 506
583 62
174 255
621 229
359 9
582 437
311 285
547 539
11 632
260 431
542 60
427 375
15 652
392 181
289 654
588 656
431 425
5 483
263 188
31 418
228 64
365 310
243 250
156 16
56 16
575 444
131 166
6 110
460 322
530 104
282 154
548 508
474 204
668 22
212 448
501 525
326 134
31 209
482 395
235 177
471 586
121 595
391 363
349 600
322 355
446 43
171 553
88 528
367 367
69 326
34 596
656 608
379 279
260 209
339 259
480 665
671 516
536 230
491 5
475 256
634 282
322 554
477 113
304 491
395 529
272 213
222 154
358 528
185 390
41 68
334 12
586 217
147 439
486 48
527 537
585 612
406 564
132 602
625 18
356 86
428 206
497 465
502 234
406 230
367 675
520 85
598 498
120 92
546 55
679 278
634 560
397 455
646 628
597 555
308 367
312 150
145 122
154 4
263 180
226 431
264 381
155 425
222 570
307 586
145 444
357 8
219 151
114 445
424 174
65 348
358 70
238 426
454 451
677 453
373 79
419 129
674 632
227 28
499 213
34 471
195 250
115 279
441 518
504 176
270 453
146 110
653 125
2 520
505 159
395 414
470 34
495 346
572 554
90 525
266 432
160 124
100 272
285 450
411 45
624 469
24 545
225 235
8 398
84 468
10 59
406 613
126 93
293 570
0 678
378 471
304 462
340 509
62 21
590 414
504 499
149 611
219 536
486 48
0 636
194 604
613 549
523 485
75 68
585 105
295 19
68 62
371 460
564 319
434 245
95 267
322 61
173 608
242 472
461 170
340 26
660 508
426 154
516 280
566 661
263 157
642 395
249 494
58 9
520 216
403 609
350 328
555 52
184 293
268 310
247 590
452 169
238 583
618 407
407 454
678 51
41 28
176 421
56 292
647 289
162 539
187 309
79 576
650 247
88 273
281 599
500 562
232 673
464 136
516 76
378 33
324 392
415 209
401 478
175 110
492 578
607 469
210 120
270 41
468 124
532 29
285 119
504 603
180 445
628 351
550 393
439 18
497 170
357 412
511 546
226 461
678 13
287 81
216 277
167 58
42 36
185 669
601 672
409 143
174 208
201 613
149 108
584 528
71 112
15 270
144 116
246 100
226 116
469 621
537 25
492 446
6 233
374 356
188 131
166 349
10 310
17 433
115 445
83 110
254 360
556 229
324 363
107 381
242 598
614 194
298 150
447 203
141 7
282 443
89 591
84 483
493 137
217 493
648 638
484 3
440 559
630 254
139 598
655 45
309 147
479 126
19 337
376 584
281 547
500 92
341 345
463 235
243 256
278 321
203 420
552 210
388 632
374 291
518 87
83 480
503 265
513 490
202 629
115 38
337 36
255 316
543 345
300 24
591 611
234 180
679 619
650 315
438 212
375 281
145 504
138 71
463 167
114 219
275 301
489 66
491 374
553 287
588 102
300 98
615 295
166 583
461 632
14 439
20 227
408 240
67 246
224 571
370 585
2 593
15 288
56 498
516 343
439 105
209 227
504 525
589 584
665 402
319 181
668 570
65 521
596 485
659 361
521 143
70 452
631 204
444 64
564 237
637 10
537 273
511 466
334 590
281 497
647 397
601 466
175 608
526 399
536 13
597 336
327 547
216 622
7 361
582 619
191 276
80 537
277 312
559 259
477 277
86 95
429 591
219 663
215 195
333 213
635 428
542 617
364 361
573 115
519 51
532 543
120 138
618 282
578 355
461 649
576 277
82 193
638 46
303 520
593 144
322 491
522 356
604 321
351 128
21 180
32 558
65 93
44 367
535 391
132 254
102 195
297 171
265 521
562 109
350 662
497 138
568 433
103 319
252 153
275 656
494 103
149 554
501 233
168 219
79 51
560 565
491 162
28 24
660 146
570 479
601 42
353 311
233 177
588 244
514 57
137 269
327 662
421 555
639 211
131 374
421 318
364 330
33 275
227 259
593 370
554 642
267 384
466 336
233 439
394 154
553 343
18 580
579 474
462 419
659 380
64 318
549 117
492 266
416 116
136 193
295 419
259 568
121 142
333 283
673 589
539 292
581 364
339 461
338 435
661 191
259 399
392 525
113 555
222 61
211 347
109 369
470 277
624 578
397 641
226 128
363 93
649 65
101 28
409 24
209 481
499 241
622 372
272 445
577 650
672 452
553 225
214 598
591 257
15 200
570 396
112 141
95 267
349 77
49 311
131 116
427 503
512 124
570 599
561 430
238 458
478 298
234 15
198 666
100 515
495 22
553 263
43 607
375 379
266 321
561 365
614 40
508 277
13 400
191 210
625 127
144 173
54 455
503 338
300 208
517 298
117 588
580 399
264 139
276 620
283 436
12 134
629 199
231 213
34 584
251 567
106 551
490 157
603 492
606 545
655 530
217 178
250 0
98 423
389 419
254 560
400 73
222 631
308 345
666 447
207 575
232 427
38 647
149 356
579 388
185 360
144 403
238 545
450 257
384 135
106 584
125 45
491 14
506 139
653 488
539 347
610 110
431 103
533 49
305 194
593 587
199 447
411 28
491 258
316 599
71 646
278 423
634 114
658 69
70 584
185 422
139 497
594 158
231 601
59 13
19 228
123 639
280 55
24 590
156 471
17 448
164 429
584 301
38 228
153 4
0 370
324 400
217 152
644 442
269 426
126 308
669 140
664 595
74 562
82 589
391 591
226 406
572 113
316 9
65 409
180 474
554 99
131 1
460 505
302 60
331 178
675 348
16 289
496 111
22 344
450 307
34 218
43 436
294 430
625 2
380 558
321 116
109 547
541 507
17 218
1 101
108 600
611 62
664 213
577 311
47 301
349 213
511 336
380 614
331 654
293 654
102 279
427 149
133 147
495 137
640 297
502 566
132 436
572 670
134 326
134 94
592 673
101 59
188 142
594 90
409 270
2 38
658 533
131 480
625 444
539 415
612 432
189 50
503 124
230 202
258 264
91 285
657 386
557 196
303 458
47 522
409 504
464 453
156 325
12 139
322 65
247 255
28 13
589 466
157 652
463 274
136 641
394 555
195 135
362 536
207 534
219 611
587 333
274 221
73 261
602 616
83 250
655 182
560 169
199 462
129 371
480 325
126 266
514 184
417 238
436 514
509 214
94 545
396 485
183 331
3 408
166 545
198 445
268 317
300 1
457 340
11 420
394 12
486 198
274 500
462 147
585 420
485 553
487 311
515 110
461 519
226 170
239 434
259 623
327 432
0 343
49 335
458 633
291 193
317 191
37 494
525 355
236 150
400 161
76 298
96 411
511 279
482 629
628 549
390 190
552 385
622 254
41 539
588 6
117 410
80 34
168 414
667 290
79 336
576 176
547 428
34 509
76 134
622 72
475 314
1 419
541 249
314 305
274 177
80 512
317 589
268 371
188 110
33 196
391 585
375 406
300 461
271 268
383 454
539 565
427 619
414 551
651 390
670 140
49 242
104 385
316 277
348 224
486 206
120 656
107 192
593 285
41 652
352 463
362 434
2 523
432 392
343 277
387 416
556 218
354 360
24 670
103 650
57 244
298 381
21 640
158 287
369 111
411 396
339 32
386 610
493 95
511 178
357 285
621 508
539 203
563 241
430 206
464 460
483 25
632 16
54 493
404 280
416 134
552 267
609 278
263 157
199 61
355 66
465 643
84 78
421 144
540 257
630 491
43 54
97 455
546 69
238 436
100 407
654 251
125 110
174 495
365 156
441 203
226 195
273 583
372 311
312 29
413 91
32 640
412 200
576 590
570 587
307 309
519 470
311 197
429 484
467 16
473 35
413 116
29 358
240 241
283 39
447 33
510 497
187 300
64 195
316 102
182 364
331 436
473 475
214 297
523 430
13 536
89 284
221 221
662 263
143 41
152 7
53 541
653 660
245 31
560 187
276 592
155 248
472 69
471 275
251 206
265 664
438 38
491 273
174 259
342 17
309 368
389 677
163 579
622 529
286 512
675 92
148 214
271 615
128 56
463 78
553 624
436 542
411 527
310 436
68 614
603 257
590 511
410 73
370 220
78 271
262 168
537 644
133 92
192 481
130 377
521 116
485 505
165 150
602 368
393 314
117 229
421 564
32 599
167 309
420 223
640 143
285 435
605 362
358 570
429 258
168 287
585 489
156 166
435 47
294 329
151 58
613 447
287 114
206 247
268 330
42 354
124 346
315 528
258 665
163 25
386 610
588 161
219 382
585 4
406 134
445 5
554 547
79 43
332 534
483 593
314 165
90 556
88 351
452 639
368 4
228 442
459 453
677 434
643 491
654 545
225 425
523 675
157 337
396 575
320 227
463 416
463 489
459 517
230 31
171 616
350 30
300 417
527 443
373 146
624 403
130 432
171 543
153 288
146 240
296 283
522 278
300 355
10 521
256 66
373 665
246 647
48 518
567 91
187 488
295 447
283 34
212 626
522 292
674 181
328 85
614 69
155 196
668 603
4 316
0 18
399 431
391 354
182 484
538 413
216 566
558 438
90 499
158 335
539 72
363 332
348 466
672 91
193 525
603 404
583 496
252 456
444 423
309 424
110 601
111 19
667 379
199 271
349 336
205 285
84 277
553 447
659 110
193 629
501 283
238 580
309 67
266 82
630 668
562 473
202 115
227 14
510 410
199 401
45 338
281 669
360 443
594 659
21 510
596 394
565 44
656 47
205 124
110 632
146 452
180 189
635 356
212 340
57 335
314 421
325 327
256 595
54 441
37 341
601 93
80 594
641 198
292 178
654 193
562 340
617 138
102 615
307 529
325 274
330 575
516 421
373 95
269 282
662 632
669 630
86 626
521 150
277 258
532 280
71 575
346 50
136 170
363 30
182 530
288 291
545 640
318 593
53 244
410 517
63 11
147 148
169 301
55 502
476 31
580 594
134 148
396 498
530 655
111 425
478 53
562 42
169 543
97 225
679 580
294 529
416 94
279 526
30 471
402 434
74 273
384 404
676 225
184 609
83 561
109 492
82 519
637 261
522 15
571 109
305 451
153 54
500 595
101 518
172 305
532 276
559 273
596 365
679 563
306 475
656 269
11 72
416 566
339 603
656 143
223 212
181 414
446 619
158 401
654 562
578 297
39 543
503 651
457 255
340 249
53 613
219 218
143 321
462 228
236 587
457 297
119 456
385 46
249 388
155 81
377 380
159 377
100 576
510 218
586 630
389 621
148 657
486 101
623 266
549 414
619 536
117 668
494 331
380 294
507 398
21 136
112 354
583 44
583 111
299 368
90 17
361 634
390 138
263 105
638 521
380 153
262 326
221 354
301 654
284 651
608 321
316 327
363 345
519 283
405 200
517 527
275 138
583 582
463 22
263 517
98 195
451 205
200 205
358 224
39 264
118 625
409 182
373 357
234 279
376 666
487 28
261 542
233 650
224 355
13 621
420 443
609 388
244 596
531 306
137 520
20 121
656 434
540 189
5 161
593 51
35 604