68
339
0,
1,
2,
3,
4,
5,
6,
7,
8,
9,
10,
11,
12,
13,
14,
15,
16,
17,
18,
19,
20,
21,
22,
23,
24,
25,
26,
27,
28,
29,
30,
31,
32,
33,
34,
35,
36,
37,
38,
39,
40,
41,
42,
43,
44,
45,
46,
47,
48,
49,
50,
51,
52,
53,
54,
55,
56,
57,
58,
59,
60,
61,
62,
63,
64,
65,
66,
67
34 24
24 31
31 47
47 65
65 32
32 9
9 4
4 61
61 18
18 52
52 20
20 42
42 41
41 56
56 2
2 0
0 3
3 37
37 64
64 43
43 50
50 46
46 44
44 22
22 57
57 29
29 53
53 19
19 15
15 21
21 63
63 11
11 33
33 48
48 49
49 40
40 8
8 28
28 30
30 36
36 25
25 39
39 16
16 1
1 58
58 23
23 6
6 55
55 66
66 38
38 54
54 62
62 12
12 27
27 45
45 5
5 10
10 35
35 51
51 60
60 59
59 26
26 13
13 14
14 7
7 67
67 17
42 18
53 52
5 13
25 58
29 15
6 46
51 19
33 30
44 66
42 49
29 26
19 10
17 38
19 47
63 32
27 63
65 52
19 24
1 25
52 27
49 41
56 24
35 33
2 9
12 53
62 34
23 65
62 56
28 10
4 17
51 59
4 59
47 52
50 57
53 35
30 54
67 61
25 49
13 67
65 10
39 36
24 3
25 56
64 53
35 32
44 58
4 7
3 47
33 54
26 57
17 34
4 50
28 0
64 51
25 38
23 27
5 4
30 32
8 48
48 25
25 10
26 31
47 7
57 58
55 52
18 40
39 38
41 16
53 67
5 1
40 39
66 63
6 28
6 17
31 40
53 9
16 24
21 49
53 45
44 59
3 17
61 7
13 11
51 15
39 32
61 6
58 30
11 14
43 14
61 12
38 8
36 14
65 19
3 45
10 7
60 17
17 47
23 21
66 21
29 58
36 7
3 65
15 50
25 65
19 39
60 38
20 23
63 59
4 33
21 67
44 44
58 52
60 9
53 56
38 21
53 49
26 45
53 13
7 27
5 51
65 38
29 18
29 26
2 47
49 20
49 7
56 0
20 16
33 24
30 3
66 5
35 9
51 23
48 45
36 60
13 32
46 25
52 53
21 37
34 47
26 54
0 45
8 57
14 65
45 39
16 62
27 6
59 31
13 65
18 39
40 3
6 45
19 7
36 51
33 20
19 37
1 42
56 29
45 44
14 50
35 46
54 31
51 54
46 22
42 20
59 6
55 67
42 67
4 48
26 46
23 3
47 58
52 16
1 65
21 28
44 29
60 36
37 38
57 48
16 23
64 51
41 11
2 42
19 30
33 44
20 47
30 52
22 43
27 57
55 30
66 41
67 40
41 51
6 2
44 1
46 3
57 57
54 29
56 41
66 57
51 27
29 13
35 11
26 27
53 34
60 1
5 33
39 39
6 64
23 22
15 59
30 3
34 3
62 10
8 67
36 4
65 22
50 42
19 12
33 39
62 60
54 59
7 63
53 21
48 51
19 60
53 58
48 51
46 21
13 33
63 5
28 3
64 14
1 60
7 10
5 10
5 64
16 31
14 53
51 4
46 23
43 1
64 47
52 2
46 30
51 19
45 62
3 66
18 22
12 8
10 31
21 32
54 48
39 62
56 64
50 28
66 46
63 40
29 36
38 38
41 55
47 59
3 32
55 7
67 67
62 30
51 11
4 27
8 62
30 34
7 43
40 31