690
3449
0,
1,
2,
3,
4,
5,
6,
7,
8,
9,
10,
11,
12,
13,
14,
15,
16,
17,
18,
19,
20,
21,
22,
23,
24,
25,
26,
27,
28,
29,
30,
31,
32,
33,
34,
35,
36,
37,
38,
39,
40,
41,
42,
43,
44,
45,
46,
47,
48,
49,
50,
51,
52,
53,
54,
55,
56,
57,
58,
59,
60,
61,
62,
63,
64,
65,
66,
67,
68,
69,
70,
71,
72,
73,
74,
75,
76,
77,
78,
79,
80,
81,
82,
83,
84,
85,
86,
87,
88,
89,
90,
91,
92,
93,
94,
95,
96,
97,
98,
99,
100,
101,
102,
103,
104,
105,
106,
107,
108,
109,
110,
111,
112,
113,
114,
115,
116,
117,
118,
119,
120,
121,
122,
123,
124,
125,
126,
127,
128,
129,
130,
131,
132,
133,
134,
135,
136,
137,
138,
139,
140,
141,
142,
143,
144,
145,
146,
147,
148,
149,
150,
151,
152,
153,
154,
155,
156,
157,
158,
159,
160,
161,
162,
163,
164,
165,
166,
167,
168,
169,
170,
171,
172,
173,
174,
175,
176,
177,
178,
179,
180,
181,
182,
183,
184,
185,
186,
187,
188,
189,
190,
191,
192,
193,
194,
195,
196,
197,
198,
199,
200,
201,
202,
203,
204,
205,
206,
207,
208,
209,
210,
211,
212,
213,
214,
215,
216,
217,
218,
219,
220,
221,
222,
223,
224,
225,
226,
227,
228,
229,
230,
231,
232,
233,
234,
235,
236,
237,
238,
239,
240,
241,
242,
243,
244,
245,
246,
247,
248,
249,
250,
251,
252,
253,
254,
255,
256,
257,
258,
259,
260,
261,
262,
263,
264,
265,
266,
267,
268,
269,
270,
271,
272,
273,
274,
275,
276,
277,
278,
279,
280,
281,
282,
283,
284,
285,
286,
287,
288,
289,
290,
291,
292,
293,
294,
295,
296,
297,
298,
299,
300,
301,
302,
303,
304,
305,
306,
307,
308,
309,
310,
311,
312,
313,
314,
315,
316,
317,
318,
319,
320,
321,
322,
323,
324,
325,
326,
327,
328,
329,
330,
331,
332,
333,
334,
335,
336,
337,
338,
339,
340,
341,
342,
343,
344,
345,
346,
347,
348,
349,
350,
351,
352,
353,
354,
355,
356,
357,
358,
359,
360,
361,
362,
363,
364,
365,
366,
367,
368,
369,
370,
371,
372,
373,
374,
375,
376,
377,
378,
379,
380,
381,
382,
383,
384,
385,
386,
387,
388,
389,
390,
391,
392,
393,
394,
395,
396,
397,
398,
399,
400,
401,
402,
403,
404,
405,
406,
407,
408,
409,
410,
411,
412,
413,
414,
415,
416,
417,
418,
419,
420,
421,
422,
423,
424,
425,
426,
427,
428,
429,
430,
431,
432,
433,
434,
435,
436,
437,
438,
439,
440,
441,
442,
443,
444,
445,
446,
447,
448,
449,
450,
451,
452,
453,
454,
455,
456,
457,
458,
459,
460,
461,
462,
463,
464,
465,
466,
467,
468,
469,
470,
471,
472,
473,
474,
475,
476,
477,
478,
479,
480,
481,
482,
483,
484,
485,
486,
487,
488,
489,
490,
491,
492,
493,
494,
495,
496,
497,
498,
499,
500,
501,
502,
503,
504,
505,
506,
507,
508,
509,
510,
511,
512,
513,
514,
515,
516,
517,
518,
519,
520,
521,
522,
523,
524,
525,
526,
527,
528,
529,
530,
531,
532,
533,
534,
535,
536,
537,
538,
539,
540,
541,
542,
543,
544,
545,
546,
547,
548,
549,
550,
551,
552,
553,
554,
555,
556,
557,
558,
559,
560,
561,
562,
563,
564,
565,
566,
567,
568,
569,
570,
571,
572,
573,
574,
575,
576,
577,
578,
579,
580,
581,
582,
583,
584,
585,
586,
587,
588,
589,
590,
591,
592,
593,
594,
595,
596,
597,
598,
599,
600,
601,
602,
603,
604,
605,
606,
607,
608,
609,
610,
611,
612,
613,
614,
615,
616,
617,
618,
619,
620,
621,
622,
623,
624,
625,
626,
627,
628,
629,
630,
631,
632,
633,
634,
635,
636,
637,
638,
639,
640,
641,
642,
643,
644,
645,
646,
647,
648,
649,
650,
651,
652,
653,
654,
655,
656,
657,
658,
659,
660,
661,
662,
663,
664,
665,
666,
667,
668,
669,
670,
671,
672,
673,
674,
675,
676,
677,
678,
679,
680,
681,
682,
683,
684,
685,
686,
687,
688,
689
169 481
481 328
328 191
191 23
23 119
119 79
79 686
686 551
551 59
59 649
649 254
254 446
446 490
490 392
392 224
224 539
539 289
289 685
685 314
314 601
601 54
54 505
505 269
269 258
258 664
664 557
557 81
81 305
305 95
95 137
137 460
460 310
310 564
564 440
440 176
176 222
222 485
485 633
633 445
445 542
542 326
326 207
207 478
478 498
498 509
509 52
52 200
200 287
287 580
580 115
115 98
98 436
436 479
479 548
548 604
604 408
408 125
125 454
454 325
325 26
26 113
113 359
359 511
511 33
33 231
231 297
297 613
613 204
204 489
489 270
270 347
347 419
419 626
626 16
16 301
301 404
404 245
245 93
93 546
546 292
292 104
104 423
423 374
374 45
45 309
309 591
591 538
538 417
417 150
150 142
142 303
303 465
465 279
279 166
166 55
55 360
360 472
472 670
670 606
606 220
220 58
58 431
431 599
599 185
185 143
143 330
330 628
628 262
262 230
230 387
387 271
271 654
654 596
596 540
540 660
660 72
72 48
48 586
586 63
63 373
373 680
680 0
0 651
651 226
226 353
353 569
569 560
560 321
321 616
616 343
343 250
250 266
266 183
183 679
679 196
196 152
152 356
356 444
444 259
259 605
605 145
145 240
240 588
588 283
283 111
111 492
492 291
291 195
195 530
530 56
56 344
344 199
199 225
225 228
228 350
350 257
257 264
264 83
83 180
180 94
94 652
652 188
188 409
409 365
365 170
170 615
615 77
77 584
584 140
140 597
597 322
322 491
491 78
78 380
380 14
14 357
357 164
164 528
528 362
362 354
354 122
122 681
681 161
161 367
367 21
21 132
132 295
295 412
412 379
379 317
317 212
212 51
51 2
2 563
563 31
31 298
298 536
536 497
497 370
370 507
507 116
116 110
110 456
456 388
388 382
382 153
153 138
138 100
100 235
235 449
449 6
6 286
286 631
631 304
304 335
335 447
447 64
64 331
331 621
621 513
513 662
662 300
300 194
194 554
554 256
256 452
452 40
40 416
416 154
154 34
34 18
18 663
663 427
427 90
90 275
275 181
181 109
109 61
61 184
184 4
4 351
351 579
579 192
192 168
168 193
193 234
234 171
171 457
457 678
678 37
37 290
290 121
121 216
216 668
668 187
187 179
179 62
62 428
428 594
594 332
332 246
246 368
368 655
655 618
618 284
284 544
544 68
68 611
611 249
249 666
666 337
337 214
214 65
65 570
570 624
624 677
677 532
532 36
36 433
433 487
487 398
398 396
396 676
676 205
205 346
346 296
296 274
274 425
425 600
600 233
233 28
28 495
495 658
658 29
29 389
389 610
610 515
515 197
197 665
665 151
151 582
582 612
612 689
689 318
318 46
46 410
410 241
241 49
49 155
155 499
499 468
468 534
534 527
527 587
587 632
632 174
174 378
378 120
120 451
451 102
102 312
312 475
475 413
413 383
383 294
294 521
521 20
20 533
533 683
683 130
130 201
201 41
41 238
238 103
103 593
593 503
503 236
236 508
508 106
106 442
442 8
8 44
44 261
261 640
640 247
247 124
124 504
504 67
67 320
320 263
263 575
575 422
422 562
562 469
469 341
341 198
198 76
76 430
430 537
537 463
463 84
84 208
208 272
272 190
190 636
636 71
71 506
506 455
455 118
118 105
105 644
644 281
281 5
5 223
223 426
426 669
669 630
630 112
112 589
589 358
358 108
108 12
12 355
355 162
162 583
583 438
438 311
311 158
158 637
637 648
648 327
327 239
239 541
541 385
385 25
25 177
177 617
617 86
86 614
614 432
432 471
471 342
342 35
35 643
643 288
288 82
82 467
467 421
421 595
595 405
405 437
437 411
411 280
280 441
441 493
493 547
547 276
276 329
329 73
73 450
450 390
390 384
384 502
502 141
141 572
572 60
60 571
571 399
399 252
252 516
516 553
553 434
434 319
319 316
316 608
608 260
260 203
203 578
578 448
448 253
253 517
517 268
268 500
500 70
70 470
470 339
339 473
473 535
535 47
47 550
550 66
66 673
673 313
313 24
24 415
415 307
307 219
219 144
144 361
361 11
11 395
395 567
567 97
97 671
671 323
323 42
42 173
173 619
619 402
402 107
107 186
186 549
549 486
486 645
645 559
559 684
684 420
420 206
206 340
340 9
9 30
30 146
146 577
577 91
91 522
522 221
221 566
566 19
19 675
675 496
496 661
661 561
561 175
175 53
53 244
244 114
114 210
210 574
574 366
366 306
306 242
242 512
512 285
285 43
43 607
607 167
167 237
237 558
558 462
462 202
202 476
476 494
494 543
543 627
627 371
371 32
32 80
80 89
89 653
653 101
101 15
15 156
156 573
573 349
349 391
391 523
523 424
424 377
377 598
598 407
407 466
466 520
520 27
27 480
480 687
687 672
672 3
3 278
278 218
218 418
418 232
232 139
139 315
315 69
69 1
1 126
126 501
501 656
656 565
565 209
209 453
453 474
474 657
657 641
641 99
99 381
381 488
488 510
510 243
243 248
248 159
159 85
85 135
135 333
333 227
227 92
92 334
334 443
443 625
625 647
647 273
273 217
217 429
429 128
128 13
13 524
524 134
134 518
518 592
592 163
163 363
363 133
133 372
372 96
96 406
406 439
439 531
531 576
576 519
519 136
136 345
345 50
50 277
277 213
213 265
265 299
299 160
160 17
17 87
87 147
147 22
22 88
88 397
397 458
458 348
348 603
603 529
529 386
386 282
282 74
74 638
638 623
623 545
545 650
650 556
556 526
526 157
157 483
483 403
403 394
394 674
674 127
127 352
352 552
552 585
585 659
659 635
635 435
435 590
590 211
211 149
149 308
308 267
267 464
464 131
131 324
324 123
123 514
514 376
376 461
461 642
642 459
459 581
581 414
414 477
477 338
338 568
568 393
393 117
117 646
646 525
525 369
369 215
215 620
620 482
482 622
622 38
38 148
148 10
10 400
400 178
178 484
484 165
165 609
609 375
375 629
629 667
667 401
401 336
336 293
293 57
57 182
182 251
251 688
688 7
7 129
129 639
639 302
302 634
634 75
75 39
39 555
555 682
682 229
229 255
255 602
602 172
172 189
189 364
530 542
118 131
146 46
102 439
115 380
268 512
484 374
636 44
190 205
391 324
95 371
338 479
306 177
672 244
642 222
540 3
585 62
322 687
420 544
467 534
326 266
564 425
84 550
506 40
177 416
400 643
646 44
165 435
658 489
625 13
57 602
377 609
207 112
358 331
590 70
327 257
666 531
685 316
133 67
287 1
565 667
680 155
613 620
323 338
498 109
4 347
352 454
249 99
197 317
133 571
621 335
258 253
372 345
258 545
677 286
407 536
55 682
326 377
83 490
365 294
160 334
115 591
245 452
647 622
313 616
483 542
56 677
53 126
47 356
478 681
38 486
123 596
253 351
203 403
175 365
360 264
503 655
217 365
224 304
351 676
581 405
272 14
42 143
273 608
235 22
512 469
545 415
469 678
608 574
640 392
664 443
109 346
442 56
16 38
69 153
399 518
336 375
547 431
336 655
233 501
41 136
156 514
143 439
574 531
277 339
672 287
195 674
96 61
53 267
23 420
152 29
134 354
340 616
168 297
359 151
299 227
481 148
393 491
580 414
434 107
424 655
394 124
283 63
162 615
49 227
293 584
220 640
23 363
400 48
538 212
685 281
75 400
618 546
362 306
534 602
408 568
107 422
594 540
446 443
422 131
478 237
604 415
119 623
38 465
128 311
377 200
566 5
609 209
343 456
101 581
319 328
214 460
561 336
668 688
42 499
293 676
672 166
374 332
460 128
484 29
671 625
630 165
418 478
93 205
532 384
482 677
629 680
343 263
90 387
627 328
322 381
262 677
307 275
172 481
515 291
444 552
603 260
336 333
215 6
564 498
603 666
558 30
163 432
474 116
501 304
548 646
73 276
687 612
55 331
50 350
273 516
400 507
276 167
270 435
545 5
620 329
602 289
395 172
132 486
233 201
217 69
331 591
656 35
221 643
588 527
427 606
170 102
550 429
597 663
230 421
448 225
13 589
507 85
234 46
389 109
547 539
654 389
498 267
524 581
347 380
133 172
55 388
533 343
636 594
91 225
434 53
162 528
238 218
413 397
613 657
637 600
75 515
535 310
592 554
379 677
408 548
311 188
240 525
288 480
85 280
384 155
410 554
12 513
137 232
449 24
494 566
267 4
652 190
259 536
153 447
611 595
355 8
578 631
222 397
3 43
327 251
333 85
34 41
209 333
556 291
473 245
239 45
370 652
226 362
466 34
350 644
287 546
38 326
206 262
2 8
681 620
283 667
144 549
617 42
282 639
213 306
29 33
187 659
468 659
277 471
349 15
455 443
159 592
362 259
289 617
489 662
398 387
168 442
525 350
448 13
532 399
462 621
559 407
221 385
635 397
248 237
425 125
657 413
255 490
623 357
576 164
678 313
630 187
490 187
345 623
345 392
31 138
688 224
439 495
622 660
491 202
301 472
106 213
663 333
447 142
373 587
103 541
478 274
219 181
533 32
411 146
6 626
592 9
536 111
191 240
141 133
135 611
389 241
478 558
384 300
106 498
242 559
571 349
180 650
498 27
290 625
324 609
481 86
541 144
171 147
551 20
513 222
387 548
534 58
569 195
416 667
543 603
94 344
529 559
631 281
83 667
563 199
93 194
543 16
228 629
191 290
295 97
487 549
223 532
531 574
57 178
12 655
260 410
399 365
136 416
597 168
566 377
152 258
455 223
182 259
651 200
634 10
450 52
440 5
447 645
252 299
330 106
89 552
378 522
180 301
141 130
148 410
486 385
354 175
573 156
538 272
84 685
196 296
371 260
470 410
530 151
666 383
477 523
471 244
346 566
649 115
271 355
436 448
256 286
106 541
175 559
180 474
120 522
23 509
280 299
185 226
504 484
65 432
112 599
643 338
312 125
380 212
341 234
235 303
592 101
547 448
398 666
206 155
322 531
650 461
202 521
291 285
10 580
405 312
180 311
278 156
225 218
172 618
231 630
58 195
319 499
599 189
146 65
347 597
297 127
172 141
493 93
292 561
185 479
529 336
461 506
301 462
262 594
207 186
32 216
270 475
567 81
471 552
537 688
579 396
25 272
91 113
306 396
365 82
234 344
185 438
233 152
530 236
67 608
79 467
293 442
453 590
301 42
534 348
7 100
107 685
59 190
377 137
319 412
287 451
4 401
89 461
340 265
36 460
328 598
346 636
345 131
113 688
510 136
146 15
322 461
137 660
33 599
148 344
379 183
173 602
594 388
323 685
447 490
629 381
88 99
205 166
182 423
120 261
187 162
446 178
275 496
353 509
175 553
641 36
5 313
173 316
616 324
107 468
89 207
476 256
117 210
350 404
542 255
566 668
98 424
639 677
463 193
99 439
17 363
49 495
422 152
496 256
22 49
446 254
365 167
168 276
597 468
154 527
402 148
119 71
664 6
644 146
389 603
238 91
681 435
439 657
339 352
487 320
502 144
636 312
669 410
125 421
314 14
425 189
354 501
213 159
367 299
110 59
126 308
187 180
556 94
90 412
185 150
59 645
477 570
491 420
282 101
261 484
540 629
410 182
117 258
546 228
466 677
636 110
282 623
407 579
455 233
138 148
51 122
421 641
625 180
51 515
33 517
171 594
45 120
535 286
679 541
392 540
535 515
217 188
651 527
27 96
397 449
114 550
602 463
454 674
405 249
125 271
532 408
485 501
665 426
373 507
168 562
495 681
629 132
543 74
339 578
25 652
134 37
245 282
314 50
523 543
575 543
220 77
313 631
474 153
584 143
245 422
538 648
509 519
449 579
500 666
106 546
612 60
314 10
528 670
211 98
520 271
96 586
613 689
212 642
563 458
271 324
395 95
504 424
609 339
597 52
266 61
16 278
180 521
60 61
147 651
250 502
248 538
240 532
80 261
316 269
439 565
667 91
686 62
281 132
590 606
290 506
203 351
424 327
213 115
438 637
679 10
35 363
21 91
561 147
384 533
432 348
317 417
244 492
665 68
594 457
604 287
384 49
314 262
600 426
351 242
259 70
243 59
54 448
253 121
442 590
261 676
125 123
89 638
497 37
346 504
64 312
548 612
80 89
529 379
463 318
367 550
404 526
383 154
463 501
477 254
139 533
157 487
422 352
224 611
478 652
383 591
388 235
336 213
654 531
213 282
135 567
488 429
468 394
669 102
633 337
609 365
117 289
412 94
219 676
323 563
171 463
245 11
521 254
237 371
634 56
656 161
461 1
65 41
119 546
192 686
117 624
598 579
110 381
601 326
584 32
549 164
428 249
657 364
589 70
504 465
87 481
266 583
203 239
58 562
612 32
343 684
619 648
545 632
275 506
394 136
274 563
540 435
216 485
102 389
436 493
551 284
682 20
199 23
586 279
436 623
138 236
488 336
309 396
296 105
387 55
241 383
586 403
408 82
655 229
432 184
180 140
640 442
629 328
154 0
144 475
401 188
421 257
576 0
580 58
78 173
497 541
114 400
219 84
278 230
242 658
19 156
375 442
329 151
506 616
291 53
24 522
554 590
65 387
47 186
615 477
614 521
546 374
514 383
392 431
530 57
614 6
50 34
237 416
666 203
654 31
373 487
175 550
117 398
514 278
82 313
421 600
504 1
296 469
81 135
264 578
286 457
687 245
360 311
531 292
363 576
187 212
265 204
110 472
184 180
249 365
107 374
51 17
500 572
427 161
296 495
407 686
113 90
377 56
676 235
598 210
602 590
249 137
3 425
281 604
228 193
391 626
554 38
32 144
447 161
158 234
271 258
417 274
465 107
242 231
320 256
684 514
644 122
566 324
517 581
183 273
220 115
355 115
270 456
655 508
497 196
456 80
489 62
525 639
102 307
588 599
500 468
103 94
281 455
365 671
640 653
0 108
165 469
65 271
470 153
368 225
256 416
531 231
358 67
155 462
22 650
190 324
682 312
63 643
240 510
8 422
612 563
451 532
496 660
445 257
379 484
73 677
632 62
475 446
494 224
400 672
29 576
363 138
154 596
670 209
82 397
296 558
439 231
464 498
561 526
333 394
146 480
395 567
565 122
434 68
378 118
33 72
290 640
243 460
361 442
526 174
256 172
599 118
529 246
121 67
184 593
13 615
97 317
613 334
199 113
493 100
338 576
397 392
45 105
227 103
636 356
328 72
21 685
21 118
127 540
518 41
72 334
355 426
21 409
122 147
130 173
389 29
635 215
0 475
667 235
92 149
347 109
414 355
250 435
685 467
5 533
557 60
504 649
96 130
365 229
213 641
656 77
540 51
251 484
3 588
489 309
624 458
200 390
188 639
285 123
455 284
678 402
578 393
442 400
609 26
617 274
315 568
572 246
205 367
632 72
152 191
409 159
611 301
23 10
108 584
300 177
69 531
70 298
645 548
13 293
657 62
374 336
544 541
218 215
269 573
434 285
295 344
667 40
551 366
415 682
216 453
421 155
111 680
482 138
479 176
422 33
657 382
156 252
23 324
674 161
169 89
410 631
411 638
208 21
473 442
91 221
14 190
148 446
526 173
653 21
140 166
425 156
442 59
383 368
474 434
235 173
322 663
286 418
62 524
319 374
370 358
432 120
424 224
326 437
72 569
205 77
282 376
171 168
419 63
110 5
146 524
462 61
457 568
119 629
271 75
2 457
433 535
425 368
52 444
589 343
478 404
525 542
2 491
653 497
444 167
430 75
629 392
348 153
349 269
583 426
12 128
642 138
30 442
115 194
32 482
228 148
152 449
251 366
197 261
313 248
648 226
130 314
272 474
361 250
576 377
35 134
636 296
104 434
363 413
349 614
361 26
671 291
216 584
2 181
612 314
531 544
549 88
505 0
213 447
149 544
600 350
331 112
517 630
516 176
379 644
97 605
338 462
354 456
588 178
69 322
668 680
38 41
528 160
78 258
375 655
541 401
685 221
273 152
59 154
604 240
38 578
425 481
586 387
78 136
577 338
520 99
542 179
25 398
263 10
251 251
332 181
494 136
334 150
423 86
655 469
592 79
514 518
200 177
377 457
346 199
340 305
383 569
400 587
619 88
341 212
61 218
615 638
446 380
86 685
557 200
246 605
512 246
586 291
469 476
303 431
70 672
106 565
470 371
121 115
451 253
608 123
602 684
79 114
375 413
542 676
170 207
224 259
447 116
398 347
591 440
283 181
647 106
595 244
434 260
96 22
28 255
327 241
228 236
659 648
357 480
33 411
120 522
284 494
569 205
231 166
538 554
352 72
534 169
111 309
36 116
247 597
360 73
178 484
555 565
167 555
293 53
463 31
384 141
641 519
384 612
307 469
270 196
323 281
432 475
336 323
420 37
687 389
417 326
552 485
676 496
442 191
583 453
102 23
637 15
176 332
284 128
274 404
553 440
61 432
591 25
465 614
481 264
400 160
303 619
447 646
505 549
285 395
446 680
299 121
412 166
249 182
478 278
591 90
77 146
270 408
373 489
25 175
62 68
447 212
115 121
416 246
126 84
594 393
688 647
238 438
662 644
303 152
269 15
539 297
120 538
277 579
429 492
501 273
199 670
457 262
474 643
646 290
548 237
43 319
193 637
442 543
121 577
288 95
355 637
68 378
353 244
445 394
39 219
640 309
30 390
118 174
175 37
86 80
152 249
473 294
206 613
392 402
267 651
145 471
644 566
638 293
636 239
388 153
511 161
458 68
537 578
217 379
356 200
50 116
0 207
170 310
555 559
372 340
626 216
250 505
419 560
169 31
328 171
490 15
374 613
199 655
10 202
413 158
88 261
489 97
426 255
27 142
129 296
156 516
164 99
608 556
429 528
54 133
485 532
105 275
548 316
454 327
264 627
97 628
136 578
584 443
199 129
47 587
268 597
302 623
662 464
315 539
272 144
331 545
169 146
646 444
403 147
308 257
449 582
284 141
423 84
156 272
71 74
256 301
438 518
211 116
424 421
400 619
288 352
680 387
387 161
596 351
574 608
387 600
159 319
404 122
219 495
435 480
605 272
446 46
33 107
476 661
4 672
683 633
36 433
234 252
579 629
689 235
658 385
167 451
230 537
175 291
515 79
498 313
4 648
271 460
477 517
461 327
629 164
110 582
228 269
374 48
91 641
661 153
77 652
509 306
290 341
605 52
164 21
286 576
40 206
353 315
351 265
117 77
487 5
523 484
307 171
179 332
339 580
73 616
659 343
575 628
638 263
686 285
385 236
598 652
636 191
136 413
495 106
153 41
666 440
197 405
441 648
270 290
64 338
129 187
344 600
99 337
567 265
596 288
102 322
371 443
100 438
338 358
593 389
493 115
554 665
587 441
204 21
581 510
11 582
682 660
367 275
472 634
268 127
297 652
272 664
683 140
2 632
428 186
405 85
480 392
35 171
504 571
381 23
572 264
680 447
503 562
650 614
246 312
549 566
186 567
358 549
294 99
142 667
381 671
678 284
646 225
424 330
115 212
579 596
431 644
634 157
308 174
224 458
588 135
201 620
486 118
545 123
366 172
416 467
376 83
641 122
437 218
179 630
581 18
441 78
156 590
300 486
381 310
119 363
59 622
491 373
527 52
557 2
388 284
327 411
384 581
206 439
642 78
626 318
221 235
583 325
304 670
592 400
33 389
28 474
101 323
506 594
601 548
23 612
453 638
552 598
272 153
500 324
477 612
11 79
158 58
125 155
203 659
538 624
217 604
155 178
461 118
126 147
185 354
253 112
632 177
309 653
474 105
553 193
515 158
583 520
247 195
584 548
342 248
229 575
190 417
151 313
681 103
85 346
588 1
516 473
22 312
258 165
279 195
648 0
484 354
132 405
361 616
559 128
395 564
187 352
413 195
279 457
420 434
311 579
457 384
501 23
444 112
327 39
306 274
365 611
80 541
683 413
59 315
66 491
635 5
238 659
254 444
22 622
451 265
180 592
679 514
24 550
232 572
451 166
40 295
66 148
580 152
116 19
412 72
398 608
577 17
187 420
683 575
167 356
24 526
171 95
173 440
486 450
171 325
204 255
589 664
222 120
118 278
46 339
210 449
631 132
108 546
152 566
415 383
89 15
350 431
628 630
579 18
257 8
382 196
33 144
186 368
516 111
360 13
191 204
39 466
587 77
216 237
312 125
137 134
255 229
94 541
519 233
136 270
381 627
498 387
631 335
235 93
350 508
639 22
685 242
329 572
89 374
636 319
502 546
68 405
681 26
265 457
340 271
16 537
648 193
689 245
288 585
3 185
531 353
385 456
663 491
674 247
346 522
43 305
578 153
164 463
115 224
332 585
593 266
620 270
396 631
486 621
31 33
150 415
536 336
250 449
652 365
532 192
99 141
38 452
325 643
74 263
508 253
612 675
186 270
188 408
108 519
304 532
456 307
294 329
114 578
7 135
422 306
224 171
648 386
471 593
441 234
386 71
405 204
434 460
426 455
6 588
68 620
8 148
47 218
265 310
69 61
294 388
294 141
654 329
24 450
629 469
165 452
256 438
543 330
503 665
228 231
138 541
123 310
398 128
409 18
352 497
253 4
22 197
373 518
668 239
125 355
218 375
436 524
485 472
262 468
0 421
345 153
439 90
491 122
648 12
398 462
419 214
584 294
165 205
225 221
107 581
348 494
87 162
359 354
411 289
649 605
660 621
647 659
200 94
531 290
323 431
40 409
135 403
137 232
576 63
389 28
118 536
688 380
443 461
137 233
368 398
37 684
487 583
407 573
359 22
403 350
216 590
414 431
164 588
502 96
621 655
45 611
470 238
294 6
484 506
275 622
11 481
204 16
255 433
259 467
466 630
610 651
604 388
664 460
224 668
74 288
23 635
60 140
206 342
322 175
382 580
340 469
518 634
448 652
544 685
143 406
680 629
81 372
44 433
401 405
252 33
568 628
276 364
632 460
226 293
314 7
316 74
85 92
513 340
162 350
68 159
432 573
398 55
279 361
105 574
575 169
280 362
580 202
399 227
605 105
677 5
429 41
179 63
604 196
71 517
65 271
219 172
413 174
177 608
1 624
114 499
40 291
28 625
431 556
478 263
295 162
412 204
275 370
300 405
576 180
413 6
19 606
451 147
214 311
631 464
682 332
380 562
0 429
476 125
512 631
301 370
368 654
552 506
129 388
100 556
401 667
360 446
286 337
251 274
40 441
129 317
527 183
582 274
87 409
518 576
23 640
420 265
159 603
368 352
568 34
131 400
339 5
386 553
589 683
4 520
20 423
445 480
22 482
181 69
520 207
466 544
245 122
555 552
574 242
109 304
343 19
541 436
488 341
639 481
51 268
225 222
426 248
584 545
435 262
505 581
4 310
417 449
412 238
88 177
68 481
460 43
339 547
375 667
501 46
604 639
343 251
439 306
672 553
135 223
682 536
386 479
665 551
662 622
632 282
658 72
453 556
397 627
556 167
197 69
375 149
354 503
65 123
646 190
419 272
34 536
334 490
179 92
634 675
39 322
463 652
252 569
506 493
353 180
100 203
470 425
262 661
464 227
441 322
72 617
220 204
314 623
401 239
492 223
44 270
325 312
317 445
411 381
463 508
348 515
289 337
169 77
202 236
10 30
563 18
206 658
267 48
95 434
93 623
393 506
449 602
589 106
31 56
648 450
421 111
329 173
608 116
226 591
241 677
148 445
63 114
505 288
351 192
506 94
200 513
689 436
197 570
144 447
613 188
253 26
482 145
90 305
580 458
2 397
157 197
618 362
485 341
440 515
543 441
606 487
142 291
308 306
248 106
539 129
333 244
553 163
17 241
72 102
214 90
328 259
35 109
373 83
471 65
240 547
115 469
357 551
610 435
50 655
437 308
593 647
623 35
177 295
469 536
465 360
499 345
426 587
551 220
65 173
69 285
668 592
598 54
434 310
192 379
409 147
254 639
253 632
375 664
591 601
449 115
94 572
65 640
296 107
35 315
684 77
420 689
542 389
599 167
331 141
267 576
72 370
583 85
318 274
368 521
18 590
4 101
512 658
570 240
176 390
343 73
90 456
246 252
412 621
610 464
441 389
76 455
322 289
188 268
627 78
109 287
148 56
196 625
138 284
445 82
61 167
642 520
297 153
338 337
251 636
563 107
69 259
236 407
78 315
675 553
388 595
44 57
503 642
432 217
438 439
88 448
314 215
385 22
419 625
106 611
343 5
453 186
377 436
592 530
528 580
307 270
148 561
383 276
580 235
153 358
43 224
388 617
467 239
375 102
340 319
152 468
424 489
63 145
685 506
614 381
641 245
558 347
8 36
434 484
432 334
440 315
377 478
588 354
414 685
358 420
144 73
570 203
71 222
361 210
220 263
399 661
156 42
557 478
545 288
656 483
667 327
508 90
233 648
30 323
500 113
338 237
73 524
502 215
391 350
288 270
573 667
410 296
190 113
31 349
150 438
135 680
136 159
627 528
22 409
190 299
398 467
179 415
594 89
673 311
401 471
185 615
311 303
118 199
360 217
535 602
132 263
689 553
62 546
598 156
551 28
64 113
60 402
389 350
305 251
454 617
599 244
311 5
544 80
196 341
203 197
533 297
68 412
663 56
472 158
592 688
188 233
19 349
598 543
434 565
665 188
472 345
508 148
44 514
456 38
534 170
431 637
105 58
222 309
610 243
108 472
189 460
281 93
437 660
108 565
626 623
114 53
606 124
106 574
103 349
568 252
209 647
76 329
188 378
470 90
231 576
544 399
339 513
243 204
599 121
175 442
216 300
272 295
196 448
279 54
359 427
470 413
187 200
546 206
584 302
599 517
336 611
51 7
94 310
250 240
246 51
24 167
494 596
490 141
498 58
27 460
303 619
135 400
463 437
674 179
173 244
266 547
377 124
651 119
74 418
576 458
302 248
10 13
265 5
451 220
633 361
362 217
110 669
281 521
62 180
342 638
432 322
487 31
51 317
59 84
369 219
601 176
207 686
387 666
408 99
83 376
228 158
667 292
478 216
470 393
570 208
266 415
482 650
458 300
456 638
547 486
242 403
132 83
508 258
286 368
78 233
593 570
34 242
512 202
11 217
358 138
530 421
231 7
175 258
464 212
219 531
573 454
403 2
561 666
366 176
160 101
142 615
684 197
411 599
144 225
186 686
613 24
51 414
507 183
389 178
180 290
15 266
250 179
237 150
21 136
182 314
27 510
321 147
411 173
556 435
84 235
619 135
428 179
102 619
555 563
496 233
530 464
582 388
24 348
271 85
17 145
127 571
490 240
64 495
522 43
255 258
463 20
412 383
371 59
2 14
344 222
371 604
502 554
181 330
483 682
688 608
506 82
412 331
407 447
405 449
390 446
597 48
668 442
214 531
94 622
405 312
49 436
491 392
527 684
616 283
180 538
595 179
276 538
185 93
676 365
319 488
595 267
234 188
437 602
261 682
522 405
522 592
407 530
553 15
330 244
221 598
632 2
484 428
539 589
509 421
385 80
345 72
236 261
328 248
64 46
320 435
310 528
335 198
290 342
190 287
239 203
447 193
238 662
190 391
302 271
466 147
214 244
329 597
309 109
299 313
276 662
290 255
275 546
527 27
654 154
516 236
242 211
322 114
261 239
198 562
386 270
105 530
443 103
598 144
43 688
252 281
532 441
177 477
335 628
449 542
683 159
134 136
73 210
296 317
51 182
13 213
425 243
568 231
329 355
240 224
507 32
51 223
87 246
164 543
176 401
490 383
136 450
456 186
492 198
215 326
279 274
617 359
428 229
639 253
403 439
70 237
199 231
120 518
13 32
3 316
524 316
382 396
431 51
77 212
162 185
270 567
210 117
381 685
391 666
551 559
317 623
379 610
235 655
61 473
39 535
262 158
150 18
68 455
12 314
306 243
657 87
416 48
44 471
574 683
352 74
558 276
92 605
526 538
610 539
575 94
669 122
88 453
645 645
454 523
593 284
18 374
219 546
284 74
42 229
588 10
221 21
251 392
657 284
154 125
651 624
595 159
287 497
443 569
194 235
592 8
629 174
218 598
69 641
594 313
9 567
416 618
675 494
49 141
103 126
292 622
652 680
140 413
401 43
320 97
461 159
185 178
92 402
278 29
85 80
528 555
192 389
573 338
92 96
161 627
513 184
174 647
497 219
73 372
331 262
385 584
39 384
136 551
69 644
457 567
57 468
506 56
625 263
245 166
620 218
341 242
128 183
99 51
239 108
197 564
69 20
494 540
183 100
485 666
572 453
39 182
518 472
78 4
529 662
564 579
276 5
273 509
582 206
567 261
177 338
641 274
372 410
620 185
3 401
658 608
33 445
689 98
146 528
442 265
167 43
8 284
89 325
114 101
325 430
478 442
687 549
292 173
44 177
76 400
545 130
494 438
405 257
485 633
323 557
685 660
476 533
377 661
520 422
510 430
411 193
167 572
198 218
642 40
315 403
35 491
453 322
679 325
35 191
689 1
167 624
537 291
212 187
40 622
163 277
191 132
407 268
52 547
381 348
469 38
171 400
119 61
210 603
209 212
298 580
638 359
154 614
295 260
200 56
13 320
136 9
292 522
580 523
436 117
160 497
118 150
555 170
41 34
548 524
409 351
270 234
261 231
106 644
305 103
485 129
584 420
70 336
388 270
349 196
540 39
294 624
654 147
453 114
292 113
435 189
71 511
416 189
525 288
432 599
623 64
295 547
654 116
258 42
658 524
347 539
423 10
538 83
156 383
122 46
169 425
31 66
513 467
3 655
516 250
530 258
360 536
368 186
464 67
675 595
544 533
552 557
655 395
179 230
78 355
483 0
318 589
563 159
378 147
101 624
17 434
348 164
290 489
228 591
669 264
229 654
433 440
562 256
90 33
543 635
435 117
477 414
542 515
522 636
448 640
477 38
313 375
515 581
216 325
398 132
489 311
182 519
540 676
42 487
312 256
681 619
495 319
91 663
30 120
204 397
182 620
328 60
438 126
496 284
104 416
351 675
443 344
387 591
56 246
669 78
510 307
675 434
226 11
507 537
502 569
537 481
301 632
608 64
169 38
189 550
445 26
594 250
405 101
185 381
240 236
289 386
161 556
28 401
49 358
96 387
637 371
349 128
235 475
474 269
303 549
655 31
408 396
398 61
331 171
357 444
176 118
205 349
29 84
681 472
630 570
285 361
483 629
407 93
104 251
461 228
372 372
294 329
502 547
128 76
390 13
138 220
459 2
230 37
294 416
172 33
540 319
689 169
374 615
471 477
551 300
39 113
311 608
393 673
434 326
233 252
619 544
67 24
35 617
659 318
133 271
488 41
342 340
598 324
146 70
50 541
511 111
327 149
420 201
654 542
139 121
258 267
611 630
311 239
486 258
674 645
361 254
595 351
484 30
253 246
230 483
636 324
130 137
235 541
214 319
38 345
495 289
374 121
115 304
9 253
205 568
104 138
566 60
548 227
245 368
499 472
679 500
419 493
636 395
496 491
632 542
501 278
421 430
301 359
169 209
40 34
320 561
480 25
228 456
402 132
57 126
16 464
428 29
630 13
261 156
80 133
226 651
240 272
504 198
303 371
613 249