700
3499
0,
1,
2,
3,
4,
5,
6,
7,
8,
9,
10,
11,
12,
13,
14,
15,
16,
17,
18,
19,
20,
21,
22,
23,
24,
25,
26,
27,
28,
29,
30,
31,
32,
33,
34,
35,
36,
37,
38,
39,
40,
41,
42,
43,
44,
45,
46,
47,
48,
49,
50,
51,
52,
53,
54,
55,
56,
57,
58,
59,
60,
61,
62,
63,
64,
65,
66,
67,
68,
69,
70,
71,
72,
73,
74,
75,
76,
77,
78,
79,
80,
81,
82,
83,
84,
85,
86,
87,
88,
89,
90,
91,
92,
93,
94,
95,
96,
97,
98,
99,
100,
101,
102,
103,
104,
105,
106,
107,
108,
109,
110,
111,
112,
113,
114,
115,
116,
117,
118,
119,
120,
121,
122,
123,
124,
125,
126,
127,
128,
129,
130,
131,
132,
133,
134,
135,
136,
137,
138,
139,
140,
141,
142,
143,
144,
145,
146,
147,
148,
149,
150,
151,
152,
153,
154,
155,
156,
157,
158,
159,
160,
161,
162,
163,
164,
165,
166,
167,
168,
169,
170,
171,
172,
173,
174,
175,
176,
177,
178,
179,
180,
181,
182,
183,
184,
185,
186,
187,
188,
189,
190,
191,
192,
193,
194,
195,
196,
197,
198,
199,
200,
201,
202,
203,
204,
205,
206,
207,
208,
209,
210,
211,
212,
213,
214,
215,
216,
217,
218,
219,
220,
221,
222,
223,
224,
225,
226,
227,
228,
229,
230,
231,
232,
233,
234,
235,
236,
237,
238,
239,
240,
241,
242,
243,
244,
245,
246,
247,
248,
249,
250,
251,
252,
253,
254,
255,
256,
257,
258,
259,
260,
261,
262,
263,
264,
265,
266,
267,
268,
269,
270,
271,
272,
273,
274,
275,
276,
277,
278,
279,
280,
281,
282,
283,
284,
285,
286,
287,
288,
289,
290,
291,
292,
293,
294,
295,
296,
297,
298,
299,
300,
301,
302,
303,
304,
305,
306,
307,
308,
309,
310,
311,
312,
313,
314,
315,
316,
317,
318,
319,
320,
321,
322,
323,
324,
325,
326,
327,
328,
329,
330,
331,
332,
333,
334,
335,
336,
337,
338,
339,
340,
341,
342,
343,
344,
345,
346,
347,
348,
349,
350,
351,
352,
353,
354,
355,
356,
357,
358,
359,
360,
361,
362,
363,
364,
365,
366,
367,
368,
369,
370,
371,
372,
373,
374,
375,
376,
377,
378,
379,
380,
381,
382,
383,
384,
385,
386,
387,
388,
389,
390,
391,
392,
393,
394,
395,
396,
397,
398,
399,
400,
401,
402,
403,
404,
405,
406,
407,
408,
409,
410,
411,
412,
413,
414,
415,
416,
417,
418,
419,
420,
421,
422,
423,
424,
425,
426,
427,
428,
429,
430,
431,
432,
433,
434,
435,
436,
437,
438,
439,
440,
441,
442,
443,
444,
445,
446,
447,
448,
449,
450,
451,
452,
453,
454,
455,
456,
457,
458,
459,
460,
461,
462,
463,
464,
465,
466,
467,
468,
469,
470,
471,
472,
473,
474,
475,
476,
477,
478,
479,
480,
481,
482,
483,
484,
485,
486,
487,
488,
489,
490,
491,
492,
493,
494,
495,
496,
497,
498,
499,
500,
501,
502,
503,
504,
505,
506,
507,
508,
509,
510,
511,
512,
513,
514,
515,
516,
517,
518,
519,
520,
521,
522,
523,
524,
525,
526,
527,
528,
529,
530,
531,
532,
533,
534,
535,
536,
537,
538,
539,
540,
541,
542,
543,
544,
545,
546,
547,
548,
549,
550,
551,
552,
553,
554,
555,
556,
557,
558,
559,
560,
561,
562,
563,
564,
565,
566,
567,
568,
569,
570,
571,
572,
573,
574,
575,
576,
577,
578,
579,
580,
581,
582,
583,
584,
585,
586,
587,
588,
589,
590,
591,
592,
593,
594,
595,
596,
597,
598,
599,
600,
601,
602,
603,
604,
605,
606,
607,
608,
609,
610,
611,
612,
613,
614,
615,
616,
617,
618,
619,
620,
621,
622,
623,
624,
625,
626,
627,
628,
629,
630,
631,
632,
633,
634,
635,
636,
637,
638,
639,
640,
641,
642,
643,
644,
645,
646,
647,
648,
649,
650,
651,
652,
653,
654,
655,
656,
657,
658,
659,
660,
661,
662,
663,
664,
665,
666,
667,
668,
669,
670,
671,
672,
673,
674,
675,
676,
677,
678,
679,
680,
681,
682,
683,
684,
685,
686,
687,
688,
689,
690,
691,
692,
693,
694,
695,
696,
697,
698,
699
448 599
599 226
226 423
423 282
282 32
32 425
425 57
57 143
143 38
38 695
695 466
466 145
145 10
10 334
334 391
391 513
513 33
33 379
379 168
168 275
275 31
31 89
89 398
398 233
233 220
220 668
668 303
303 560
560 271
271 7
7 403
403 74
74 130
130 305
305 154
154 677
677 676
676 637
637 682
682 69
69 264
264 546
546 569
569 292
292 536
536 281
281 469
469 585
585 453
453 424
424 62
62 210
210 14
14 465
465 588
588 392
392 553
553 370
370 313
313 176
176 589
589 77
77 512
512 171
171 564
564 578
578 153
153 358
358 188
188 533
533 343
343 198
198 530
530 474
474 473
473 681
681 68
68 94
94 203
203 649
649 427
427 221
221 65
65 193
193 593
593 156
156 524
524 231
231 476
476 138
138 294
294 300
300 411
411 341
341 420
420 20
20 377
377 312
312 159
159 289
289 326
326 229
229 395
395 399
399 686
686 75
75 327
327 53
53 9
9 620
620 490
490 605
605 235
235 28
28 5
5 534
534 63
63 573
573 99
99 340
340 335
335 354
354 72
72 449
449 404
404 568
568 551
551 255
255 658
658 611
611 149
149 555
555 80
80 584
584 691
691 671
671 86
86 123
123 328
328 685
685 151
151 269
269 548
548 324
324 285
285 581
581 607
607 319
319 690
690 142
142 408
408 157
157 350
350 445
445 484
484 522
522 697
697 258
258 325
325 39
39 475
475 169
169 187
187 278
278 406
406 295
295 59
59 230
230 368
368 355
355 194
194 478
478 509
509 544
544 582
582 211
211 634
634 698
698 452
452 429
429 256
256 102
102 254
254 36
36 372
372 364
364 468
468 603
603 336
336 329
329 139
139 29
29 505
505 674
674 471
471 373
373 40
40 140
140 561
561 45
45 238
238 577
577 650
650 54
54 470
470 58
58 640
640 195
195 501
501 385
385 441
441 214
214 302
302 460
460 166
166 155
155 160
160 614
614 345
345 655
655 659
659 181
181 572
572 11
11 559
559 299
299 402
402 656
656 606
606 37
37 111
111 290
290 232
232 467
467 535
535 158
158 118
118 541
541 73
73 8
8 600
600 394
394 369
369 632
632 162
162 259
259 97
97 374
374 218
218 12
12 127
127 527
527 225
225 587
587 591
591 622
622 19
19 514
514 371
371 133
133 0
0 79
79 381
381 316
316 87
87 17
17 419
419 22
22 526
526 450
450 696
696 458
458 267
267 376
376 680
680 132
132 586
586 27
27 386
386 250
250 180
180 647
647 197
197 333
333 249
249 630
630 6
6 338
338 361
361 409
409 201
201 664
664 268
268 660
660 352
352 344
344 579
579 518
518 415
415 539
539 428
428 64
64 103
103 631
631 245
245 422
422 648
648 570
570 247
247 236
236 41
41 293
293 472
472 110
110 657
657 477
477 590
590 189
189 274
274 447
447 262
262 482
482 61
61 185
185 309
309 532
532 128
128 661
661 636
636 25
25 16
16 583
583 52
52 323
323 506
506 21
21 288
288 652
652 163
163 3
3 246
246 30
30 83
83 244
244 190
190 412
412 120
120 635
635 175
175 626
626 152
152 104
104 523
523 434
434 321
321 566
566 121
121 451
451 508
508 629
629 517
517 315
315 67
67 543
543 47
47 554
554 76
76 375
375 109
109 93
93 499
499 114
114 179
179 148
148 617
617 433
433 91
91 494
494 558
558 222
222 645
645 227
227 253
253 112
112 23
23 481
481 436
436 284
284 88
88 624
624 493
493 405
405 678
678 615
615 273
273 417
417 646
646 683
683 90
90 287
287 51
51 317
317 234
234 66
66 330
330 147
147 498
498 291
291 135
135 310
310 689
689 633
633 224
224 362
362 186
186 552
552 257
257 400
400 461
461 416
416 667
667 665
665 443
443 92
92 594
594 172
172 212
212 43
43 272
272 495
495 571
571 367
367 276
276 252
252 492
492 304
304 206
206 248
248 266
266 488
488 177
177 173
173 567
567 601
601 483
483 359
359 280
280 347
347 119
119 366
366 486
486 502
502 454
454 96
96 108
108 351
351 106
106 384
384 387
387 56
56 654
654 279
279 346
346 597
597 318
318 644
644 439
439 134
134 503
503 297
297 496
496 71
71 356
356 602
602 283
283 49
49 2
2 286
286 298
298 320
320 595
595 308
308 673
673 540
540 137
137 296
296 301
301 592
592 504
504 426
426 669
669 619
619 687
687 215
215 679
679 598
598 200
200 397
397 270
270 337
337 616
616 491
491 435
435 26
26 95
95 307
307 547
547 694
694 124
124 78
78 380
380 34
34 610
610 528
528 24
24 383
383 596
596 164
164 516
516 207
207 196
196 360
360 563
563 672
672 389
389 618
618 277
277 538
538 382
382 675
675 556
556 440
440 401
401 331
331 342
342 353
353 651
651 692
692 100
100 500
500 81
81 520
520 545
545 84
84 98
98 510
510 608
608 653
653 161
161 442
442 479
479 464
464 638
638 4
4 515
515 459
459 357
357 141
141 480
480 178
178 623
623 60
60 228
228 261
261 430
430 204
204 575
575 437
437 388
388 576
576 126
126 55
55 82
82 662
662 174
174 621
621 463
463 251
251 191
191 497
497 15
15 85
85 396
396 184
184 18
18 418
418 44
44 240
240 339
339 666
666 393
393 531
531 639
639 70
70 209
209 628
628 265
265 525
525 431
431 444
444 170
170 13
13 487
487 580
580 378
378 131
131 604
604 643
643 641
641 217
217 165
165 239
239 260
260 107
107 613
613 125
125 35
35 50
50 205
205 410
410 446
446 390
390 348
348 237
237 213
213 243
243 562
562 693
693 521
521 101
101 192
192 150
150 612
612 122
122 363
363 183
183 574
574 199
199 349
349 565
565 311
311 537
537 208
208 202
202 414
414 216
216 627
627 519
519 306
306 684
684 432
432 115
115 146
146 609
609 550
550 219
219 1
1 462
462 557
557 670
670 332
332 113
113 549
549 129
129 322
322 663
663 511
511 421
421 365
365 136
136 455
455 688
688 529
529 182
182 457
457 485
485 507
507 413
413 263
263 116
116 314
314 699
699 625
625 117
117 642
642 407
407 489
489 242
242 438
438 456
456 144
144 542
542 223
223 241
241 48
48 105
105 42
42 46
46 167
465 104
690 227
91 338
601 456
603 338
322 261
234 254
72 399
444 517
639 304
607 345
648 170
535 96
419 485
306 350
451 199
60 297
244 429
418 406
469 331
394 484
648 55
252 586
212 165
85 649
480 612
108 542
210 239
184 658
203 82
14 674
552 293
506 415
71 653
559 382
221 90
365 590
410 140
264 613
191 497
40 126
287 520
191 361
425 525
287 558
32 349
16 509
543 168
436 91
671 481
505 650
499 299
206 133
284 107
1 195
635 628
44 143
369 576
102 551
268 141
259 158
242 391
649 11
454 39
283 450
175 316
268 4
329 302
629 192
494 584
42 691
626 394
321 519
401 408
268 640
264 461
268 205
553 606
323 231
37 246
292 646
16 458
697 518
469 69
374 397
534 218
370 660
461 566
327 293
575 679
489 522
59 673
506 550
379 545
650 312
13 26
255 125
613 254
4 79
69 419
126 239
491 191
574 473
148 62
3 489
278 525
225 582
88 377
456 598
177 467
126 229
235 234
411 79
669 473
55 398
32 112
258 349
209 519
159 80
677 390
291 695
388 547
129 649
437 543
311 397
551 369
282 275
444 675
668 433
310 142
405 589
103 309
452 545
152 155
629 50
295 258
637 648
520 549
693 569
640 564
0 266
220 173
173 22
21 545
28 695
652 432
640 12
320 2
565 611
223 495
375 637
631 218
271 6
4 88
629 378
194 590
560 599
83 691
38 17
414 597
265 495
341 548
584 406
393 387
194 149
2 437
301 41
214 409
404 324
448 386
85 57
569 656
50 62
368 118
522 339
460 534
393 405
20 622
651 670
218 178
133 347
4 249
152 611
462 213
353 366
337 577
181 493
285 209
510 254
98 16
274 591
367 190
156 402
102 303
350 364
548 10
471 123
452 656
185 644
135 498
389 40
440 454
321 82
259 170
186 362
214 306
218 126
628 605
465 651
307 411
411 160
526 240
577 153
643 632
208 617
280 273
572 623
568 111
106 143
172 637
610 378
619 114
217 409
327 635
681 474
447 381
216 430
139 346
228 451
694 534
330 606
589 620
423 169
260 214
1 121
599 347
517 498
498 208
493 664
691 488
216 1
239 167
694 172
58 682
674 536
268 589
38 460
123 304
327 181
391 647
405 370
646 383
657 256
132 228
212 163
619 587
126 299
470 554
31 427
482 8
410 123
98 39
95 302
689 151
612 541
114 133
461 343
162 233
97 577
469 88
272 157
551 421
198 252
235 228
496 557
426 242
69 615
601 488
168 552
340 191
469 38
492 492
292 223
596 169
366 89
595 272
469 71
380 325
492 699
68 478
195 545
42 448
511 47
460 698
331 8
443 257
393 412
18 272
320 525
268 39
489 167
430 326
53 412
372 430
253 151
351 640
356 284
274 559
657 175
128 599
211 133
233 557
627 471
397 367
335 442
498 171
18 237
388 303
34 249
228 697
106 395
552 609
576 196
640 272
73 481
146 462
348 61
654 293
690 145
604 49
255 524
528 231
51 490
424 255
205 236
530 20
594 536
28 640
68 368
308 521
112 468
33 632
92 469
530 428
629 272
365 374
189 187
643 389
553 594
630 64
295 510
6 251
516 674
407 324
162 428
110 279
41 12
624 65
272 256
276 624
68 376
197 554
187 186
580 322
337 497
684 360
123 87
250 371
667 305
570 537
172 160
156 655
348 227
87 191
692 304
198 244
50 131
648 664
281 659
351 556
635 415
349 14
561 244
178 177
630 529
20 305
318 547
155 641
44 520
568 138
617 41
28 212
692 131
174 291
62 635
400 24
296 183
43 142
66 110
577 259
135 56
10 73
278 275
42 237
251 306
480 122
217 409
332 334
581 71
622 50
610 522
348 245
551 309
548 129
89 612
137 570
483 116
260 469
412 683
203 424
628 568
624 20
418 104
565 273
195 204
463 363
454 341
679 260
214 72
1 361
494 320
551 191
67 419
297 386
49 197
258 38
593 247
521 154
193 94
525 561
140 156
580 117
90 94
240 664
666 78
440 305
534 477
335 687
70 457
286 362
574 229
375 422
417 477
317 144
459 387
623 496
394 95
165 57
71 278
691 688
642 86
380 264
226 362
413 77
364 629
130 526
419 314
508 51
429 332
534 292
348 154
432 231
545 315
500 16
135 76
23 592
358 394
503 670
161 506
655 157
231 8
359 427
411 544
651 591
62 556
308 629
648 603
184 178
607 371
558 518
567 625
668 153
58 456
274 201
422 247
384 690
652 576
131 375
463 540
243 108
459 344
22 476
680 630
516 679
356 153
2 50
662 302
466 124
400 530
226 664
208 583
159 23
664 336
598 121
460 126
84 103
328 535
148 357
187 59
182 156
431 524
470 217
69 164
553 689
140 693
597 239
322 193
450 632
225 217
18 681
89 236
130 57
393 259
582 672
308 391
349 565
406 595
483 383
410 564
645 403
11 409
92 361
47 232
558 30
37 423
134 444
419 168
466 32
545 521
517 468
74 152
65 688
12 431
558 536
523 266
452 302
643 668
438 418
81 483
380 451
481 406
476 456
557 93
464 17
423 452
56 649
645 152
658 613
605 653
387 307
258 526
132 629
26 94
290 163
353 401
675 506
443 105
331 476
31 515
119 547
43 147
286 125
360 47
243 210
484 298
619 536
227 81
188 364
337 494
283 532
556 107
504 69
651 427
693 440
452 22
111 343
202 69
89 326
206 515
105 630
358 517
97 229
466 12
153 675
258 450
206 248
681 272
454 43
501 300
243 446
285 323
127 625
24 246
646 340
151 7
31 152
607 307
93 71
453 530
590 16
246 268
192 573
528 271
254 109
397 568
47 233
605 236
694 551
95 58
95 433
204 674
590 325
96 122
20 39
587 265
33 424
433 327
352 516
541 546
433 549
32 478
213 432
187 479
533 634
554 679
561 359
396 297
253 411
537 438
440 699
560 55
10 414
680 156
410 565
610 121
191 225
625 422
601 466
7 435
201 428
677 127
439 117
370 532
624 271
644 631
227 558
683 615
105 99
438 690
677 13
643 266
36 35
538 655
120 436
114 529
307 193
244 335
139 189
524 609
141 611
581 89
399 254
255 12
102 96
109 501
589 43
488 186
43 343
100 241
526 203
267 375
32 234
208 634
103 30
203 455
372 407
46 372
477 531
612 149
315 532
555 644
512 16
342 28
164 93
199 511
607 133
619 401
285 232
519 189
522 62
517 489
675 481
483 254
417 586
101 252
258 545
472 332
295 333
129 516
397 512
455 479
77 590
390 584
409 126
391 65
441 258
507 448
416 654
252 33
507 482
696 108
458 82
389 139
404 355
295 437
416 247
300 84
640 279
221 263
666 600
513 499
421 91
691 667
171 541
605 561
168 360
530 591
144 636
410 40
94 357
125 267
363 409
465 244
510 589
281 609
476 263
132 296
236 295
129 27
347 690
356 152
327 96
36 362
432 699
12 593
502 342
395 422
315 430
232 636
303 382
137 676
5 78
408 547
190 632
586 361
528 602
291 441
240 96
497 222
299 41
509 77
373 179
430 587
161 677
313 616
183 160
534 406
83 535
388 335
254 460
548 99
201 345
309 541
252 148
234 229
446 674
367 454
412 216
443 165
254 553
115 501
478 650
224 350
525 382
357 268
3 297
4 313
582 652
417 27
175 608
294 500
458 675
593 249
485 241
599 74
416 425
87 319
598 136
292 174
520 504
498 309
321 13
236 672
62 427
694 601
558 201
490 87
110 297
494 691
342 383
332 20
12 306
572 303
108 406
590 154
323 212
570 516
411 436
624 280
387 204
574 50
114 377
178 346
384 402
130 247
253 608
282 605
347 361
49 296
676 607
518 95
271 127
327 592
445 591
562 99
541 672
111 174
501 395
346 424
189 109
388 533
199 509
447 326
570 652
238 156
203 519
559 546
638 487
116 176
383 601
565 88
151 216
619 417
220 536
483 311
450 16
85 383
353 440
139 343
439 592
607 344
575 637
585 487
62 63
323 617
306 81
133 347
264 8
100 351
336 695
229 154
324 596
243 648
399 198
187 203
363 0
299 186
82 219
693 456
176 80
560 603
442 304
556 254
16 34
679 174
315 527
696 434
677 584
586 571
215 500
605 637
101 208
161 266
175 612
390 591
140 137
455 342
251 628
79 100
118 32
61 555
653 489
151 203
18 537
485 623
413 76
203 353
427 118
319 163
336 250
407 108
336 13
269 17
442 1
670 185
137 356
643 71
377 346
508 639
378 206
123 0
445 631
232 549
699 504
515 667
276 608
619 554
66 348
280 65
678 7
587 278
99 476
287 378
269 535
274 503
21 322
368 542
277 346
657 424
54 439
461 425
412 117
601 608
105 120
29 515
135 364
494 33
413 391
60 286
165 122
488 242
685 191
137 44
278 613
538 173
564 668
476 78
569 41
293 439
359 311
451 584
648 287
423 178
655 539
497 36
668 129
371 152
24 665
522 492
606 157
99 421
23 135
114 494
448 286
530 409
437 447
528 597
474 427
381 620
295 445
150 254
53 499
656 126
174 527
106 669
86 396
368 620
362 607
57 639
637 27
317 46
367 0
572 434
387 666
396 599
401 548
449 664
192 31
149 202
356 496
406 247
214 418
283 305
426 437
685 662
389 131
313 495
206 318
321 424
45 510
9 320
542 213
217 170
668 694
394 383
160 413
388 432
658 207
26 500
544 19
138 421
327 76
574 664
567 89
288 16
73 78
37 42
604 122
590 161
427 570
100 308
633 48
188 547
233 383
544 170
233 42
50 57
279 408
517 640
325 424
224 405
337 125
370 254
148 636
601 85
589 152
199 39
352 410
53 441
221 209
318 581
551 380
52 395
262 321
554 117
107 431
1 40
284 186
284 328
411 678
281 222
84 27
502 359
530 474
467 472
517 530
630 280
595 267
286 311
312 114
559 511
597 519
260 97
195 415
513 596
530 631
425 81
495 229
452 29
407 28
103 424
78 8
120 485
253 626
564 503
427 574
673 254
383 617
104 257
257 475
15 413
375 655
423 619
559 533
684 47
185 411
487 111
169 294
491 506
120 654
76 13
167 253
271 586
190 385
398 381
550 248
536 178
135 260
341 85
412 6
470 85
596 508
648 156
174 93
302 695
92 414
580 48
678 571
653 281
347 108
303 561
3 453
542 80
222 256
568 654
106 673
283 377
670 489
617 264
309 415
219 576
678 183
346 498
598 81
127 588
633 510
510 87
24 95
545 351
520 160
130 412
46 12
243 370
264 689
693 513
199 160
490 136
287 552
71 557
344 124
183 249
493 542
131 598
88 661
690 385
514 56
524 574
10 346
672 618
439 340
160 15
477 618
241 680
81 297
402 686
557 54
325 636
367 518
403 216
683 468
47 64
114 138
218 658
365 526
602 250
431 322
50 580
396 213
405 380
571 35
190 563
205 331
429 695
408 46
688 185
522 584
680 344
44 105
322 57
565 30
367 561
62 539
560 415
69 244
257 653
501 591
149 619
217 543
314 343
14 497
296 537
343 572
422 421
103 629
644 263
361 124
251 660
695 394
27 654
93 267
80 179
473 684
309 136
37 389
15 60
205 424
177 402
380 351
219 405
83 675
314 52
389 606
156 566
566 231
137 91
373 470
641 357
182 28
470 548
2 442
512 39
526 247
578 533
622 244
27 524
137 469
545 602
549 71
647 694
359 6
413 546
167 417
203 212
502 466
342 187
97 150
444 369
517 539
420 132
583 391
275 679
475 137
594 678
229 145
184 226
196 699
467 111
142 89
620 591
168 356
195 275
683 622
669 254
334 407
177 591
261 447
492 89
450 124
85 83
53 328
279 184
160 454
424 428
257 418
533 110
363 468
86 589
577 587
499 557
636 235
274 314
699 135
223 630
505 346
93 22
678 308
644 606
144 521
528 608
421 489
329 245
650 643
40 63
102 575
383 7
52 56
333 437
473 157
52 285
256 625
565 561
547 651
310 328
181 446
214 634
532 446
565 253
39 462
51 34
604 324
356 56
613 668
655 23
691 629
677 145
324 422
243 63
652 352
216 28
326 690
658 378
367 697
670 411
607 659
441 674
462 620
591 244
551 112
476 498
537 301
553 153
642 366
178 292
58 78
684 13
153 633
349 237
496 371
8 448
440 588
8 499
594 624
63 105
529 622
191 194
269 394
132 5
203 133
256 690
572 399
324 674
515 571
507 361
400 125
598 302
447 285
207 311
517 447
388 287
555 493
459 693
175 691
575 385
378 220
471 69
24 473
164 585
177 84
287 336
589 415
585 594
631 388
459 467
263 458
263 441
246 197
584 210
328 646
378 354
194 348
164 293
152 47
394 505
266 345
274 388
41 190
262 301
219 170
91 101
670 185
351 524
503 231
587 17
644 80
635 3
350 172
699 236
633 224
65 183
177 366
487 153
7 276
91 295
215 180
595 113
558 387
220 320
323 464
81 352
626 397
75 632
442 652
423 218
637 438
427 287
177 443
125 588
450 1
665 47
326 184
11 253
66 638
177 162
448 150
94 55
240 241
607 199
479 509
648 98
181 419
632 231
576 531
148 574
634 349
417 164
646 502
184 171
516 633
49 203
518 682
34 654
215 663
37 123
273 164
362 219
312 686
267 541
47 43
162 270
150 224
452 1
200 366
230 534
640 30
62 274
502 377
39 136
533 532
668 510
570 345
207 400
105 642
234 97
8 26
144 210
36 539
266 680
660 545
72 415
204 77
197 459
613 32
310 337
170 459
617 6
488 311
500 655
218 267
614 298
401 28
3 303
24 171
263 294
36 216
548 600
323 141
116 408
253 676
43 258
585 417
673 173
360 538
85 665
18 29
513 520
179 673
324 421
50 592
285 668
635 195
675 557
682 390
478 410
156 375
307 178
382 246
193 33
173 64
25 606
87 497
601 40
378 362
42 227
582 457
478 432
277 328
571 500
206 89
233 105
541 440
347 646
563 369
236 581
454 297
325 662
309 365
54 689
234 485
583 443
477 246
300 468
400 212
76 290
58 273
293 22
398 8
539 165
35 371
29 669
139 692
681 545
558 541
137 155
94 64
365 697
155 266
268 333
465 566
101 522
578 130
695 476
354 557
415 484
669 599
374 560
417 278
511 208
399 76
532 339
501 664
12 188
106 670
159 322
487 500
573 154
423 322
11 159
603 559
367 431
309 504
28 423
333 601
68 531
552 601
13 492
351 0
110 17
457 310
278 189
176 102
328 115
618 677
614 487
307 189
532 87
507 628
587 60
350 631
130 292
451 209
243 305
626 226
518 696
542 446
648 165
45 238
3 542
663 17
61 9
50 495
354 374
105 315
330 295
85 116
387 292
290 236
474 421
427 23
354 513
128 482
26 441
202 250
52 349
225 636
137 311
659 682
698 592
457 61
626 354
187 136
654 7
322 601
153 188
344 450
129 673
413 430
69 430
199 146
22 574
386 81
82 15
196 556
163 82
117 407
553 585
327 138
459 564
472 16
346 69
90 398
48 209
692 381
649 130
157 87
242 283
76 69
559 363
657 346
484 403
100 10
349 147
107 552
355 311
245 139
512 453
46 226
231 551
632 392
335 158
287 30
45 293
71 153
134 366
615 132
249 122
370 444
334 15
4 628
198 679
587 313
491 679
256 39
48 647
193 368
179 64
679 248
591 349
432 577
116 233
19 30
108 314
560 648
475 104
48 452
496 433
677 553
207 161
61 78
689 404
407 371
332 158
209 629
231 290
482 204
432 171
216 435
8 45
381 144
88 107
634 43
666 333
334 591
642 626
549 69
658 481
299 623
180 426
609 133
370 156
29 88
629 152
639 370
536 40
520 581
556 299
292 466
132 210
540 398
642 617
23 59
516 334
671 506
71 350
421 415
631 289
246 124
184 238
138 395
416 105
112 133
199 53
228 227
444 661
382 350
213 203
62 690
303 384
402 140
625 689
520 532
335 315
678 65
509 1
378 445
224 42
607 143
49 502
698 264
511 553
153 47
351 159
375 474
260 460
66 258
628 561
434 277
278 149
325 386
571 547
320 198
357 331
131 196
661 530
522 660
197 433
35 349
533 336
686 446
221 547
438 612
50 600
312 161
418 303
512 96
593 218
93 14
613 363
317 489
136 390
686 37
217 479
618 373
284 205
336 197
258 176
433 666
565 313
34 193
80 243
586 293
475 140
592 353
601 7
578 406
635 295
300 536
203 699
349 497
545 92
305 475
268 565
435 139
206 610
618 618
677 179
632 493
285 67
91 293
263 443
380 175
4 584
421 141
644 637
659 615
331 627
495 193
644 542
603 400
140 434
297 417
558 56
604 296
66 186
664 467
417 346
527 230
158 53
15 25
88 582
270 22
654 319
460 537
14 575
153 280
635 11
163 515
250 384
410 369
82 476
695 446
46 560
405 255
208 665
647 51
274 537
96 467
314 434
515 175
39 433
473 620
659 524
509 34
499 494
511 86
653 14
569 82
143 89
554 165
501 337
36 72
312 57
676 480
643 643
213 657
161 532
625 224
23 437
49 316
253 288
332 375
371 469
677 560
46 245
561 259
662 4
36 657
438 437
135 430
227 609
419 285
391 242
73 443
677 47
550 435
516 305
481 209
475 162
568 389
58 410
26 370
122 69
255 8
421 140
610 628
445 609
116 620
63 222
192 61
140 110
152 568
500 568
316 628
437 151
613 536
113 208
155 461
467 386
16 460
47 329
270 416
622 605
202 541
621 428
587 196
559 299
446 284
393 675
541 62
181 512
376 41
133 275
233 182
498 605
456 13
287 501
107 175
233 378
285 636
102 227
607 310
358 659
568 596
587 74
380 277
652 566
199 305
644 293
31 180
500 309
83 194
231 481
490 45
117 557
171 124
581 558
2 339
497 73
129 416
401 97
505 353
610 88
14 663
440 209
509 216
641 619
270 693
277 420
164 571
118 30
344 178
641 527
459 460
687 378
272 481
619 113
526 66
45 298
145 137
135 48
181 48
572 559
185 320
493 105
268 221
378 271
133 655
5 649
541 540
271 95
344 691
60 682
403 503
511 46
527 508
273 447
311 511
125 241
498 139
23 523
280 258
358 590
215 304
98 136
486 205
389 691
377 449
358 167
119 117
269 590
8 210
15 412
603 544
217 178
533 68
351 340
164 577
692 586
222 307
373 96
50 37
23 152
220 459
83 433
397 123
100 198
599 386
444 541
666 442
180 327
131 407
3 413
193 472
306 148
109 127
307 127
274 90
307 273
446 480
466 689
269 251
649 298
12 274
501 634
394 416
518 103
94 283
231 261
520 477
478 430
387 579
131 572
37 227
131 582
452 376
694 254
330 241
148 525
589 110
650 450
56 233
319 584
168 401
561 525
559 9
164 640
372 540
165 444
431 538
99 655
92 59
451 245
81 587
75 446
573 437
333 328
444 567
411 283
325 29
607 347
655 612
231 647
644 613
38 86
320 332
499 316
574 172
313 29
72 506
469 183
492 178
548 241
252 203
561 404
129 130
275 173
490 288
27 360
267 204
364 120
454 460
638 94
137 655
601 286
233 203
343 315
648 213
20 111
323 455
117 196
1 295
322 671
296 321
200 164
588 678
362 396
96 491
241 498
185 315
92 544
266 15
480 57
51 195
571 338
145 347
651 73
262 180
466 270
635 545
214 533
516 691
500 616
533 561
681 365
523 460
81 570
342 87
177 37
566 399
653 238
445 296
433 56
547 484
55 237
5 26
542 157
223 230
19 649
622 147
118 134
632 80
650 395
22 257
221 220
319 286
486 317
354 229
593 612
663 46
127 668
464 416
127 626
201 28
616 205
72 668
311 341
17 401
693 125
250 212
21 313
416 318
598 564
565 400
251 128
384 696
43 325
550 485
77 117
316 528
330 296
262 282
309 673
408 505
293 355
560 480
426 47
457 124
240 418
374 237
342 144
359 503
60 110
292 290
415 487
151 428
467 564
58 639
441 514
526 507
149 497
388 64
30 120
96 177
497 588
100 106
318 539
553 98
120 661
214 655
177 497
419 481
104 100
346 145
253 240
491 197
470 441
677 149
133 399
675 191
81 579
89 647
554 525
304 146
238 543
681 655
3 239
560 99
341 510
240 148
523 254
47 331
35 77
553 92
534 10
272 14
379 0
493 84
644 612
476 526
316 256
112 273
389 439
552 503
478 183
606 207
99 466
165 90
12 305
480 444
88 677
216 192
431 133
547 77
255 33
76 273
61 477
88 618
547 657
81 273
45 212
304 596
158 139
433 252
443 489
328 369
509 383
475 508
133 210
349 358
208 632
479 73
165 138
10 220
250 60
358 474
173 107
681 425
659 366
669 310
371 409
201 491
569 479
360 380
359 598
167 77
85 206
438 405
121 341
579 626
521 511
648 15
21 57
51 173
149 103
590 641
295 325
72 328
264 636
430 304
75 132
486 379
197 3
420 0
496 352
66 396
183 647
293 41
445 579
24 534
323 459
139 220
117 411
255 98
134 190
350 108
57 461
260 509
575 193
182 169
639 349
245 605
81 188
1 347
58 237
207 181
636 666
316 589
309 300
226 628
139 43
354 529
348 284
192 26
290 550
99 125
532 78
658 675
278 438
615 472
99 72
237 459
636 347
37 411
386 54
580 635
335 343
4 198
484 692
34 470
442 73
323 480
42 647
62 686
114 405
166 59
179 18
316 236
503 306
558 20
657 528
400 201
487 174
298 322
367 341
395 173
261 697
675 171
490 681
174 88
326 134
504 484
274 353
240 314
394 280
193 416
315 564
668 334
624 262
384 192
517 152
689 526
310 250
131 325
571 113
346 528
618 368
654 635
63 598
207 623
308 4
185 371
186 482
216 299
127 524
428 455
520 513
468 106
140 153
48 398
278 469
695 640
591 402
283 185
293 491
158 434
440 234
498 408
560 388
102 631
477 559
155 652
300 183
340 503
169 203
28 630
441 442
447 223
521 655
155 275
646 544
247 529
638 43
607 247
336 22
648 238
601 493
123 421
662 148
602 594
450 302
251 291
220 298
169 628
450 367
58 516
111 374
302 547
428 496
447 15
344 457
231 672
226 142
129 318
616 196
612 102
41 3
426 181
30 206
646 284
652 665
560 7
233 371
260 184
157 623
111 485
21 687
387 234
632 33
430 282
16 134
130 37
162 52
177 608
675 287
64 120
342 322
31 358
168 495
292 16
644 557
379 387
80 657
396 677
662 364
570 500
601 390
210 91
268 669
433 49
104 58
689 115
667 425
588 301
579 213
128 7
91 319
165 342
310 494
351 334
499 547
535 585
65 311
328 167
194 337
249 191
106 427
605 296
319 217
130 184
200 249
598 626
218 513
18 317
227 450
36 492
295 56
560 371
402 530
219 636
483 64
153 467
344 15
389 634
679 673
510 332
354 308
40 471
247 184
687 582
136 210
394 650
338 158
218 586
622 406
275 325
294 222
58 246
621 498
520 478
329 142
609 58
136 6
289 358
40 112
413 365
621 88
150 625
389 407
586 348
531 437
366 110
83 245
108 149
55 389
135 275
443 598
377 165
73 523
237 614
605 158
20 272
558 62
433 361
111 595
265 475
599 669
99 121
518 58
680 481
436 52
653 497
626 170
452 227
577 531
395 542
336 72
375 591
465 324
192 386
268 469
183 191
422 527
659 54
481 141
24 270
251 181
340 198
441 531
610 625
353 643
552 190
321 132
308 258
635 536
368 475
438 23
323 602
93 635
670 580
117 669
634 168
334 553
77 580
331 184
498 328
430 234
307 130
419 311
486 583
54 468
68 464
508 376
59 650
22 237
472 575
514 485
34 457
497 587
358 462
228 209
9 297
96 205
648 436
565 508
687 554
350 279
416 237
466 1
395 159
90 674
167 672
692 365
530 412
481 66
202 425
699 517
117 647
78 214
478 636
669 401
607 320
385 302
572 458
354 670
493 300
650 271
591 238
562 474
176 196
641 270
638 235
566 173
259 597
564 502
591 190
688 683
122 476
150 477
273 2
265 407
644 380
280 339
689 122
38 186
688 211
574 282
599 302
482 610
392 538
281 415
73 447
15 31
665 119
35 194
603 525
290 607
493 5
671 466
163 528
552 249
308 340
344 197
630 632
398 1
631 536
670 273
91 136
439 634
379 497
588 280
242 357
625 447
130 12
387 466
375 453
230 86
325 385
298 682
531 691
368 387
139 351
290 301
134 6
44 296
89 175
455 393
670 523
47 48
186 346
372 128
313 321
309 370
559 223
408 186
360 13
518 561
188 139
116 220
636 429
84 651
45 468
560 696
155 686
615 292
631 527
116 354
139 619
645 87
197 260
277 655
499 126
636 360
334 14
328 254
202 237
99 359
608 468
447 4
231 220
294 669
570 524
133 44
359 547
224 583
325 603
487 642
272 191
54 157
335 403
568 647
94 573
439 426
578 300
191 123
12 78
521 638
448 581
392 248
446 178
662 413
85 66
155 388
382 399
563 286
443 299
634 325
381 16
375 553
12 423
635 26
577 657
438 175
19 52
661 538
123 69
525 80
243 153
303 287
149 648
102 95
669 298
2 123
19 61
401 556
560 197
47 30
355 19
654 462
368 40
214 576
388 178
628 122
626 150
515 641
217 67
149 189
111 560
514 488
130 116
110 470
71 675