72
359
0,
1,
2,
3,
4,
5,
6,
7,
8,
9,
10,
11,
12,
13,
14,
15,
16,
17,
18,
19,
20,
21,
22,
23,
24,
25,
26,
27,
28,
29,
30,
31,
32,
33,
34,
35,
36,
37,
38,
39,
40,
41,
42,
43,
44,
45,
46,
47,
48,
49,
50,
51,
52,
53,
54,
55,
56,
57,
58,
59,
60,
61,
62,
63,
64,
65,
66,
67,
68,
69,
70,
71
71 34
34 67
67 40
40 7
7 10
10 46
46 1
1 22
22 70
70 16
16 43
43 3
3 44
44 63
63 19
19 47
47 45
45 62
62 13
13 41
41 54
54 38
38 48
48 58
58 25
25 27
27 33
33 36
36 53
53 28
28 51
51 66
66 23
23 69
69 59
59 68
68 24
24 0
0 11
11 57
57 14
14 17
17 15
15 52
52 6
6 4
4 29
29 8
8 5
5 64
64 26
26 35
35 2
2 37
37 9
9 32
32 39
39 60
60 12
12 30
30 21
21 65
65 50
50 18
18 31
31 55
55 56
56 49
49 61
61 20
20 42
28 31
36 63
18 65
71 24
62 32
50 63
44 35
22 8
15 61
66 26
22 59
33 3
69 12
14 49
52 3
10 18
34 33
29 60
49 68
1 67
29 52
56 34
41 42
42 35
67 14
25 0
17 41
5 24
47 7
59 66
14 21
11 42
2 2
71 36
68 15
21 1
10 65
30 38
50 12
51 69
12 33
60 31
30 30
15 20
24 6
27 19
26 17
36 64
35 42
27 46
57 1
52 62
65 33
29 32
49 31
20 52
0 69
69 2
41 11
42 67
43 18
22 51
14 12
14 54
22 29
9 4
5 1
59 14
15 25
20 1
14 29
51 14
42 48
49 17
64 12
32 30
18 65
33 17
50 47
63 33
26 48
22 69
7 60
40 0
63 0
28 53
36 11
1 29
4 68
47 20
25 16
70 30
45 5
29 58
37 62
17 56
39 9
29 36
68 22
67 63
29 13
71 54
0 28
31 67
28 13
54 64
39 54
31 16
51 26
13 68
50 25
48 19
33 34
3 56
13 22
50 60
31 18
37 9
61 67
31 20
62 50
40 31
29 65
22 3
17 28
57 54
63 61
50 11
23 43
55 14
30 50
45 18
41 11
38 11
37 63
54 33
22 11
37 18
3 53
14 48
1 66
34 59
66 2
13 63
18 47
26 39
34 3
5 66
65 51
23 21
41 25
44 2
60 39
15 6
39 6
66 50
14 13
36 10
51 18
58 14
5 12
60 24
22 60
32 53
66 67
66 46
55 0
38 18
49 55
12 49
53 36
29 27
46 22
31 37
69 49
2 67
37 59
5 56
19 8
55 23
51 60
26 43
8 8
59 31
8 43
71 56
43 38
23 24
4 57
50 21
16 50
31 9
43 24
15 18
51 51
62 62
62 8
15 23
51 46
35 14
27 13
57 2
71 47
71 17
61 70
23 17
22 57
66 44
0 52
42 4
24 44
71 66
27 40
42 69
48 49
36 58
70 53
70 52
65 66
23 64
59 56
66 35
16 49
63 17
49 47
1 11
54 36
20 39
47 35
47 15
48 11
47 45
18 60
42 47
64 40
35 12
52 31
27 13
62 7
62 48
48 0
48 40
16 60
70 44
4 42
2 6
64 55
64 26
35 17
9 42
8 23
41 32
6 58
58 58
50 53
43 40
62 20
60 11
24 8
20 14
12 35
29 69
43 49
2 10
47 6
20 29
51 17
11 46
59 69
6 45
43 35
7 7
6 19
56 24
11 52
70 19
63 48
22 23
47 39
8 38
62 6
36 59
49 57
58 41
69 10
55 21
41 64
33 69