730
3649
0,
1,
2,
3,
4,
5,
6,
7,
8,
9,
10,
11,
12,
13,
14,
15,
16,
17,
18,
19,
20,
21,
22,
23,
24,
25,
26,
27,
28,
29,
30,
31,
32,
33,
34,
35,
36,
37,
38,
39,
40,
41,
42,
43,
44,
45,
46,
47,
48,
49,
50,
51,
52,
53,
54,
55,
56,
57,
58,
59,
60,
61,
62,
63,
64,
65,
66,
67,
68,
69,
70,
71,
72,
73,
74,
75,
76,
77,
78,
79,
80,
81,
82,
83,
84,
85,
86,
87,
88,
89,
90,
91,
92,
93,
94,
95,
96,
97,
98,
99,
100,
101,
102,
103,
104,
105,
106,
107,
108,
109,
110,
111,
112,
113,
114,
115,
116,
117,
118,
119,
120,
121,
122,
123,
124,
125,
126,
127,
128,
129,
130,
131,
132,
133,
134,
135,
136,
137,
138,
139,
140,
141,
142,
143,
144,
145,
146,
147,
148,
149,
150,
151,
152,
153,
154,
155,
156,
157,
158,
159,
160,
161,
162,
163,
164,
165,
166,
167,
168,
169,
170,
171,
172,
173,
174,
175,
176,
177,
178,
179,
180,
181,
182,
183,
184,
185,
186,
187,
188,
189,
190,
191,
192,
193,
194,
195,
196,
197,
198,
199,
200,
201,
202,
203,
204,
205,
206,
207,
208,
209,
210,
211,
212,
213,
214,
215,
216,
217,
218,
219,
220,
221,
222,
223,
224,
225,
226,
227,
228,
229,
230,
231,
232,
233,
234,
235,
236,
237,
238,
239,
240,
241,
242,
243,
244,
245,
246,
247,
248,
249,
250,
251,
252,
253,
254,
255,
256,
257,
258,
259,
260,
261,
262,
263,
264,
265,
266,
267,
268,
269,
270,
271,
272,
273,
274,
275,
276,
277,
278,
279,
280,
281,
282,
283,
284,
285,
286,
287,
288,
289,
290,
291,
292,
293,
294,
295,
296,
297,
298,
299,
300,
301,
302,
303,
304,
305,
306,
307,
308,
309,
310,
311,
312,
313,
314,
315,
316,
317,
318,
319,
320,
321,
322,
323,
324,
325,
326,
327,
328,
329,
330,
331,
332,
333,
334,
335,
336,
337,
338,
339,
340,
341,
342,
343,
344,
345,
346,
347,
348,
349,
350,
351,
352,
353,
354,
355,
356,
357,
358,
359,
360,
361,
362,
363,
364,
365,
366,
367,
368,
369,
370,
371,
372,
373,
374,
375,
376,
377,
378,
379,
380,
381,
382,
383,
384,
385,
386,
387,
388,
389,
390,
391,
392,
393,
394,
395,
396,
397,
398,
399,
400,
401,
402,
403,
404,
405,
406,
407,
408,
409,
410,
411,
412,
413,
414,
415,
416,
417,
418,
419,
420,
421,
422,
423,
424,
425,
426,
427,
428,
429,
430,
431,
432,
433,
434,
435,
436,
437,
438,
439,
440,
441,
442,
443,
444,
445,
446,
447,
448,
449,
450,
451,
452,
453,
454,
455,
456,
457,
458,
459,
460,
461,
462,
463,
464,
465,
466,
467,
468,
469,
470,
471,
472,
473,
474,
475,
476,
477,
478,
479,
480,
481,
482,
483,
484,
485,
486,
487,
488,
489,
490,
491,
492,
493,
494,
495,
496,
497,
498,
499,
500,
501,
502,
503,
504,
505,
506,
507,
508,
509,
510,
511,
512,
513,
514,
515,
516,
517,
518,
519,
520,
521,
522,
523,
524,
525,
526,
527,
528,
529,
530,
531,
532,
533,
534,
535,
536,
537,
538,
539,
540,
541,
542,
543,
544,
545,
546,
547,
548,
549,
550,
551,
552,
553,
554,
555,
556,
557,
558,
559,
560,
561,
562,
563,
564,
565,
566,
567,
568,
569,
570,
571,
572,
573,
574,
575,
576,
577,
578,
579,
580,
581,
582,
583,
584,
585,
586,
587,
588,
589,
590,
591,
592,
593,
594,
595,
596,
597,
598,
599,
600,
601,
602,
603,
604,
605,
606,
607,
608,
609,
610,
611,
612,
613,
614,
615,
616,
617,
618,
619,
620,
621,
622,
623,
624,
625,
626,
627,
628,
629,
630,
631,
632,
633,
634,
635,
636,
637,
638,
639,
640,
641,
642,
643,
644,
645,
646,
647,
648,
649,
650,
651,
652,
653,
654,
655,
656,
657,
658,
659,
660,
661,
662,
663,
664,
665,
666,
667,
668,
669,
670,
671,
672,
673,
674,
675,
676,
677,
678,
679,
680,
681,
682,
683,
684,
685,
686,
687,
688,
689,
690,
691,
692,
693,
694,
695,
696,
697,
698,
699,
700,
701,
702,
703,
704,
705,
706,
707,
708,
709,
710,
711,
712,
713,
714,
715,
716,
717,
718,
719,
720,
721,
722,
723,
724,
725,
726,
727,
728,
729
384 684
684 543
543 580
580 388
388 107
107 607
607 358
358 509
509 267
267 389
389 212
212 673
673 382
382 442
442 124
124 24
24 510
510 370
370 61
61 218
218 25
25 393
393 597
597 7
7 437
437 430
430 56
56 663
663 331
331 542
542 651
651 5
5 170
170 405
405 329
329 453
453 100
100 451
451 149
149 12
12 239
239 420
420 550
550 230
230 723
723 40
40 415
415 490
490 137
137 217
217 285
285 340
340 55
55 98
98 318
318 499
499 19
19 573
573 369
369 227
227 560
560 319
319 282
282 396
396 26
26 421
421 696
696 112
112 307
307 586
586 462
462 457
457 215
215 50
50 406
406 43
43 110
110 235
235 145
145 96
96 394
394 524
524 554
554 172
172 88
88 392
392 654
654 113
113 540
540 680
680 604
604 408
408 728
728 536
536 584
584 10
10 129
129 278
278 321
321 171
171 3
3 323
323 360
360 233
233 326
326 59
59 271
271 347
347 224
224 257
257 610
610 261
261 299
299 710
710 721
721 545
545 156
156 676
676 167
167 373
373 105
105 14
14 337
337 497
497 101
101 168
168 16
16 579
579 44
44 8
8 148
148 726
726 551
551 479
479 715
715 115
115 685
685 177
177 208
208 191
191 628
628 298
298 94
94 482
482 140
140 608
608 121
121 165
165 286
286 539
539 320
320 581
581 459
459 365
365 106
106 627
627 717
717 249
249 655
655 714
714 461
461 92
92 62
62 523
523 722
722 624
624 395
395 435
435 280
280 669
669 468
468 428
428 292
292 58
58 47
47 575
575 592
592 273
273 636
636 493
493 535
535 486
486 632
632 488
488 644
644 503
503 372
372 713
713 247
247 86
86 489
489 494
494 433
433 275
275 201
201 424
424 411
411 566
566 344
344 179
179 640
640 656
656 151
151 618
618 157
157 455
455 422
422 350
350 111
111 620
620 290
290 557
557 471
471 630
630 277
277 514
514 23
23 262
262 200
200 562
562 456
456 436
436 328
328 687
687 548
548 465
465 269
269 690
690 289
289 104
104 108
108 438
438 117
117 582
582 33
33 122
122 477
477 162
162 492
492 306
306 469
469 276
276 169
169 699
699 264
264 463
463 266
266 398
398 671
671 440
440 480
480 667
667 87
87 511
511 175
175 639
639 414
414 197
197 381
381 361
361 180
180 355
355 481
481 244
244 629
629 598
598 500
500 418
418 48
48 643
643 173
173 377
377 475
475 232
232 729
729 682
682 474
474 686
686 2
2 571
571 270
270 245
245 127
127 567
567 268
268 568
568 380
380 134
134 345
345 688
688 49
49 441
441 529
529 41
41 648
648 220
220 703
703 694
694 237
237 348
348 73
73 527
527 697
697 423
423 491
491 126
126 602
602 505
505 254
254 472
472 464
464 679
679 223
223 704
704 93
93 291
291 229
229 343
343 544
544 293
293 183
183 234
234 242
242 302
302 532
532 196
196 614
614 356
356 221
221 659
659 194
194 637
637 119
119 78
78 351
351 222
222 670
670 260
260 332
332 367
367 552
552 281
281 508
508 15
15 250
250 31
31 83
83 625
625 69
69 570
570 452
452 243
243 259
259 353
353 467
467 591
591 185
185 689
689 28
28 483
483 193
193 135
135 649
649 18
18 301
301 166
166 695
695 29
29 0
0 240
240 672
672 706
706 518
518 606
606 432
432 206
206 374
374 565
565 294
294 357
357 448
448 339
339 60
60 71
71 583
583 425
425 665
665 39
39 336
336 314
314 426
426 349
349 338
338 187
187 525
525 22
22 1
1 588
588 42
42 399
399 546
546 662
662 501
501 154
154 136
136 375
375 84
84 226
226 383
383 141
141 700
700 204
204 564
564 252
252 45
45 371
371 429
429 484
484 531
531 263
263 70
70 142
142 634
634 445
445 27
27 322
322 66
66 409
409 120
120 89
89 621
621 558
558 125
125 401
401 589
589 118
118 54
54 616
616 241
241 153
153 334
334 386
386 712
712 419
419 346
346 279
279 454
454 186
186 572
572 225
225 709
709 596
596 681
681 668
668 342
342 199
199 605
605 304
304 707
707 502
502 316
316 376
376 708
708 447
447 36
36 416
416 368
368 335
335 725
725 287
287 352
352 109
109 20
20 601
601 678
678 188
188 650
650 363
363 305
305 202
202 599
599 364
364 219
219 431
431 311
311 288
288 537
537 520
520 209
209 228
228 38
38 633
633 427
427 64
64 612
612 178
178 296
296 547
547 255
255 585
585 272
272 720
720 719
719 205
205 444
444 103
103 77
77 79
79 410
410 521
521 664
664 391
391 692
692 658
658 473
473 631
631 657
657 412
412 641
641 362
362 37
37 139
139 248
248 189
189 35
35 213
213 600
600 387
387 184
184 17
17 97
97 528
528 559
559 487
487 181
181 251
251 594
594 574
574 653
653 519
519 53
53 450
450 236
236 32
32 333
333 265
265 379
379 623
623 404
404 123
123 615
615 152
152 534
534 158
158 507
507 724
724 325
325 515
515 470
470 439
439 258
258 128
128 216
216 517
517 716
716 65
65 403
403 563
563 366
366 495
495 622
622 133
133 11
11 556
556 460
460 214
214 144
144 211
211 30
30 512
512 182
182 666
666 677
677 9
9 533
533 613
613 609
609 569
569 146
146 6
6 413
413 132
132 238
238 155
155 417
417 143
143 72
72 498
498 516
516 675
675 683
683 526
526 626
626 407
407 538
538 718
718 327
327 593
593 68
68 80
80 63
63 164
164 701
701 727
727 57
57 13
13 176
176 341
341 231
231 210
210 81
81 646
646 295
295 283
283 246
246 443
443 561
561 691
691 310
310 190
190 385
385 46
46 378
378 116
116 159
159 274
274 555
555 635
635 647
647 114
114 131
131 174
174 163
163 198
198 253
253 207
207 74
74 354
354 553
553 434
434 698
698 4
4 466
466 51
51 638
638 317
317 595
595 67
67 390
390 619
619 147
147 256
256 324
324 506
506 160
160 577
577 150
150 161
161 652
652 315
315 95
95 496
496 530
530 85
85 75
75 76
76 21
21 660
660 674
674 693
693 284
284 309
309 297
297 300
300 522
522 478
478 312
312 195
195 705
705 308
308 34
34 130
130 603
603 711
711 203
203 645
645 504
504 446
446 485
485 587
587 313
313 82
82 611
611 458
458 549
549 99
99 303
303 400
400 397
397 449
449 359
359 90
90 102
102 578
578 590
590 91
91 476
476 576
576 661
661 138
138 617
617 52
52 513
513 330
330 402
402 541
541 702
702 642
642 192
524 560
545 655
216 606
315 311
126 430
252 441
437 157
514 689
604 233
109 566
205 288
603 435
7 320
297 190
439 248
411 29
41 84
277 727
432 709
220 3
261 284
289 161
83 676
292 350
10 8
104 724
96 397
248 662
562 701
561 616
128 171
262 588
134 646
384 498
518 18
402 400
235 467
663 507
512 298
206 160
24 579
726 311
530 168
305 23
337 660
414 485
454 199
364 288
678 309
565 38
434 388
268 406
609 242
490 655
292 605
188 529
167 186
75 179
312 699
484 659
287 690
616 83
676 423
399 590
341 130
665 614
331 314
305 472
680 667
705 228
9 665
282 615
410 359
296 664
423 658
401 224
601 414
22 165
125 628
326 59
581 140
391 584
158 202
586 606
8 96
206 398
601 556
429 549
578 478
482 589
216 484
402 245
321 274
473 335
455 620
717 630
228 196
4 89
657 602
239 572
263 648
377 659
599 641
131 481
410 435
84 700
133 511
576 446
436 595
8 548
407 527
424 650
42 722
25 485
49 502
100 446
489 73
666 597
707 619
446 429
237 52
120 108
722 311
423 206
244 319
263 491
727 108
5 128
528 189
88 214
508 429
508 307
174 523
702 230
394 240
448 456
456 122
708 352
204 515
463 123
60 722
238 564
617 536
454 711
5 31
498 240
222 52
641 564
326 510
450 647
355 619
251 703
653 151
458 564
580 376
284 399
306 68
173 269
645 0
34 490
340 143
687 642
365 562
306 199
434 383
90 210
330 14
550 456
298 702
316 447
115 670
339 437
17 579
157 68
127 284
336 93
612 708
278 493
292 113
551 340
117 161
145 540
414 530
341 221
181 409
364 251
197 113
262 219
728 595
473 257
219 512
204 488
661 612
161 713
355 586
46 437
199 601
72 304
199 242
219 507
322 696
729 243
499 99
48 591
358 722
261 438
289 698
492 527
543 587
540 397
687 57
291 363
711 534
596 627
328 526
561 137
238 328
227 253
505 468
561 28
614 396
47 585
472 272
352 530
586 89
599 431
527 31
667 635
560 496
333 718
473 296
674 127
429 103
357 368
519 98
189 540
52 726
48 432
618 532
52 11
536 697
43 574
36 263
341 38
480 474
469 679
155 657
274 164
354 256
326 313
151 63
483 470
436 4
366 476
102 305
328 609
193 432
9 640
44 574
467 691
450 514
468 74
615 296
709 198
587 720
605 420
255 26
107 334
68 205
336 709
690 491
71 59
340 431
440 45
251 692
598 512
193 503
86 538
413 155
281 588
356 549
650 187
652 141
333 565
611 0
428 612
175 387
381 720
644 266
422 132
673 314
532 203
669 388
609 261
23 722
190 347
23 304
58 469
369 282
727 35
208 371
688 262
132 408
344 392
263 229
360 248
620 724
640 650
64 392
561 141
639 116
148 715
515 501
728 271
293 187
292 113
424 423
182 629
692 362
458 233
465 38
408 77
335 73
472 514
201 630
649 714
399 386
101 377
58 168
536 632
713 713
653 390
99 13
349 357
73 683
391 485
622 689
261 341
103 462
619 545
464 654
353 21
614 362
292 619
356 108
292 538
434 389
281 562
6 704
21 202
540 596
160 602
234 255
191 171
571 272
18 318
661 416
668 728
668 257
399 340
658 687
581 619
566 396
641 63
637 14
203 712
192 181
638 275
184 36
57 729
198 603
601 472
151 403
491 374
283 699
43 203
206 684
634 661
12 543
414 629
310 604
643 180
14 261
720 315
373 521
402 209
619 728
269 671
303 430
179 241
405 492
529 727
435 65
512 93
131 424
144 327
492 142
301 15
501 501
649 669
333 676
419 507
58 196
68 329
152 507
423 333
197 143
213 463
120 348
77 618
394 519
416 133
286 74
127 298
110 408
292 567
661 46
608 709
60 4
361 439
468 637
246 554
482 415
586 581
32 532
557 20
207 688
264 152
569 388
328 204
623 8
660 121
630 662
470 143
640 498
280 262
534 503
598 592
646 336
254 496
84 272
578 97
369 244
620 577
527 565
331 4
104 159
470 664
476 404
474 198
523 685
653 252
609 505
18 598
343 344
383 436
384 722
132 182
566 453
0 340
347 486
692 314
439 61
37 43
106 616
579 575
631 723
292 201
72 528
115 58
287 448
198 616
665 468
94 624
540 120
187 258
492 460
690 321
252 418
238 103
508 163
419 200
155 634
620 244
615 69
346 68
88 482
273 325
44 474
225 38
86 58
162 351
615 242
116 591
488 627
99 531
514 327
225 65
537 509
624 494
389 402
635 285
526 219
222 66
614 335
421 117
248 702
414 1
468 279
199 489
351 438
477 640
199 583
246 401
716 690
341 595
283 323
259 325
632 537
683 560
276 182
1 171
187 527
283 104
183 221
341 378
562 369
166 664
317 521
567 678
399 485
424 181
632 430
502 240
582 155
652 513
452 554
715 381
613 137
252 452
101 508
277 644
2 257
73 132
628 133
30 265
169 648
629 173
589 428
294 278
385 717
725 591
598 179
108 691
653 538
303 206
688 348
310 647
455 309
164 323
675 251
265 456
236 22
411 508
350 61
475 288
95 415
224 373
600 548
404 334
250 315
213 307
306 688
33 235
478 366
701 610
579 48
426 624
673 692
329 13
302 79
402 718
406 441
50 633
244 149
643 376
402 390
629 677
678 401
636 56
129 702
363 411
56 531
430 143
281 328
67 151
339 319
236 464
97 196
393 508
88 715
727 418
175 499
489 568
140 139
22 270
143 155
358 326
20 610
366 503
630 443
28 399
705 29
67 441
512 669
329 193
406 155
690 32
348 49
80 539
496 694
160 499
626 46
161 477
630 178
223 716
225 243
632 696
392 378
14 270
248 581
238 307
295 15
659 548
364 511
179 94
260 300
111 424
465 52
548 712
599 198
382 382
10 676
367 601
220 710
628 144
111 286
71 662
131 182
248 547
445 266
423 505
419 404
317 337
632 607
261 529
525 509
464 389
642 313
305 350
81 295
21 117
132 390
440 687
647 493
120 498
325 283
713 216
297 687
561 525
508 90
251 131
7 74
382 300
37 317
513 91
48 617
709 25
342 19
123 459
142 681
246 257
321 269
614 384
487 512
171 46
679 218
421 592
483 323
243 266
591 401
124 528
306 182
415 488
544 642
409 626
213 555
453 243
426 672
502 100
213 451
535 205
236 81
405 609
618 295
481 652
451 123
55 729
480 434
624 696
481 307
521 671
462 15
694 301
715 400
390 270
708 204
351 9
83 441
129 266
91 369
590 111
73 90
142 135
668 88
412 615
386 286
568 306
573 497
96 143
16 462
602 15
227 101
359 553
536 51
561 577
407 296
272 103
40 661
159 115
610 390
364 50
277 443
14 687
683 195
542 98
728 128
299 656
25 464
14 79
677 50
127 543
285 119
91 233
370 348
144 190
105 612
433 565
294 396
587 28
333 191
94 383
275 426
575 71
30 578
666 595
205 330
186 620
545 284
323 683
256 728
428 63
46 532
456 420
687 493
259 28
443 511
608 554
593 498
596 465
700 491
316 572
443 255
292 478
575 523
164 292
291 237
236 166
105 147
50 310
146 172
55 413
708 6
427 364
227 625
543 144
719 404
554 629
621 128
698 443
43 341
78 426
669 53
405 116
11 336
107 536
517 356
255 112
501 678
147 343
126 6
183 550
84 381
680 389
649 514
308 299
336 285
727 50
576 721
353 256
714 417
331 535
46 224
296 194
292 245
376 583
297 87
603 367
285 583
468 379
11 399
29 13
579 37
497 637
591 182
421 529
140 81
451 472
203 379
282 314
190 261
657 271
669 434
117 225
687 626
541 304
317 584
249 73
136 430
351 335
483 514
162 463
398 38
509 260
614 354
51 315
16 246
389 686
193 225
262 157
449 517
444 92
637 411
38 545
337 50
240 337
697 614
267 9
244 624
652 99
515 358
579 410
457 450
415 484
451 299
666 660
323 55
562 30
292 113
685 119
470 545
164 525
253 511
223 524
677 257
478 261
537 10
595 473
479 107
614 312
646 518
610 544
335 555
654 583
170 407
409 607
469 703
190 446
703 317
1 725
274 429
450 13
602 397
135 581
511 470
307 304
436 286
176 40
596 364
451 475
602 665
653 34
511 561
32 275
505 721
499 649
248 613
344 337
90 437
315 88
627 289
332 580
651 425
367 367
550 364
427 0
223 344
677 500
76 42
451 12
699 611
291 447
279 268
118 381
188 24
12 293
653 685
694 197
554 187
51 11
635 677
208 412
358 607
426 567
125 343
352 302
265 534
705 122
722 695
508 292
258 207
461 373
474 450
473 233
68 337
372 391
641 259
653 121
190 654
193 425
636 625
362 44
367 7
348 119
48 222
17 198
171 90
386 311
406 700
86 709
516 422
729 82
620 457
540 674
192 350
717 240
310 505
385 97
169 326
112 411
356 704
316 149
271 46
75 31
226 76
435 74
358 402
685 574
366 175
672 186
470 529
127 536
398 462
395 461
547 167
343 150
387 666
270 103
183 434
83 725
7 721
393 345
437 170
553 355
134 665
380 343
650 288
43 672
249 120
58 26
140 448
120 54
34 256
37 595
326 285
623 489
676 604
36 682
210 403
345 551
650 656
262 677
241 350
102 587
630 292
566 720
519 224
158 103
614 512
510 172
553 53
368 219
95 313
236 424
308 326
159 73
579 262
291 351
613 213
69 382
568 442
268 617
396 178
459 644
187 695
283 450
189 535
24 596
234 348
527 538
15 25
268 323
143 582
152 647
271 632
388 540
576 469
293 361
444 292
441 55
132 302
444 728
330 648
119 719
191 265
20 466
287 648
244 533
408 169
560 470
572 431
85 257
211 492
505 381
402 657
59 184
212 523
709 563
259 505
144 523
646 236
133 497
479 408
99 600
664 578
423 43
575 397
360 219
243 578
365 675
575 98
329 181
607 552
260 320
526 707
517 253
224 493
706 252
342 265
340 577
694 617
560 87
612 669
389 448
212 710
492 51
220 71
435 16
351 3
508 649
706 712
107 685
309 304
33 263
36 493
64 548
508 600
470 417
424 182
539 121
245 90
531 571
264 564
44 176
586 85
719 569
413 330
528 134
7 238
198 53
443 215
264 151
366 173
183 230
712 703
97 295
473 37
563 34
241 420
438 49
288 623
620 519
271 655
423 498
219 534
574 415
392 194
385 353
561 396
203 255
700 160
571 60
504 312
4 138
326 663
569 509
48 61
322 289
267 66
197 528
642 381
398 315
708 204
117 406
611 194
190 366
141 28
671 396
474 460
214 547
69 563
533 661
544 436
629 622
640 497
172 308
213 537
333 184
591 371
659 21
555 350
609 728
223 404
440 725
682 26
352 26
569 560
49 115
591 333
436 373
200 153
583 726
707 337
509 613
494 52
720 539
486 122
485 170
601 31
462 354
464 293
239 518
408 417
496 355
618 729
36 47
51 240
504 436
30 60
60 406
312 679
726 535
282 555
457 214
572 525
177 379
417 713
80 71
289 508
240 710
452 337
131 170
118 473
13 497
218 283
187 628
639 1
418 542
163 707
622 523
396 411
479 332
480 174
180 710
555 484
628 719
446 429
194 201
50 581
549 499
607 398
145 230
687 293
480 628
41 223
192 105
155 488
546 443
446 506
83 374
169 377
392 87
553 505
368 462
228 660
266 416
368 456
14 68
28 694
128 354
263 109
11 667
295 728
441 662
126 520
284 608
278 535
469 405
282 331
448 157
26 346
302 418
651 384
583 357
634 435
691 602
570 347
41 673
254 292
271 265
404 604
65 512
705 486
505 123
696 47
591 76
280 205
725 360
603 53
145 647
113 517
295 659
270 400
25 625
81 567
63 425
719 589
413 588
729 323
432 341
386 625
645 366
122 471
312 116
142 47
441 150
81 280
497 84
273 221
725 14
492 219
150 251
31 536
133 66
715 656
566 624
379 359
582 79
385 541
173 382
21 223
49 179
475 452
203 86
588 480
314 462
359 137
521 628
321 708
476 324
335 189
410 654
336 604
716 519
620 547
33 145
605 278
597 81
710 461
50 725
298 163
269 507
316 334
331 361
181 213
514 110
668 398
97 287
326 299
59 200
89 718
205 614
47 82
427 307
645 695
228 432
162 378
596 630
153 292
8 193
320 439
57 495
350 159
17 692
32 628
469 101
314 707
529 684
201 554
728 80
376 707
139 513
159 685
417 95
201 27
210 357
400 721
658 23
97 694
678 319
689 714
292 172
500 525
496 672
429 261
11 575
38 388
9 84
142 210
497 187
517 440
62 655
54 228
306 679
302 450
663 701
435 98
142 362
505 702
678 86
385 669
605 136
412 127
422 204
578 720
125 530
2 41
86 76
374 718
191 129
692 315
352 318
537 385
543 127
425 499
469 389
534 633
84 245
379 317
320 139
6 368
282 427
346 697
709 502
565 210
52 20
410 125
95 707
221 385
444 174
485 617
552 287
462 553
58 524
423 390
291 452
530 599
709 228
468 639
111 11
682 338
54 673
635 706
290 309
348 240
553 623
433 24
271 675
5 175
199 604
428 441
84 622
610 679
475 418
342 416
701 363
102 701
35 594
187 524
505 298
93 443
692 355
157 187
308 609
32 678
151 225
697 115
547 319
302 260
148 528
13 90
39 12
104 401
713 660
698 594
215 321
290 594
355 628
49 441
342 103
618 298
640 581
541 449
367 189
391 185
382 663
138 501
434 106
533 5
617 155
107 700
563 655
215 704
522 583
622 335
332 268
603 637
322 391
271 442
527 471
193 115
658 534
187 562
569 714
219 15
249 18
81 152
315 384
545 475
370 415
231 317
367 131
632 465
77 522
41 2
284 212
530 418
312 522
722 318
397 306
720 379
669 585
212 208
341 337
334 327
72 588
267 36
255 160
46 300
176 520
619 647
218 596
444 231
670 185
411 212
633 142
718 719
446 300
97 474
260 125
698 216
686 472
137 211
569 707
478 662
433 140
192 216
343 242
148 463
53 142
658 264
373 600
306 477
688 667
231 674
595 696
135 453
172 124
309 695
434 453
460 0
399 592
19 129
292 158
218 184
16 477
707 134
487 132
687 578
164 142
301 434
480 405
63 204
292 71
551 161
243 694
522 620
450 421
144 493
41 198
88 120
486 27
550 214
183 565
100 664
396 477
536 58
453 235
517 695
327 522
687 18
707 191
477 472
222 327
662 597
16 137
445 501
404 680
620 413
67 456
536 679
169 516
452 233
575 352
473 479
225 97
605 288
73 665
445 219
497 231
13 388
553 484
540 69
108 136
565 602
672 666
611 609
180 312
47 537
335 197
309 42
348 20
51 419
665 401
420 12
402 353
648 467
607 355
404 40
68 380
268 255
303 656
410 550
314 18
630 454
607 57
508 410
508 419
207 47
588 13
554 290
11 714
27 24
268 244
579 417
31 117
376 462
37 177
24 490
208 607
269 698
552 570
527 457
29 602
333 419
434 415
480 123
153 149
691 547
687 14
594 471
306 548
497 666
543 323
342 251
699 698
326 315
449 332
725 144
551 489
291 716
206 453
462 250
245 21
468 272
684 471
623 159
480 59
294 580
285 354
631 503
721 337
709 278
399 639
729 394
400 155
3 612
638 680
684 250
29 342
356 516
79 701
160 112
343 509
219 260
581 337
411 603
176 326
572 85
461 487
428 499
147 484
248 259
696 284
490 363
147 405
351 598
67 266
63 79
88 643
577 717
608 229
105 313
93 650
632 21
312 696
544 99
31 207
221 402
92 713
631 385
302 65
352 186
313 533
586 719
30 81
93 436
27 695
596 511
485 8
560 411
96 452
305 118
536 456
534 561
103 631
640 186
697 543
351 192
361 108
36 78
376 68
137 706
430 587
636 520
282 97
457 330
501 699
609 540
3 514
560 375
717 26
49 462
520 320
477 15
305 623
338 574
165 310
533 501
691 324
48 592
77 156
15 714
529 722
430 601
217 34
695 704
514 208
392 700
414 686
369 21
397 544
713 321
679 132
387 511
438 662
298 632
45 627
420 343
374 68
255 698
414 439
306 273
38 52
501 639
403 19
363 397
264 574
50 68
276 408
532 416
442 3
33 103
517 527
108 396
531 602
108 220
708 60
248 73
712 231
544 30
195 383
94 674
324 443
602 108
127 71
178 320
685 629
411 99
680 281
598 106
235 652
186 256
49 25
413 486
159 332
416 340
42 27
544 639
364 196
231 239
243 277
106 123
439 410
403 708
277 568
526 348
452 59
269 202
517 293
420 67
78 670
425 290
342 399
103 452
13 432
718 696
711 246
544 491
697 628
342 347
592 472
192 24
563 549
279 201
584 473
277 354
158 618
17 693
455 434
566 346
93 660
299 42
224 32
325 8
9 423
316 549
52 34
199 689
285 582
256 175
204 119
195 485
113 511
629 492
684 187
641 27
528 665
391 624
257 704
574 597
225 430
450 281
191 702
664 91
41 164
55 172
664 702
688 653
371 13
443 362
397 455
662 120
230 389
281 52
389 374
418 92
516 728
48 629
660 694
431 313
610 655
163 650
398 226
708 30
40 637
308 301
601 411
473 59
356 352
415 722
9 596
165 238
368 568
557 439
270 570
257 637
39 90
563 684
549 500
490 532
42 399
692 431
146 591
198 167
605 140
237 624
175 397
572 722
610 263
295 255
161 577
45 279
370 530
207 194
480 396
238 128
38 585
361 518
68 69
700 88
667 20
548 361
338 199
386 476
288 184
377 202
33 616
196 2
596 160
56 580
314 521
251 374
277 722
42 291
648 347
223 75
362 424
339 543
690 107
539 150
438 171
672 125
90 512
337 87
577 725
262 646
97 581
160 559
52 254
673 490
194 134
435 247
17 715
319 554
412 362
386 276
218 80
223 450
22 447
724 570
502 670
65 612
324 700
503 340
338 707
78 284
14 332
492 6
108 54
203 157
150 407
133 141
421 708
647 10
682 398
50 7
170 348
278 212
719 652
482 531
385 566
20 253
256 8
629 469
724 238
88 93
374 330
529 338
671 7
403 32
655 465
128 23
505 31
21 714
219 143
124 398
275 35
591 334
338 663
459 580
492 718
122 177
117 200
582 245
451 353
101 485
262 401
89 694
78 222
701 728
160 350
667 666
568 233
538 597
463 239
384 699
135 474
486 386
93 118
114 395
469 251
234 259
66 286
658 48
572 693
248 184
423 406
691 112
213 103
669 490
613 84
503 132
483 604
389 629
133 519
365 377
663 240
154 389
226 262
183 442
715 0
12 274
178 471
674 162
87 190
179 316
610 589
314 321
7 74
12 58
92 226
533 700
315 284
292 662
708 713
287 509
701 152
640 369
597 281
649 484
523 304
639 233
635 333
5 357
82 471
659 618
174 440
43 113
614 398
528 308
172 95
492 694
326 373
18 468
311 37
556 373
130 96
488 668
413 582
391 676
328 642
114 333
724 17
191 139
464 202
134 64
419 6
719 10
278 629
216 406
183 98
670 565
136 147
471 293
555 423
392 239
629 68
157 527
87 140
661 154
626 418
641 687
729 562
552 24
293 183
482 219
311 323
466 245
530 34
220 195
453 69
42 605
406 241
271 249
440 293
551 158
283 45
253 220
633 346
474 141
646 598
10 157
632 170
651 317
543 350
260 364
652 186
231 302
674 476
492 67
672 231
272 132
703 56
529 672
284 75
701 659
54 426
275 510
499 276
43 457
382 530
478 537
680 151
540 227
654 45
232 448
586 338
472 210
104 712
92 278
105 301
643 221
692 163
288 74
726 404
721 517
601 668
297 681
590 470
524 295
146 84
235 207
26 577
308 446
438 112
213 413
86 88
26 537
273 223
564 280
85 184
683 600
200 271
158 517
474 317
499 36
260 281
686 695
388 538
146 562
109 155
84 605
377 275
254 684
345 512
266 85
623 211
444 73
482 296
134 484
244 160
321 3
539 30
643 221
167 416
59 94
287 140
320 70
344 665
617 604
333 254
637 38
491 525
360 101
92 705
717 697
520 312
10 433
600 543
109 33
652 199
143 266
567 169
63 75
52 101
364 149
276 390
489 456
583 366
117 72
393 626
565 274
337 217
595 535
323 335
498 492
286 175
359 375
199 520
74 204
543 299
231 129
452 487
693 684
122 665
315 672
342 428
391 339
98 175
541 683
219 670
578 596
490 276
288 503
361 458
565 716
588 706
154 74
85 516
311 361
429 238
507 16
226 410
651 479
462 102
507 120
169 239
87 290
357 137
368 261
38 386
233 201
211 711
200 254
440 83
607 350
144 193
554 334
217 539
357 711
300 604
454 632
359 373
326 627
430 217
349 7
654 646
339 73
516 643
286 722
441 661
264 4
419 128
280 251
473 361
30 629
355 513
356 82
390 692
582 106
430 11
600 39
564 39
30 69
492 616
637 481
728 595
692 603
418 137
665 196
563 695
725 613
204 262
597 125
352 114
13 607
463 673
228 316
1 463
445 682
638 340
485 353
584 489
415 216
309 237
495 684
592 570
53 466
96 97
308 516
221 633
9 595
360 599
41 223
532 531
574 467
705 375
536 722
649 43
105 635
131 550
196 160
508 289
487 256
307 350
331 178
481 529
436 349
85 394
124 288
703 116
221 16
455 375
54 101
717 177
206 87
227 127
170 474
557 265
607 714
313 572
76 313
345 57
90 389
539 65
589 718
262 303
549 567
509 331
422 622
245 400
172 703
148 527
0 271
520 512
528 517
63 721
131 347
522 522
634 345
86 434
62 138
564 51
674 545
265 501
264 336
336 58
314 380
531 641
544 580
242 193
586 605
540 405
195 210
32 240
559 96
15 452
694 19
314 618
449 232
575 153
674 318
703 539
8 658
724 432
483 368
548 13
233 172
439 60
522 502
412 511
12 718
427 111
725 87
593 160
628 458
266 239
152 120
709 385
418 114
275 226
32 502
326 480
470 222
322 460
246 216
226 325
417 486
707 109
270 185
165 368
505 0
167 450
129 628
337 102
443 19
426 472
650 681
153 653
276 31
260 236
522 296
620 488
513 100
64 225
300 464
349 688
44 31
584 587
360 551
592 285
280 587
690 513
115 341
69 85
93 441
553 143
89 207
302 543
310 620
627 562
557 23
685 688
668 175
618 169
342 139
286 161
414 289
611 437
216 320
92 581
329 518
603 451
259 118
669 340
713 442
160 600
247 126
686 347
212 242
386 693
91 434
40 76
108 687
412 395
729 68
333 122
151 209
675 223
409 676
349 537
176 540
262 228
336 467
661 580
465 428
255 89
101 170
548 124
335 177
116 37
497 354
433 613
170 251
443 278
634 629
166 470
36 589
197 267
515 50
33 548
444 447
67 474
703 121
476 657
238 355
608 436
510 531
442 668
6 435
417 169
648 381
445 211
105 211
345 467
513 345
185 107
115 452
532 555
453 340
189 645
591 681
105 695
492 587
308 120
483 385
339 285
294 72
338 207
355 513
8 55
22 320
518 546
558 544
610 131
377 412
332 111
99 139
143 228
287 105
716 469
626 564
703 398
706 279
597 534
300 210
68 150
701 421
488 438
82 182
548 248
541 643
143 415
387 387
25 390
679 524
560 76
220 457
63 68
666 572
526 141
711 130
575 238
314 540
126 241
435 211
389 713
269 387
683 213
412 157
268 728
504 256
533 172
287 694
528 77
432 422
551 365
61 619
245 334
347 27
351 313
333 525
392 637
667 703
320 50
384 530
125 322
521 294
296 56
478 261
267 577
289 309
311 612
226 716
410 522
372 175
65 178
367 469
610 492
338 618
182 335
360 651
295 346
298 582
538 81
145 540
350 605
359 552
23 346
182 55
473 351
489 168
555 556
350 488
142 297
234 625
184 480
289 467
217 326
300 218
436 489
595 552
476 548
337 243
153 662
644 322
632 9
227 608
153 703
419 214
653 263
257 264
57 486
614 400
344 461
70 678
494 495
154 54
220 572
689 143
110 443
601 190
539 399
201 277
471 650
74 314
605 373
54 505
194 253
704 35
294 380
175 195
309 333
621 34
203 10
208 155
443 101
496 590
564 296
529 598
593 602
259 45
517 75
504 158
250 169
502 458
138 562
351 618
436 724
215 660
162 522
141 530
535 421
640 247
29 712
261 297
144 96
61 654
408 472
64 662
42 14
290 130
375 562
462 465
676 170
264 335
429 700
286 549
655 573
278 222
73 284
481 521
582 4
244 59
599 452
594 280
704 274
673 248
156 345
158 397
331 479
288 457
445 479
372 258
515 412
582 99
288 487
540 558
585 324
441 696
257 77
138 280
652 692
348 203
194 146
643 300
348 649
463 308
656 212
53 41
305 229
570 147
270 626
659 680
499 430
52 44
134 488
489 487
71 664
472 377
270 685
588 174
373 348
60 465
104 171
43 725
671 611
618 345
358 401
511 12
420 289
266 263
380 620
722 551
665 185
359 367
440 101
346 227
497 506
308 376
35 118
31 376
363 56
257 166
716 665
317 147
509 240
176 683
16 640
607 519
602 537
130 427
473 714
380 652
250 232
27 301
440 713
348 558
515 384
447 332
644 367
173 589
411 78
557 22
355 332
331 690
368 196
440 47
343 666
80 355
70 301
672 163
544 180
412 473
662 352
463 568
358 145
215 372
39 364
257 511
417 273
336 644
261 170
397 572
601 375
589 542
16 311
421 613
148 619
401 127
555 435
591 515
314 331
124 101
588 616
96 621
149 145
172 406
111 694
13 409
284 536
383 344
679 624
588 490
214 210
653 239
334 282
98 604
590 5
301 73
639 445
151 397
374 196
351 152
705 526
429 376
90 182
32 409
43 449
548 275
356 444
388 87
123 124
709 159
431 433
398 144
285 642
177 8
145 491
80 20
279 218
341 466
56 93
429 29
415 240
113 38
182 563
293 110
502 653
41 650
403 712
687 595
571 398
195 192
561 562
709 656
438 684
586 425
589 636
688 97
39 64
120 302
555 328
481 725
97 370
451 412
566 292
524 69
697 347
63 317
420 424
213 370
326 65
275 71
115 179
463 156
434 573
11 173
238 688
145 336
442 237
521 471
432 308
135 149
573 621
259 279
496 314
634 686
348 328
43 192
183 243
313 206
152 602
542 305
449 376
562 341
536 703
695 252
204 347
77 275
135 414
509 65
414 467
717 537
12 339
478 727
499 96
490 9
473 205