750
3749
0,
1,
2,
3,
4,
5,
6,
7,
8,
9,
10,
11,
12,
13,
14,
15,
16,
17,
18,
19,
20,
21,
22,
23,
24,
25,
26,
27,
28,
29,
30,
31,
32,
33,
34,
35,
36,
37,
38,
39,
40,
41,
42,
43,
44,
45,
46,
47,
48,
49,
50,
51,
52,
53,
54,
55,
56,
57,
58,
59,
60,
61,
62,
63,
64,
65,
66,
67,
68,
69,
70,
71,
72,
73,
74,
75,
76,
77,
78,
79,
80,
81,
82,
83,
84,
85,
86,
87,
88,
89,
90,
91,
92,
93,
94,
95,
96,
97,
98,
99,
100,
101,
102,
103,
104,
105,
106,
107,
108,
109,
110,
111,
112,
113,
114,
115,
116,
117,
118,
119,
120,
121,
122,
123,
124,
125,
126,
127,
128,
129,
130,
131,
132,
133,
134,
135,
136,
137,
138,
139,
140,
141,
142,
143,
144,
145,
146,
147,
148,
149,
150,
151,
152,
153,
154,
155,
156,
157,
158,
159,
160,
161,
162,
163,
164,
165,
166,
167,
168,
169,
170,
171,
172,
173,
174,
175,
176,
177,
178,
179,
180,
181,
182,
183,
184,
185,
186,
187,
188,
189,
190,
191,
192,
193,
194,
195,
196,
197,
198,
199,
200,
201,
202,
203,
204,
205,
206,
207,
208,
209,
210,
211,
212,
213,
214,
215,
216,
217,
218,
219,
220,
221,
222,
223,
224,
225,
226,
227,
228,
229,
230,
231,
232,
233,
234,
235,
236,
237,
238,
239,
240,
241,
242,
243,
244,
245,
246,
247,
248,
249,
250,
251,
252,
253,
254,
255,
256,
257,
258,
259,
260,
261,
262,
263,
264,
265,
266,
267,
268,
269,
270,
271,
272,
273,
274,
275,
276,
277,
278,
279,
280,
281,
282,
283,
284,
285,
286,
287,
288,
289,
290,
291,
292,
293,
294,
295,
296,
297,
298,
299,
300,
301,
302,
303,
304,
305,
306,
307,
308,
309,
310,
311,
312,
313,
314,
315,
316,
317,
318,
319,
320,
321,
322,
323,
324,
325,
326,
327,
328,
329,
330,
331,
332,
333,
334,
335,
336,
337,
338,
339,
340,
341,
342,
343,
344,
345,
346,
347,
348,
349,
350,
351,
352,
353,
354,
355,
356,
357,
358,
359,
360,
361,
362,
363,
364,
365,
366,
367,
368,
369,
370,
371,
372,
373,
374,
375,
376,
377,
378,
379,
380,
381,
382,
383,
384,
385,
386,
387,
388,
389,
390,
391,
392,
393,
394,
395,
396,
397,
398,
399,
400,
401,
402,
403,
404,
405,
406,
407,
408,
409,
410,
411,
412,
413,
414,
415,
416,
417,
418,
419,
420,
421,
422,
423,
424,
425,
426,
427,
428,
429,
430,
431,
432,
433,
434,
435,
436,
437,
438,
439,
440,
441,
442,
443,
444,
445,
446,
447,
448,
449,
450,
451,
452,
453,
454,
455,
456,
457,
458,
459,
460,
461,
462,
463,
464,
465,
466,
467,
468,
469,
470,
471,
472,
473,
474,
475,
476,
477,
478,
479,
480,
481,
482,
483,
484,
485,
486,
487,
488,
489,
490,
491,
492,
493,
494,
495,
496,
497,
498,
499,
500,
501,
502,
503,
504,
505,
506,
507,
508,
509,
510,
511,
512,
513,
514,
515,
516,
517,
518,
519,
520,
521,
522,
523,
524,
525,
526,
527,
528,
529,
530,
531,
532,
533,
534,
535,
536,
537,
538,
539,
540,
541,
542,
543,
544,
545,
546,
547,
548,
549,
550,
551,
552,
553,
554,
555,
556,
557,
558,
559,
560,
561,
562,
563,
564,
565,
566,
567,
568,
569,
570,
571,
572,
573,
574,
575,
576,
577,
578,
579,
580,
581,
582,
583,
584,
585,
586,
587,
588,
589,
590,
591,
592,
593,
594,
595,
596,
597,
598,
599,
600,
601,
602,
603,
604,
605,
606,
607,
608,
609,
610,
611,
612,
613,
614,
615,
616,
617,
618,
619,
620,
621,
622,
623,
624,
625,
626,
627,
628,
629,
630,
631,
632,
633,
634,
635,
636,
637,
638,
639,
640,
641,
642,
643,
644,
645,
646,
647,
648,
649,
650,
651,
652,
653,
654,
655,
656,
657,
658,
659,
660,
661,
662,
663,
664,
665,
666,
667,
668,
669,
670,
671,
672,
673,
674,
675,
676,
677,
678,
679,
680,
681,
682,
683,
684,
685,
686,
687,
688,
689,
690,
691,
692,
693,
694,
695,
696,
697,
698,
699,
700,
701,
702,
703,
704,
705,
706,
707,
708,
709,
710,
711,
712,
713,
714,
715,
716,
717,
718,
719,
720,
721,
722,
723,
724,
725,
726,
727,
728,
729,
730,
731,
732,
733,
734,
735,
736,
737,
738,
739,
740,
741,
742,
743,
744,
745,
746,
747,
748,
749
169 548
548 229
229 357
357 328
328 21
21 246
246 122
122 594
594 370
370 593
593 90
90 335
335 320
320 528
528 143
143 302
302 311
311 670
670 492
492 77
77 284
284 91
91 618
618 112
112 441
441 608
608 598
598 94
94 508
508 541
541 175
175 73
73 430
430 85
85 698
698 518
518 420
420 188
188 482
482 273
273 6
6 227
227 105
105 562
562 456
456 483
483 740
740 25
25 486
486 652
652 34
34 672
672 506
506 530
530 278
278 154
154 274
274 533
533 396
396 550
550 661
661 318
318 731
731 290
290 707
707 288
288 351
351 267
267 534
534 119
119 673
673 193
193 134
134 276
276 379
379 606
606 277
277 235
235 367
367 532
532 233
233 228
228 360
360 478
478 457
457 374
374 31
31 38
38 371
371 524
524 402
402 250
250 678
678 265
265 431
431 714
714 321
321 487
487 98
98 513
513 137
137 563
563 664
664 574
574 600
600 746
746 50
50 343
343 377
377 552
552 48
48 97
97 251
251 88
88 106
106 410
410 490
490 493
493 659
659 116
116 161
161 364
364 745
745 177
177 123
123 695
695 726
726 152
152 568
568 234
234 653
653 554
554 648
648 451
451 591
591 324
324 317
317 350
350 399
399 165
165 643
643 455
455 413
413 565
565 5
5 354
354 59
59 28
28 388
388 464
464 84
84 424
424 446
446 182
182 263
263 79
79 207
207 443
443 220
220 744
744 610
610 232
232 526
526 619
619 128
128 47
47 184
184 426
426 748
748 2
2 372
372 49
49 720
720 469
469 564
564 512
512 74
74 505
505 18
18 156
156 61
61 390
390 654
654 682
682 20
20 422
422 13
13 196
196 498
498 693
693 269
269 382
382 544
544 86
86 421
421 242
242 147
147 46
46 54
54 330
330 146
146 681
681 259
259 173
173 592
592 178
178 465
465 504
504 68
68 24
24 248
248 179
179 477
477 57
57 645
645 344
344 44
44 69
69 258
258 300
300 727
727 236
236 37
37 386
386 517
517 254
254 722
722 686
686 63
63 206
206 729
729 723
723 461
461 358
358 260
260 488
488 411
411 262
262 373
373 60
60 253
253 17
17 225
225 613
613 103
103 111
111 369
369 458
458 516
516 675
675 216
216 43
43 125
125 385
385 437
437 35
35 403
403 687
687 150
150 197
197 203
203 185
185 261
261 697
697 679
679 603
603 452
452 515
515 711
711 429
429 622
622 438
438 646
646 520
520 286
286 612
612 397
397 500
500 271
271 502
502 615
615 406
406 160
160 657
657 702
702 144
144 244
244 141
141 210
210 445
445 401
401 100
100 198
198 183
183 89
89 153
153 115
115 118
118 139
139 669
669 749
749 543
543 201
201 536
536 638
638 690
690 617
617 635
635 665
665 14
14 734
734 345
345 341
341 414
414 180
180 149
149 11
11 576
576 252
252 32
32 285
285 459
459 717
717 191
191 383
383 336
336 551
551 537
537 381
381 440
440 611
611 202
202 692
692 45
45 256
256 427
427 454
454 481
481 553
553 306
306 629
629 737
737 168
168 138
138 384
384 716
716 621
621 415
415 71
71 305
305 641
641 96
96 51
51 281
281 209
209 400
400 213
213 52
52 555
555 644
644 99
99 580
580 738
738 16
16 187
187 270
270 557
557 484
484 558
558 342
342 241
241 633
633 694
694 663
663 489
489 380
380 212
212 599
599 301
301 462
462 296
296 205
205 466
466 597
597 136
136 588
588 238
238 721
721 163
163 658
658 570
570 620
620 704
704 208
208 586
586 339
339 683
683 365
365 514
514 706
706 696
696 33
33 460
460 9
9 22
22 473
473 609
609 217
217 245
245 539
539 680
680 503
503 719
719 219
219 375
375 264
264 736
736 408
408 703
703 145
145 158
158 616
616 93
93 463
463 743
743 589
589 535
535 23
23 474
474 626
626 651
651 226
226 453
453 634
634 362
362 27
27 571
571 497
497 334
334 509
509 10
10 135
135 249
249 95
95 636
636 637
637 181
181 4
4 223
223 582
582 596
596 190
190 361
361 450
450 725
725 546
546 55
55 485
485 404
404 26
26 199
199 700
700 148
148 423
423 247
247 132
132 507
507 405
405 649
649 747
747 329
329 307
307 393
393 78
78 623
623 237
237 728
728 151
151 72
72 495
495 542
542 549
549 525
525 352
352 735
735 309
309 395
395 625
625 668
668 224
224 313
313 595
595 279
279 192
192 628
628 174
174 164
164 222
222 327
327 221
221 519
519 230
230 308
308 1
1 130
130 8
8 501
501 470
470 585
585 523
523 439
439 436
436 195
195 741
741 87
87 62
62 133
133 527
527 356
356 124
124 479
479 689
689 368
368 547
547 561
561 632
632 739
739 363
363 660
660 15
15 117
117 166
166 283
283 239
239 584
584 255
255 107
107 491
491 677
677 194
194 627
627 718
718 666
666 299
299 511
511 510
510 475
475 710
710 733
733 394
394 127
127 416
416 545
545 129
129 467
467 631
631 303
303 80
80 102
102 338
338 189
189 67
67 428
428 292
292 494
494 214
214 82
82 215
215 639
639 66
66 291
291 650
650 298
298 287
287 418
418 272
272 3
3 19
19 601
601 642
642 39
39 433
433 715
715 630
630 110
110 162
162 676
676 540
540 53
53 376
376 583
583 121
121 559
559 699
699 157
157 604
604 662
662 713
713 590
590 319
319 331
331 607
607 730
730 333
333 140
140 347
347 656
656 476
476 295
295 76
76 42
42 231
231 709
709 167
167 378
378 172
172 392
392 75
75 289
289 268
268 655
655 312
312 614
614 567
567 81
81 472
472 496
496 671
671 581
581 691
691 29
29 435
435 126
126 58
58 579
579 605
605 120
120 280
280 0
0 569
569 471
471 243
243 674
674 12
12 521
521 531
531 425
425 41
41 432
432 294
294 742
742 449
449 109
109 587
587 701
701 409
409 359
359 647
647 200
200 724
724 266
266 142
142 387
387 389
389 40
40 304
304 712
712 346
346 391
391 159
159 314
314 434
434 499
499 170
170 442
442 366
366 211
211 538
538 176
176 468
468 667
667 353
353 297
297 480
480 186
186 332
332 340
340 293
293 7
7 218
218 705
705 573
573 108
108 322
322 602
602 348
348 412
412 398
398 522
522 355
355 56
56 577
577 114
114 70
70 275
275 65
65 326
326 315
315 282
282 578
578 624
624 448
448 104
104 257
257 171
171 732
732 572
572 685
685 204
204 575
575 113
113 419
419 349
349 640
640 684
684 444
444 560
560 708
708 30
30 337
337 556
556 407
407 101
101 417
417 310
310 688
688 566
566 92
92 323
323 83
83 316
316 529
529 64
64 131
131 36
36 447
447 240
240 325
325 155
519 193
289 492
275 16
558 17
117 510
482 651
735 739
117 432
744 55
299 219
258 257
731 25
39 741
698 482
20 175
700 406
114 464
143 476
245 464
258 270
567 4
224 516
173 169
559 641
215 422
634 349
411 334
686 350
748 134
169 394
523 284
70 366
13 299
382 230
195 383
438 723
289 666
236 392
385 448
592 229
606 428
251 431
573 443
378 6
621 640
292 713
389 166
520 521
32 518
160 172
213 611
669 648
133 28
519 696
405 462
314 589
70 178
201 155
511 51
112 161
642 631
271 124
339 351
673 352
631 728
552 658
48 240
346 748
0 144
348 123
54 339
181 328
385 355
699 335
318 328
102 194
412 469
391 452
523 603
185 614
290 30
48 528
37 597
302 529
111 283
256 479
351 385
515 214
266 601
412 463
145 552
358 62
642 619
56 610
109 694
233 142
694 12
131 220
598 696
146 370
319 602
216 483
680 335
395 387
655 78
712 529
381 156
243 30
150 647
224 66
595 420
289 492
736 133
255 698
304 651
494 743
592 220
359 468
324 570
287 240
692 388
620 724
502 640
489 438
424 217
541 382
155 289
685 664
690 388
453 723
392 666
162 348
371 572
450 616
549 645
255 87
67 695
744 126
639 202
583 543
108 733
8 655
567 593
47 97
549 192
114 356
560 373
109 132
398 140
393 572
178 55
445 601
644 602
439 93
230 108
430 269
172 331
736 180
621 491
559 376
496 514
595 209
211 264
46 599
531 326
64 537
527 745
579 663
633 427
172 171
687 644
576 246
270 520
619 477
508 130
89 10
132 102
695 275
608 231
224 738
403 254
11 698
442 593
25 178
78 614
357 160
67 79
574 131
288 708
218 713
652 438
269 331
463 69
428 39
642 281
189 143
34 160
188 304
489 171
713 213
539 511
636 484
732 432
107 283
664 555
26 327
34 565
86 711
523 425
483 186
651 70
79 410
132 199
588 422
73 538
339 119
285 601
440 524
20 552
394 404
75 447
619 647
307 653
223 673
734 494
693 60
410 414
570 263
711 81
124 382
141 365
221 663
361 265
206 119
372 354
343 458
584 276
733 354
381 525
105 290
471 155
336 326
325 690
450 14
345 459
525 22
554 642
97 214
363 584
13 563
721 73
628 432
314 698
435 145
275 510
247 494
186 315
235 27
706 59
137 582
717 89
676 169
662 490
505 728
289 42
210 523
41 211
381 205
491 335
302 449
253 720
712 60
300 341
181 447
203 250
186 259
610 257
448 522
462 642
463 77
536 585
93 409
103 594
346 533
3 45
189 626
495 546
668 1
178 471
227 620
256 528
193 323
351 227
101 163
684 691
132 89
678 648
2 680
416 471
486 562
366 389
16 362
192 682
28 569
4 48
51 464
537 369
169 384
381 692
157 164
34 555
517 408
256 429
1 49
255 605
121 167
749 646
3 529
66 221
623 81
224 427
483 357
617 201
667 571
422 367
324 745
9 570
259 700
262 329
283 541
424 463
512 86
731 472
741 234
682 68
707 54
257 705
230 389
357 745
681 630
428 218
536 97
346 235
301 153
196 173
25 640
105 469
24 420
284 550
710 671
379 522
612 220
185 524
728 514
365 109
25 152
381 328
531 389
85 292
144 298
503 565
593 609
456 645
55 403
436 269
699 253
119 272
302 484
710 366
8 272
406 586
139 533
76 558
614 188
503 645
551 28
267 10
96 672
359 539
23 569
188 486
533 520
578 345
85 542
110 132
713 383
567 6
449 290
73 254
278 323
395 727
363 542
165 434
320 404
290 329
594 213
493 69
636 478
665 597
129 270
297 259
543 250
79 478
85 667
53 678
672 542
265 364
82 241
640 366
422 335
116 20
500 687
563 718
388 723
381 660
404 700
512 594
703 710
339 383
568 598
321 265
385 673
417 524
255 161
380 688
300 222
316 410
95 258
686 79
489 206
648 713
641 282
195 698
729 168
250 595
396 217
470 541
288 671
398 51
534 132
77 190
226 665
560 637
562 234
487 102
572 494
588 77
152 93
348 434
586 334
196 457
351 179
556 304
174 110
600 280
34 438
741 567
434 125
203 363
384 10
34 288
390 72
455 87
344 109
343 162
223 89
677 393
333 592
146 639
374 165
485 199
519 328
64 275
538 20
194 738
498 191
674 637
200 677
646 658
59 223
224 16
8 596
494 462
321 608
319 358
295 276
216 319
361 573
191 255
475 78
517 44
158 286
63 695
147 312
270 625
502 187
612 481
292 441
73 12
460 325
283 318
332 6
533 406
254 62
537 538
212 16
222 132
70 404
486 704
231 553
307 370
677 256
22 639
14 697
51 655
204 385
262 283
635 542
190 582
429 636
451 173
155 488
711 543
609 591
591 279
473 648
378 428
725 578
612 652
721 513
167 217
688 202
262 112
239 472
354 234
391 319
47 592
320 164
196 142
684 690
58 532
431 284
550 74
296 227
575 56
710 520
320 713
72 384
439 555
310 528
144 699
526 169
129 388
125 320
563 532
687 390
105 309
117 431
222 591
151 304
309 294
297 368
278 289
247 508
462 537
439 345
125 133
495 407
660 660
649 402
455 490
314 589
97 203
506 552
196 41
490 365
590 389
19 272
507 461
269 11
392 667
228 118
336 627
230 502
248 147
433 300
577 404
115 11
406 667
722 194
331 104
210 314
749 342
364 100
588 131
655 327
142 404
390 348
540 129
717 208
731 380
17 474
667 58
393 91
373 196
554 594
448 272
90 484
269 357
30 711
472 351
485 726
452 720
122 426
511 672
612 317
100 562
624 105
221 438
578 427
589 407
408 623
464 424
572 281
375 244
21 696
543 634
168 30
442 265
526 676
7 321
595 708
525 518
79 534
73 481
89 375
87 69
34 642
525 48
159 522
550 499
356 176
211 554
715 386
123 640
220 360
463 621
426 101
576 353
528 553
564 269
641 557
682 575
51 293
234 25
586 608
557 199
546 47
377 38
135 396
425 445
148 746
642 527
671 441
350 258
189 284
612 142
236 312
127 260
523 85
617 196
98 430
303 227
371 615
684 445
140 82
432 564
489 8
556 3
530 652
490 308
471 163
134 388
493 329
4 733
534 366
153 616
744 197
433 193
668 33
262 497
258 517
110 737
512 66
518 77
359 540
330 22
432 263
649 192
182 741
554 255
201 183
577 465
352 326
58 12
58 242
284 491
498 524
711 396
444 441
712 257
123 596
283 617
236 24
580 94
391 264
610 249
732 380
626 604
665 49
255 72
616 374
682 626
232 542
3 682
702 453
104 256
510 236
97 710
416 264
672 486
703 577
602 177
125 542
117 509
34 33
398 509
239 151
434 736
486 475
369 584
293 172
296 703
104 5
24 365
280 697
624 623
322 26
678 231
107 551
596 749
113 140
682 475
504 651
602 413
672 267
76 81
554 67
28 7
14 230
262 709
510 111
143 677
82 88
461 86
747 311
403 549
680 422
506 562
737 47
685 25
738 674
200 525
175 367
61 525
301 713
435 436
589 167
220 100
170 236
576 522
139 123
509 114
42 176
34 235
340 730
405 355
725 702
308 167
11 281
693 14
387 211
44 19
244 550
617 164
46 569
459 738
628 9
248 167
374 527
545 117
273 258
691 144
233 607
694 674
329 558
385 733
600 469
489 3
38 372
317 170
249 229
385 476
544 44
701 461
565 321
711 244
343 442
683 569
205 690
23 619
678 297
403 638
272 206
360 6
156 124
715 578
630 301
419 327
537 591
597 51
320 150
627 638
554 563
458 59
366 12
648 497
564 383
140 406
557 101
557 122
200 648
385 293
149 320
528 643
292 174
519 335
316 716
137 130
491 192
413 191
115 51
253 395
503 622
723 273
296 360
639 708
526 248
402 737
245 18
708 43
6 212
123 51
247 287
417 156
690 76
461 678
195 647
250 60
335 426
469 66
579 383
292 67
275 306
488 593
612 335
182 631
143 441
101 679
206 628
107 297
485 174
350 617
24 568
32 266
80 139
411 220
275 419
358 21
506 190
486 700
355 471
279 418
556 425
672 461
285 175
314 329
355 26
146 56
5 441
389 317
652 543
289 302
578 747
721 121
268 245
232 464
223 738
666 304
471 565
488 548
561 86
169 5
307 313
592 249
432 29
40 606
499 394
285 150
485 101
274 265
490 641
458 410
618 589
62 526
436 221
443 423
256 274
608 685
506 575
683 510
476 546
423 428
121 551
619 353
588 488
431 26
719 141
118 558
617 90
30 116
671 625
320 739
439 743
193 388
479 251
46 709
718 607
451 557
557 198
345 628
303 613
407 224
561 460
737 438
352 92
252 606
90 647
300 130
245 360
722 612
622 562
54 722
457 678
172 345
695 80
470 378
452 268
484 5
626 475
81 68
1 646
434 103
662 518
595 647
535 74
536 624
484 584
481 322
41 606
174 231
728 340
678 206
683 658
249 405
399 465
71 503
197 37
433 160
218 692
5 671
7 179
351 177
637 288
23 334
535 445
186 269
548 489
507 110
378 411
453 595
426 726
311 506
105 459
578 211
151 504
289 698
463 531
23 430
634 607
389 423
351 460
651 498
325 353
68 445
657 410
275 572
72 286
167 137
304 632
122 303
577 695
626 227
310 348
99 484
446 358
494 231
477 330
243 497
52 1
226 449
600 582
563 312
492 165
363 670
103 408
134 142
581 713
101 248
707 362
107 526
494 383
437 483
527 727
623 90
190 513
674 734
700 86
413 538
547 400
423 740
413 714
288 622
510 436
272 273
66 481
564 677
664 182
634 333
419 744
119 598
179 650
506 557
256 207
707 682
551 674
128 535
691 62
742 222
121 663
667 696
514 233
431 231
357 573
246 291
186 507
94 248
266 83
701 309
100 57
431 489
542 545
569 286
456 665
744 368
686 622
514 290
477 665
531 95
352 164
650 80
345 550
145 559
475 274
68 326
148 531
73 683
432 169
389 88
18 735
126 418
547 425
613 437
618 17
609 309
320 724
414 205
130 431
555 303
621 467
593 64
155 594
623 354
608 432
692 651
627 371
193 597
163 116
561 21
61 159
30 394
287 688
568 162
601 715
357 349
285 174
423 236
275 422
470 443
509 580
254 598
650 183
637 278
523 14
630 659
362 462
9 451
505 465
617 268
77 226
272 138
268 91
676 40
355 297
218 444
618 363
625 549
606 407
465 417
211 162
292 358
47 120
602 356
649 672
437 220
328 250
2 122
362 60
428 237
37 366
619 254
266 156
564 720
726 505
51 270
711 682
593 642
29 532
678 137
312 574
726 136
500 549
670 564
102 233
298 83
481 702
304 122
225 461
635 595
646 442
452 391
509 261
396 564
696 199
716 64
732 2
24 711
490 622
416 328
722 173
118 325
206 555
634 245
199 130
13 191
15 515
255 412
741 415
647 564
280 583
508 433
20 252
668 672
598 365
457 657
615 339
444 365
215 362
215 294
663 156
26 220
403 720
68 164
685 31
372 130
216 551
66 271
12 154
214 178
634 154
486 483
308 555
661 159
318 60
302 353
599 474
174 186
234 349
538 205
370 681
57 489
430 4
354 254
520 407
622 546
620 720
182 360
728 80
144 16
101 615
413 676
717 274
626 621
682 603
292 712
441 667
457 667
10 99
683 165
478 261
526 378
268 653
728 234
443 141
236 211
473 369
1 157
344 485
103 716
479 183
424 24
19 472
702 358
78 510
376 247
68 591
234 397
323 493
345 305
172 137
604 389
539 544
159 359
93 175
458 362
731 552
665 460
159 63
146 323
236 664
361 77
376 557
722 19
380 585
657 312
718 526
502 80
65 146
622 389
516 22
384 205
389 582
268 205
333 713
142 621
694 293
673 356
742 664
652 746
611 499
371 229
545 19
508 239
156 602
359 168
371 375
493 500
50 279
36 356
747 639
123 497
413 233
644 620
326 24
30 341
194 77
434 129
207 728
674 317
176 501
409 502
466 618
184 212
646 148
303 211
705 590
291 413
730 28
439 327
320 613
674 711
288 342
201 631
533 55
564 52
87 148
407 563
522 425
307 219
298 587
454 189
437 736
63 612
648 177
230 382
379 422
28 508
83 248
137 735
598 123
150 465
223 375
140 292
662 179
227 465
477 432
480 520
120 52
747 74
525 377
45 209
666 277
83 173
630 695
471 317
111 323
522 146
73 362
517 687
144 291
612 665
344 643
221 678
113 193
450 49
695 677
336 561
609 299
429 87
53 388
198 148
126 372
586 254
73 388
314 200
343 17
449 454
727 572
412 17
351 425
277 606
5 14
356 681
439 480
546 358
260 342
248 625
183 326
248 314
219 481
699 116
272 364
314 80
714 481
445 562
50 156
476 438
526 2
13 418
383 254
307 514
146 388
171 545
673 680
286 12
506 147
438 504
319 661
18 33
738 621
147 429
640 493
121 574
375 261
175 609
1 696
534 18
201 432
198 523
133 157
694 502
272 216
58 82
89 247
186 668
723 410
130 613
249 637
645 158
696 267
371 122
128 527
733 424
269 585
48 336
393 649
540 469
664 104
420 553
14 614
626 589
643 240
240 421
716 350
449 9
183 265
558 647
101 488
380 293
667 581
56 16
196 202
362 641
473 482
305 114
605 468
302 232
712 498
550 497
644 565
707 327
9 437
738 473
609 271
286 612
278 543
271 380
569 466
550 47
384 132
492 251
636 236
477 348
485 623
353 331
579 144
490 346
190 19
482 615
660 577
352 471
135 515
254 70
384 160
312 714
369 477
504 715
370 72
196 730
381 332
204 711
648 729
4 238
386 327
743 615
327 327
514 97
51 602
73 365
721 81
94 656
666 6
210 121
275 184
443 251
432 214
667 565
382 200
707 501
649 255
178 120
344 384
543 221
184 565
562 496
550 156
267 707
199 538
324 336
395 464
394 509
78 693
237 723
644 27
409 684
259 171
703 356
599 71
642 96
429 72
103 252
119 263
244 622
654 361
301 333
163 725
707 343
473 408
40 218
188 311
223 609
70 429
324 541
626 314
109 525
719 214
356 559
620 221
69 410
12 665
87 386
143 78
589 731
102 95
22 656
84 1
310 64
77 539
393 17
162 690
264 563
228 692
39 9
247 134
629 503
357 281
668 293
668 268
159 469
635 189
161 404
392 29
392 429
58 583
207 733
566 402
539 591
199 649
237 336
218 97
144 464
9 579
77 523
162 618
633 490
268 58
546 13
390 179
331 571
420 498
33 474
592 631
100 722
735 420
76 193
722 407
740 662
351 280
729 748
37 449
208 530
451 214
604 169
456 743
628 191
383 206
254 187
446 309
174 454
274 740
83 540
414 618
603 427
161 611
286 90
288 615
728 463
113 729
183 316
198 252
226 434
410 467
25 713
653 725
413 681
213 687
574 342
744 703
674 422
525 335
168 344
60 246
710 159
552 717
735 334
221 349
382 161
7 632
723 12
272 98
454 9
460 471
704 242
643 179
158 538
215 408
715 191
44 537
186 329
330 501
425 671
420 655
240 648
694 568
349 255
446 192
49 608
372 749
606 435
502 678
721 333
711 144
503 417
319 476
571 76
435 132
94 124
92 394
175 82
243 433
579 687
208 451
10 156
160 171
43 195
279 275
204 552
513 641
690 301
553 262
390 70
202 398
29 513
510 406
36 2
588 427
359 135
747 624
372 440
20 733
451 94
583 668
462 214
39 145
418 40
92 439
19 412
287 592
491 42
512 389
429 343
168 393
495 692
667 128
127 631
583 518
10 252
455 715
87 292
413 319
416 63
155 385
289 491
646 521
430 128
276 228
690 23
543 370
431 56
157 479
595 356
64 163
43 471
466 488
683 148
59 4
274 24
322 424
209 483
154 316
587 683
572 607
430 695
631 429
275 8
367 238
242 587
378 356
232 351
449 699
593 308
122 118
553 41
353 420
230 90
415 635
621 305
127 407
567 721
685 139
499 427
94 544
672 400
186 611
490 554
332 32
566 341
657 332
179 199
100 208
0 408
231 89
696 56
386 544
427 552
330 58
603 34
320 422
170 124
192 53
722 178
318 486
340 565
445 7
630 640
191 297
424 271
450 362
570 572
298 331
431 519
620 668
415 548
365 438
197 274
36 569
139 516
201 412
548 94
628 220
249 351
656 551
313 743
530 317
441 125
137 470
326 354
697 179
322 208
23 23
148 367
556 202
26 147
403 749
383 121
420 493
597 161
370 517
91 90
631 108
312 389
333 256
604 612
465 741
230 476
242 243
605 543
236 746
378 99
539 162
597 167
403 252
494 36
156 124
699 2
266 450
400 576
146 658
582 543
424 361
419 729
299 648
638 160
357 537
285 713
454 623
584 101
373 404
353 288
494 718
95 475
330 187
415 363
243 227
399 608
373 146
614 175
176 328
188 704
120 583
579 150
443 712
216 420
392 121
416 539
4 242
427 340
141 716
209 472
421 166
699 482
746 622
357 443
591 131
412 640
9 87
591 712
687 274
83 607
173 291
649 141
703 9
246 99
705 128
519 251
171 668
627 253
693 31
400 311
570 747
302 676
720 704
65 324
246 378
235 285
301 739
364 314
713 731
442 50
182 477
424 379
165 468
182 379
36 48
428 136
136 136
396 387
349 628
79 680
235 662
625 726
556 317
121 671
123 476
584 431
237 457
56 655
199 22
52 376
521 716
440 290
105 298
39 280
663 428
471 138
230 673
374 149
381 427
283 414
192 364
357 595
642 100
111 267
659 91
500 729
29 692
726 145
438 625
648 549
320 492
456 321
37 670
206 209
369 11
5 324
405 99
545 10
413 93
298 64
375 462
96 228
123 120
28 553
99 481
490 314
448 500
479 431
193 432
576 218
514 417
412 129
603 0
12 154
276 378
122 260
6 115
506 104
458 412
575 510
16 260
744 524
513 24
14 84
539 398
600 602
351 344
51 656
605 585
743 436
551 455
455 563
517 142
180 327
615 82
141 285
474 497
187 715
711 245
5 21
191 229
225 597
705 289
724 193
412 16
283 627
346 371
358 280
356 98
656 209
353 168
629 549
332 120
494 544
394 615
380 50
235 145
284 467
309 164
608 577
1 524
590 187
277 176
729 178
207 712
530 598
423 446
200 744
66 746
249 175
451 726
143 584
688 552
82 74
51 159
401 399
576 333
741 137
335 540
306 514
112 573
206 117
222 28
328 309
635 322
54 43
376 429
193 292
480 524
235 111
420 160
640 126
625 578
2 159
610 275
330 66
567 427
402 394
259 340
317 162
316 347
200 442
523 543
536 483
57 540
266 34
392 737
702 682
452 468
453 560
730 339
329 7
121 479
117 307
271 4
747 706
439 299
190 721
430 558
479 172
69 130
397 133
499 721
725 484
69 275
71 617
493 541
570 573
479 613
269 387
739 669
417 157
226 21
526 623
530 282
264 244
255 658
455 1
452 547
199 674
571 671
118 62
62 105
305 226
279 647
154 610
434 265
611 20
232 29
712 31
140 305
109 56
269 88
374 610
573 237
5 303
66 264
396 333
662 134
72 206
181 529
690 380
16 375
551 226
246 50
732 549
75 342
286 622
679 93
540 332
485 383
250 107
446 477
482 602
353 630
149 138
407 735
442 195
214 512
466 489
26 190
255 176
311 62
394 161
606 701
712 87
687 493
511 727
162 174
347 585
557 62
726 11
327 149
338 198
585 534
675 133
711 175
629 605
680 603
25 560
685 575
15 150
663 452
218 579
489 131
224 190
253 209
112 33
89 285
125 570
629 695
479 41
479 713
361 522
278 116
699 173
492 712
428 745
377 560
148 61
182 310
118 96
525 236
647 583
376 405
463 484
103 544
238 448
372 719
167 188
288 544
131 552
580 612
55 156
222 733
38 484
642 9
625 111
745 426
668 432
80 283
722 749
617 225
573 144
470 532
395 644
629 698
350 743
266 124
691 50
280 136
553 167
577 227
13 329
317 52
656 153
364 570
457 531
237 215
103 498
700 240
364 533
675 707
293 727
38 500
160 9
65 389
144 242
206 475
305 472
327 645
372 641
310 681
27 691
329 551
459 708
594 246
736 288
26 302
508 292
219 596
749 435
663 254
300 616
721 544
688 284
708 151
261 140
262 599
499 344
350 363
732 363
581 230
231 514
444 81
479 465
36 167
595 135
229 308
356 36
196 257
52 540
413 695
611 352
479 440
9 55
522 723
410 691
736 250
661 728
415 294
201 416
60 650
41 66
125 350
546 118
647 742
420 147
454 472
714 187
516 661
259 197
124 203
421 635
719 591
528 705
561 706
297 401
454 454
241 260
626 109
374 619
472 64
504 223
299 261
425 69
190 278
651 381
734 202
213 366
95 289
431 152
170 682
440 340
463 160
600 463
450 518
289 214
314 362
749 329
296 41
246 53
612 3
376 150
508 345
553 377
322 55
320 570
501 285
337 242
112 225
74 592
393 71
461 1
244 465
151 223
432 549
524 400
213 118
298 394
119 633
131 444
631 86
532 366
512 645
289 431
80 581
625 142
107 674
655 74
356 590
139 711
681 520
286 500
713 285
155 216
597 394
635 209
147 138
126 702
707 173
119 1
719 113
273 43
606 628
417 155
570 391
305 632
484 64
610 198
368 131
532 383
147 622
578 530
452 428
96 634
633 730
51 471
356 654
355 514
651 323
255 321
197 316
163 513
511 86
190 149
710 149
688 492
522 214
122 446
13 722
326 250
457 498
374 679
278 661
50 592
461 308
608 99
269 7
405 423
741 456
2 353
474 283
189 514
358 101
236 145
587 316
312 228
489 196
513 423
258 441
240 330
702 103
147 427
87 364
623 523
728 472
308 620
555 343
589 354
501 328
496 181
296 462
558 82
457 233
606 515
424 593
127 515
7 693
63 237
686 337
145 58
542 359
589 47
451 363
165 353
668 473
59 233
510 191
538 641
662 324
422 235
72 102
719 530
156 455
82 441
32 342
281 316
85 577
549 8
642 327
540 417
485 614
627 600
528 699
737 550
31 428
105 103
162 523
682 348
24 718
91 182
391 436
568 433
309 661
429 390
343 174
279 371
571 304
380 187
713 484
231 677
707 343
280 576
285 678
681 658
344 28
86 709
65 340
159 601
730 530
664 611
741 306
600 202
231 24
311 388
504 367
419 28
100 749
481 267
504 34
300 494
420 434
481 701
718 719
585 28
126 423
197 701
529 315
176 678
83 214
120 149
14 315
550 241
126 616
303 175
721 198
289 440
396 659
15 511
359 31
373 740
326 719
153 115
647 633
25 24
429 257
173 354
17 231
277 495
703 200
404 45
627 649
263 508
429 647
726 341
655 683
701 702
443 259
603 661
128 637
104 274
529 599
67 623
617 93
5 290
746 246
55 454
472 439
112 472
617 462
488 100
8 459
453 275
312 550
226 49
500 288
195 687
33 232
125 379
606 329
168 67
660 341
526 238
704 250
595 747
685 315
568 378
658 585
650 498
117 273
117 647
265 237
624 546
276 90
117 352
424 383
170 516
435 474
93 332
175 534
645 633
404 233
302 525
167 628
150 131
334 323
260 51
294 102
390 545
736 452
206 197
388 583
558 716
466 120
461 510
412 645
60 93
285 682
285 201
56 6
586 461
603 600
429 232
429 341
317 634
675 263
498 223
395 303
673 706
271 28
157 593
613 723
282 59
466 155
308 120
69 550
221 120
278 436
171 18
166 218
646 672
567 146
387 515
22 573
469 674
405 53
619 106
219 386
487 720
19 671
213 56
638 134
749 155
147 693
249 410
2 427
459 596
243 639
82 487
321 422
464 718
250 429
194 238
189 485
266 490
69 335
300 415
41 123
14 303
416 500
270 749
154 26
123 234
25 182
589 230
637 245
479 598
259 287
567 574
747 383
354 593
730 346
721 255
653 698
22 363
727 158
258 370
397 256
452 218
533 319
213 637
81 667
725 305
233 375
658 325
265 481
29 235
386 205
360 605
728 734
408 581
574 50
90 363
456 325
138 51
706 109
159 53
159 556
25 581
405 446
152 181
725 367
166 323
734 578
142 158
714 138
276 744
45 17
106 16
253 353
604 89
276 38
295 450
177 584
100 71
26 319
442 485
327 429
689 421
186 363
80 641
607 677
526 741
210 77
24 250
543 111
249 132
737 372
246 348
243 332
562 100
247 33
509 659
127 14
200 347
622 474
62 110
477 424
2 139
245 361
127 521
504 430
82 488
691 167
252 463
186 72
381 57
0 718
693 12
342 544
132 258
372 482
500 496
54 281
431 68
252 335
325 236
331 723
20 501
379 27
80 620
238 283
74 266
363 502
502 648
727 655
97 675
82 720
420 313
123 611
564 105
518 490
527 582
211 152
266 481
508 238
169 38
474 411
307 30
609 662
570 1
530 335
146 655
177 743
642 254
639 551
739 704
637 162
718 334
515 117
494 441
2 121
597 495
539 379
305 248
307 365
229 452
427 744
196 676
372 355
130 731
333 406
659 490
693 425
697 96
680 133
14 516
285 4
497 7
519 216
536 95
483 371
385 554
619 370
421 264
128 260
192 693
666 698
479 1
544 470
362 85
448 457
604 672
441 726
510 67
623 733
431 492
84 184
703 375
675 532
132 692
253 24
486 709
447 621
120 227
85 320
529 635
303 631
131 624
600 613
680 495
22 260
173 627
431 620
66 571
451 582
357 641
133 746
231 579
523 87
579 463
646 167
434 525
37 510
616 470
573 729
629 656
160 581
723 182
202 579
326 556
728 649
614 289
590 113
281 247
168 706
352 109
206 600
531 158
675 579
563 706
515 199
527 14
330 498
551 559
391 76
400 401
31 432
689 579
652 486
212 620
195 18
665 233
415 649
23 182
127 160
128 505
161 455
312 512
674 329
356 55
97 443
317 747
232 96
687 627
30 622
581 364
405 365
302 574
188 221
631 663
335 277
13 362
501 290
413 90
112 527
446 160
221 71
631 43
746 744
650 487
164 381
308 594
593 233
82 732
650 69
587 359
713 605
73 672
128 121
237 22
342 23
421 217
502 470
302 728
245 140
421 508
51 272
332 518
698 641
673 159
269 506
229 614
126 6
268 321
109 39
588 37
127 644
451 306
370 87
374 402
307 296
3 419
447 495
64 545
95 65
451 140
446 565
192 89
249 698
522 299
19 274
150 403
547 136
198 591
305 616
431 200
295 353
170 354
548 681
93 706
322 434
579 32
265 300
713 311
567 506
693 457
94 674
654 34
523 326
363 409
347 442
395 453
353 538
520 222
510 689
564 331
372 13
364 310
365 675
674 694
655 495
421 641
177 670
381 656
534 388
608 651
701 61
731 119
574 708
308 108
335 243
123 86
310 487
487 434
156 485
59 461
78 297
548 8
156 413
446 164
746 300
212 441
244 201
7 242
658 255
34 413
359 194
92 68
68 628
349 458
718 332
356 654
630 442
475 120
604 680
358 597
662 420
380 619
557 553
581 714
643 219
424 56
476 622
591 401
99 55
502 169
560 592
289 558
175 289
571 509
479 517
152 487
159 226
602 671
326 224
239 98
399 227
397 710
124 129