760
3799
0,
1,
2,
3,
4,
5,
6,
7,
8,
9,
10,
11,
12,
13,
14,
15,
16,
17,
18,
19,
20,
21,
22,
23,
24,
25,
26,
27,
28,
29,
30,
31,
32,
33,
34,
35,
36,
37,
38,
39,
40,
41,
42,
43,
44,
45,
46,
47,
48,
49,
50,
51,
52,
53,
54,
55,
56,
57,
58,
59,
60,
61,
62,
63,
64,
65,
66,
67,
68,
69,
70,
71,
72,
73,
74,
75,
76,
77,
78,
79,
80,
81,
82,
83,
84,
85,
86,
87,
88,
89,
90,
91,
92,
93,
94,
95,
96,
97,
98,
99,
100,
101,
102,
103,
104,
105,
106,
107,
108,
109,
110,
111,
112,
113,
114,
115,
116,
117,
118,
119,
120,
121,
122,
123,
124,
125,
126,
127,
128,
129,
130,
131,
132,
133,
134,
135,
136,
137,
138,
139,
140,
141,
142,
143,
144,
145,
146,
147,
148,
149,
150,
151,
152,
153,
154,
155,
156,
157,
158,
159,
160,
161,
162,
163,
164,
165,
166,
167,
168,
169,
170,
171,
172,
173,
174,
175,
176,
177,
178,
179,
180,
181,
182,
183,
184,
185,
186,
187,
188,
189,
190,
191,
192,
193,
194,
195,
196,
197,
198,
199,
200,
201,
202,
203,
204,
205,
206,
207,
208,
209,
210,
211,
212,
213,
214,
215,
216,
217,
218,
219,
220,
221,
222,
223,
224,
225,
226,
227,
228,
229,
230,
231,
232,
233,
234,
235,
236,
237,
238,
239,
240,
241,
242,
243,
244,
245,
246,
247,
248,
249,
250,
251,
252,
253,
254,
255,
256,
257,
258,
259,
260,
261,
262,
263,
264,
265,
266,
267,
268,
269,
270,
271,
272,
273,
274,
275,
276,
277,
278,
279,
280,
281,
282,
283,
284,
285,
286,
287,
288,
289,
290,
291,
292,
293,
294,
295,
296,
297,
298,
299,
300,
301,
302,
303,
304,
305,
306,
307,
308,
309,
310,
311,
312,
313,
314,
315,
316,
317,
318,
319,
320,
321,
322,
323,
324,
325,
326,
327,
328,
329,
330,
331,
332,
333,
334,
335,
336,
337,
338,
339,
340,
341,
342,
343,
344,
345,
346,
347,
348,
349,
350,
351,
352,
353,
354,
355,
356,
357,
358,
359,
360,
361,
362,
363,
364,
365,
366,
367,
368,
369,
370,
371,
372,
373,
374,
375,
376,
377,
378,
379,
380,
381,
382,
383,
384,
385,
386,
387,
388,
389,
390,
391,
392,
393,
394,
395,
396,
397,
398,
399,
400,
401,
402,
403,
404,
405,
406,
407,
408,
409,
410,
411,
412,
413,
414,
415,
416,
417,
418,
419,
420,
421,
422,
423,
424,
425,
426,
427,
428,
429,
430,
431,
432,
433,
434,
435,
436,
437,
438,
439,
440,
441,
442,
443,
444,
445,
446,
447,
448,
449,
450,
451,
452,
453,
454,
455,
456,
457,
458,
459,
460,
461,
462,
463,
464,
465,
466,
467,
468,
469,
470,
471,
472,
473,
474,
475,
476,
477,
478,
479,
480,
481,
482,
483,
484,
485,
486,
487,
488,
489,
490,
491,
492,
493,
494,
495,
496,
497,
498,
499,
500,
501,
502,
503,
504,
505,
506,
507,
508,
509,
510,
511,
512,
513,
514,
515,
516,
517,
518,
519,
520,
521,
522,
523,
524,
525,
526,
527,
528,
529,
530,
531,
532,
533,
534,
535,
536,
537,
538,
539,
540,
541,
542,
543,
544,
545,
546,
547,
548,
549,
550,
551,
552,
553,
554,
555,
556,
557,
558,
559,
560,
561,
562,
563,
564,
565,
566,
567,
568,
569,
570,
571,
572,
573,
574,
575,
576,
577,
578,
579,
580,
581,
582,
583,
584,
585,
586,
587,
588,
589,
590,
591,
592,
593,
594,
595,
596,
597,
598,
599,
600,
601,
602,
603,
604,
605,
606,
607,
608,
609,
610,
611,
612,
613,
614,
615,
616,
617,
618,
619,
620,
621,
622,
623,
624,
625,
626,
627,
628,
629,
630,
631,
632,
633,
634,
635,
636,
637,
638,
639,
640,
641,
642,
643,
644,
645,
646,
647,
648,
649,
650,
651,
652,
653,
654,
655,
656,
657,
658,
659,
660,
661,
662,
663,
664,
665,
666,
667,
668,
669,
670,
671,
672,
673,
674,
675,
676,
677,
678,
679,
680,
681,
682,
683,
684,
685,
686,
687,
688,
689,
690,
691,
692,
693,
694,
695,
696,
697,
698,
699,
700,
701,
702,
703,
704,
705,
706,
707,
708,
709,
710,
711,
712,
713,
714,
715,
716,
717,
718,
719,
720,
721,
722,
723,
724,
725,
726,
727,
728,
729,
730,
731,
732,
733,
734,
735,
736,
737,
738,
739,
740,
741,
742,
743,
744,
745,
746,
747,
748,
749,
750,
751,
752,
753,
754,
755,
756,
757,
758,
759
398 326
326 110
110 478
478 48
48 170
170 666
666 93
93 744
744 596
596 695
695 639
639 394
394 609
609 556
556 273
273 745
745 109
109 463
463 226
226 184
184 711
711 734
734 605
605 701
701 317
317 120
120 492
492 689
689 247
247 607
607 635
635 287
287 524
524 302
302 542
542 526
526 708
708 678
678 587
587 670
670 570
570 442
442 621
621 676
676 486
486 63
63 470
470 574
574 568
568 147
147 696
696 703
703 483
483 14
14 90
90 460
460 79
79 649
649 365
365 412
412 757
757 631
631 116
116 146
146 141
141 545
545 623
623 332
332 77
77 231
231 76
76 234
234 474
474 505
505 712
712 597
597 331
331 8
8 208
208 35
35 501
501 204
204 164
164 91
91 671
671 571
571 532
532 160
160 222
222 520
520 683
683 693
693 578
578 475
475 659
659 236
236 591
591 138
138 461
461 758
758 303
303 487
487 404
404 260
260 601
601 119
119 15
15 207
207 672
672 705
705 655
655 584
584 69
69 197
197 140
140 121
121 593
593 469
469 426
426 333
333 743
743 481
481 518
518 504
504 217
217 201
201 5
5 7
7 282
282 386
386 176
176 373
373 183
183 23
23 716
716 599
599 95
95 499
499 534
534 30
30 161
161 367
367 166
166 1
1 143
143 2
2 150
150 494
494 363
363 335
335 186
186 698
698 56
56 477
477 53
53 730
730 245
245 677
677 563
563 89
89 399
399 551
551 49
49 272
272 133
133 27
27 561
561 643
643 188
188 618
618 454
454 403
403 244
244 327
327 181
181 557
557 468
468 352
352 221
221 558
558 336
336 152
152 253
253 634
634 33
33 126
126 351
351 356
356 383
383 685
685 480
480 334
334 6
6 289
289 662
662 155
155 291
291 46
46 414
414 457
457 372
372 156
156 648
648 57
57 440
440 455
455 465
465 278
278 343
343 435
435 21
21 577
577 741
741 613
613 531
531 311
311 256
256 754
754 248
248 543
543 177
177 583
583 286
286 732
732 194
194 132
132 270
270 288
288 92
92 238
238 281
281 354
354 392
392 389
389 387
387 266
266 600
600 519
519 265
265 44
44 34
34 694
694 227
227 552
552 752
752 295
295 379
379 576
576 537
537 667
667 581
581 52
52 299
299 719
719 641
641 16
16 553
553 241
241 300
300 129
129 717
717 139
139 165
165 292
292 400
400 348
348 230
230 459
459 419
419 497
497 420
420 429
429 113
113 759
759 59
59 215
215 437
437 38
38 525
525 630
630 338
338 443
443 233
233 413
413 64
64 528
528 255
255 564
564 421
421 456
456 614
614 511
511 522
522 224
224 746
746 361
361 29
29 541
541 560
560 640
640 359
359 293
293 416
416 103
103 360
360 85
85 339
339 249
249 527
527 84
84 114
114 24
24 163
163 214
214 315
315 663
663 467
467 235
235 218
218 123
123 707
707 242
242 688
688 131
131 407
407 322
322 225
225 169
169 610
610 446
446 45
45 491
491 25
25 697
697 70
70 554
554 99
99 167
167 223
223 738
738 209
209 747
747 408
408 75
75 60
60 375
375 67
67 572
572 17
17 441
441 512
512 185
185 451
451 647
647 686
686 739
739 473
473 642
642 620
620 73
73 366
366 280
280 171
171 444
444 633
633 733
733 337
337 0
0 324
324 187
187 589
589 4
4 86
86 32
32 436
436 313
313 380
380 210
210 462
462 319
319 370
370 547
547 645
645 493
493 31
31 305
305 575
575 94
94 301
301 681
681 658
658 384
384 684
684 3
3 190
190 118
118 476
476 54
54 329
329 65
65 47
47 19
19 107
107 540
540 350
350 246
246 182
182 309
309 198
198 358
358 573
573 482
482 202
202 616
616 507
507 488
488 548
548 510
510 722
722 316
316 283
283 174
174 18
18 650
650 595
595 388
388 544
544 567
567 314
314 393
393 628
628 756
756 37
37 536
536 145
145 62
62 502
502 728
728 495
495 680
680 353
353 424
424 206
206 709
709 108
108 308
308 391
391 724
724 710
710 452
452 106
106 254
254 243
243 135
135 328
328 191
191 445
445 565
565 691
691 500
500 555
555 637
637 229
229 729
729 530
530 586
586 490
490 83
83 479
479 498
498 431
431 713
713 714
714 508
508 153
153 602
602 134
134 192
192 261
261 629
629 346
346 434
434 151
151 449
449 382
382 625
625 427
427 88
88 178
178 401
401 646
646 320
320 374
374 438
438 42
42 644
644 450
450 517
517 296
296 371
371 411
411 513
513 26
26 533
533 514
514 124
124 111
111 406
406 439
439 195
195 205
205 535
535 82
82 718
718 748
748 624
624 651
651 725
725 66
66 496
496 268
268 447
447 585
585 592
592 101
101 423
423 203
203 606
606 654
654 104
104 159
159 137
137 661
661 122
122 325
325 418
418 344
344 148
148 12
12 538
538 102
102 669
669 617
617 172
172 364
364 378
378 569
569 78
78 271
271 117
117 546
546 250
250 588
588 175
175 594
594 112
112 742
742 410
410 668
668 349
349 81
81 381
381 74
74 157
157 10
10 458
458 213
213 428
428 675
675 68
68 485
485 632
632 341
341 415
415 306
306 355
355 750
750 196
196 162
162 127
127 580
580 638
638 679
679 43
43 699
699 664
664 397
397 550
550 660
660 264
264 471
471 753
753 506
506 51
51 615
615 96
96 263
263 627
627 674
674 321
321 304
304 523
523 682
682 72
72 277
277 290
290 390
390 357
357 115
115 566
566 232
232 251
251 240
240 598
598 340
340 652
652 239
239 755
755 342
342 529
529 751
751 376
376 484
484 136
136 489
489 721
721 105
105 466
466 673
673 179
179 284
284 258
258 87
87 515
515 40
40 237
237 539
539 368
368 274
274 330
330 579
579 154
154 509
509 142
142 516
516 149
149 749
749 216
216 50
50 13
13 731
731 307
307 269
269 503
503 619
619 310
310 653
653 402
402 626
626 611
611 219
219 362
362 396
396 657
657 433
433 257
257 262
262 448
448 422
422 409
409 267
267 41
41 193
193 189
189 200
200 395
395 36
36 737
737 168
168 656
656 61
61 22
22 740
740 549
549 28
28 687
687 125
125 622
622 377
377 173
173 690
690 252
252 180
180 425
425 559
559 98
98 211
211 345
345 603
603 318
318 80
80 665
665 723
723 259
259 472
472 720
720 432
432 562
562 39
39 417
417 199
199 692
692 128
128 58
58 385
385 20
20 582
582 71
71 212
212 704
704 735
735 130
130 323
323 312
312 464
464 294
294 405
405 285
285 453
453 298
298 9
9 55
55 706
706 97
97 11
11 736
736 430
430 726
726 347
347 369
369 612
612 604
604 727
727 100
100 276
276 144
144 158
158 521
521 220
220 275
275 279
279 636
636 608
608 715
715 590
590 702
702 297
297 228
228 700
447 391
379 403
138 142
272 700
196 359
332 329
141 106
23 370
275 692
135 528
475 214
224 335
381 460
74 647
38 170
715 272
563 335
124 371
159 274
538 382
348 488
59 684
10 755
417 371
210 304
46 329
144 582
456 485
393 15
532 46
564 310
268 724
332 483
26 323
454 281
675 458
167 405
349 737
571 580
569 313
505 444
467 513
576 752
189 678
495 379
501 537
382 477
101 280
480 567
617 605
397 419
402 627
581 714
62 7
685 383
278 266
567 32
613 469
318 704
353 459
110 63
343 587
67 577
565 542
552 411
83 708
470 27
456 340
268 53
158 246
530 149
679 103
201 701
136 749
253 440
338 115
119 353
364 491
126 679
754 469
335 700
742 177
572 132
182 283
583 154
487 628
477 48
262 538
553 352
719 234
79 684
131 750
303 40
193 594
686 685
632 531
608 159
582 746
489 607
193 610
4 297
219 653
418 444
171 618
529 39
758 85
130 169
409 726
238 493
726 288
167 362
295 232
67 61
283 16
240 571
385 434
411 577
405 137
98 126
116 167
228 268
663 11
212 14
566 203
228 694
503 644
167 431
388 206
179 69
45 489
21 242
635 704
190 576
586 307
168 50
131 130
358 119
323 348
567 675
313 231
383 252
561 708
33 464
386 333
87 176
333 193
295 536
502 187
208 622
184 523
83 572
352 643
82 22
366 720
184 399
167 410
87 581
246 316
296 597
604 94
21 207
687 51
756 302
553 725
739 236
245 579
134 561
24 176
630 297
401 3
162 9
531 294
728 608
445 359
476 234
511 92
166 38
694 339
179 544
196 544
360 290
674 403
314 747
710 670
351 728
176 598
699 32
72 504
439 118
500 311
96 721
424 388
504 712
724 327
401 69
4 59
27 572
331 686
242 531
95 562
305 661
124 643
149 280
191 286
173 578
26 259
667 144
262 124
700 131
153 736
419 180
255 426
182 717
310 16
708 617
627 440
163 506
212 307
464 2
347 200
84 694
131 180
679 572
214 15
440 144
93 156
348 133
397 315
410 730
226 482
633 45
309 556
179 209
488 709
196 491
389 501
56 602
213 331
693 313
716 109
170 153
68 376
281 686
302 615
457 656
681 709
49 418
104 16
217 215
39 722
752 659
521 150
150 385
301 59
286 368
169 307
527 754
542 99
542 210
222 513
345 112
174 331
366 57
697 690
320 433
92 80
214 378
685 337
111 80
551 431
374 24
755 543
144 24
558 188
472 278
457 628
730 545
604 329
759 500
240 333
182 680
509 720
625 566
86 392
126 50
279 315
705 502
92 331
533 246
577 85
144 163
313 262
220 48
517 18
518 188
651 158
306 428
46 533
466 359
383 671
218 58
264 742
3 419
542 298
690 567
89 202
704 700
585 650
506 663
253 212
558 357
10 368
7 696
538 696
243 186
405 399
546 615
92 536
199 69
317 566
159 675
429 386
636 229
756 632
619 630
474 400
692 79
304 285
124 433
171 51
199 561
189 140
100 34
623 345
291 332
527 688
49 651
622 119
661 447
514 679
596 736
655 131
90 83
199 0
316 267
243 581
350 101
393 366
18 35
386 683
552 672
171 670
752 475
141 251
393 624
628 534
391 656
571 325
517 453
459 160
396 679
463 15
106 297
584 683
744 639
250 673
641 374
607 618
133 103
108 149
90 548
107 198
240 407
425 115
637 23
306 720
306 275
353 65
636 658
554 288
416 119
679 79
229 466
225 90
111 742
615 22
108 281
448 170
108 17
545 89
611 553
72 356
530 552
287 359
512 131
100 114
753 714
634 30
401 680
556 7
361 496
387 468
204 57
212 577
288 250
222 655
587 125
344 10
242 62
175 617
290 678
301 203
316 705
249 152
380 747
52 152
692 477
580 574
637 109
746 1
477 158
40 276
373 737
720 218
350 111
505 507
114 327
121 16
108 585
595 730
5 354
315 592
556 98
74 219
7 87
651 591
114 522
316 161
191 552
336 631
54 675
633 472
431 394
384 512
639 92
124 301
410 333
607 720
347 663
170 580
135 498
31 116
242 145
548 10
248 268
588 41
116 141
378 40
116 559
573 468
183 398
123 492
22 681
351 133
570 213
747 746
575 338
369 160
418 466
88 476
67 687
197 454
51 123
3 8
487 104
470 633
559 553
472 564
661 582
47 492
138 683
87 624
296 493
162 423
268 639
407 294
484 336
520 162
734 342
318 398
346 428
678 401
507 679
268 340
159 45
265 345
302 562
394 120
612 565
205 362
277 665
310 54
25 693
510 647
599 78
34 18
633 436
504 51
454 696
301 218
444 207
473 470
668 209
209 54
400 111
80 700
77 756
555 490
472 153
100 610
561 638
151 288
636 249
634 242
659 571
369 463
472 133
718 490
650 671
178 178
421 597
158 574
433 487
558 642
340 160
247 512
200 158
282 626
162 674
472 673
724 699
566 364
698 309
512 644
356 77
44 744
173 292
623 720
423 285
280 438
306 447
333 161
416 7
641 159
151 101
746 176
309 509
555 31
203 560
643 601
715 82
701 39
188 556
484 84
515 80
401 632
198 163
18 682
708 753
741 156
664 753
439 364
334 49
414 642
605 175
148 385
546 32
569 177
68 437
583 324
226 481
62 714
400 359
722 229
316 507
261 450
38 112
328 371
25 146
414 480
282 681
696 88
527 692
286 331
671 669
753 705
265 24
94 393
157 568
259 477
652 451
72 90
351 641
753 638
405 534
650 143
605 622
461 484
306 423
350 155
584 743
739 526
505 232
535 673
292 386
493 107
71 284
126 466
304 279
248 747
81 159
403 159
201 22
395 355
425 31
201 367
446 569
405 542
615 295
502 399
499 439
320 510
48 596
585 581
434 13
355 614
431 610
401 644
602 312
164 643
96 707
405 356
625 398
91 646
301 186
266 538
518 603
336 532
550 33
365 415
410 751
629 405
308 44
319 219
611 430
531 503
178 133
635 379
136 411
245 705
458 260
587 610
601 344
131 568
355 415
182 475
377 554
692 176
313 189
335 749
589 616
323 626
255 334
355 193
99 137
617 297
268 752
438 536
642 411
441 22
50 310
559 678
1 27
200 41
651 216
581 258
284 273
739 745
631 635
532 387
95 513
358 571
117 501
256 596
266 326
152 279
131 238
129 753
448 732
596 278
400 186
395 5
316 635
79 48
503 585
613 143
56 263
177 743
735 573
13 624
59 650
237 273
723 535
442 59
739 334
663 227
755 520
16 643
663 337
398 573
444 157
297 143
717 100
477 239
590 533
62 749
479 403
578 741
678 166
381 548
239 424
604 231
721 632
41 690
729 285
279 275
704 284
21 190
266 687
38 393
472 15
152 108
462 375
727 373
514 392
707 571
97 730
18 81
707 189
572 439
738 208
293 174
232 576
424 613
318 363
583 391
364 749
665 471
544 70
91 247
189 487
54 625
454 299
6 691
73 621
488 756
485 111
644 136
490 307
64 616
699 501
194 317
184 326
203 158
17 590
409 71
612 455
370 506
678 420
550 54
324 693
318 387
511 585
100 48
291 725
692 507
541 127
676 688
366 6
581 240
519 179
267 456
446 491
514 743
295 614
39 29
646 168
273 177
723 422
188 235
46 229
179 349
313 575
87 618
356 255
547 95
690 529
534 286
90 228
304 118
583 400
598 88
308 430
95 347
337 441
178 329
623 437
44 98
574 265
92 367
464 671
712 752
681 488
465 650
380 596
275 70
101 440
355 339
218 104
710 279
287 683
568 197
758 345
2 539
117 382
111 594
636 261
111 213
491 294
549 476
294 190
61 151
733 398
691 290
637 253
509 466
151 476
695 278
377 453
149 501
73 230
754 9
413 715
95 96
481 252
266 120
8 405
578 350
519 134
629 581
444 169
664 692
376 87
123 435
722 665
260 680
472 50
554 485
6 447
97 230
211 441
751 494
739 417
574 186
627 728
651 424
95 665
516 126
681 166
185 517
169 140
489 709
453 533
646 470
463 71
258 235
733 578
92 1
604 703
493 735
369 252
371 429
600 231
758 10
714 234
506 626
539 643
84 193
635 252
199 257
226 402
103 127
107 430
64 218
423 664
673 248
87 529
590 271
662 508
532 290
335 714
176 195
671 172
45 566
55 223
323 326
357 477
326 37
364 340
589 618
556 406
239 533
179 32
413 185
52 513
224 44
693 327
749 281
448 538
445 452
361 352
386 275
596 181
613 90
719 461
753 301
207 64
697 428
137 121
652 441
635 570
643 697
288 291
191 166
277 219
746 704
245 148
191 305
56 61
319 35
120 178
700 465
634 448
561 639
90 456
471 453
757 598
290 613
170 748
216 73
305 84
26 754
86 63
325 634
568 604
731 377
316 24
357 363
544 265
703 92
435 472
509 551
64 407
286 495
79 720
157 27
273 99
347 214
276 624
166 261
159 106
336 721
420 41
273 511
324 217
102 149
163 475
438 481
330 751
569 484
59 31
601 586
707 302
289 416
398 26
491 619
74 461
293 356
546 23
420 401
554 728
337 2
407 441
296 169
121 108
544 578
9 442
496 665
149 446
553 623
565 608
501 404
759 112
39 340
354 421
678 510
299 114
266 242
451 537
305 519
62 729
495 748
507 198
283 674
345 335
707 540
506 0
646 369
553 625
228 615
318 510
416 370
327 648
449 87
387 50
486 636
320 256
86 733
316 692
630 678
631 495
636 633
185 248
508 129
311 709
624 606
382 450
599 526
564 325
65 409
21 640
721 433
211 358
639 364
251 374
120 575
269 514
155 575
302 307
569 477
164 113
496 61
566 15
591 334
513 317
182 708
310 332
246 160
308 682
95 687
196 281
414 645
65 302
202 658
147 615
398 199
615 641
397 558
170 377
157 466
417 50
420 590
84 45
566 418
398 91
642 194
455 310
168 144
190 363
433 27
138 232
121 681
652 351
96 362
401 71
734 248
248 644
148 435
667 656
28 731
521 482
483 205
269 106
652 256
243 355
581 695
173 427
326 752
649 104
355 74
568 387
440 574
46 372
478 527
497 656
502 616
60 231
620 483
184 449
300 594
637 756
586 178
488 167
436 535
625 177
654 606
148 128
175 64
234 530
359 576
129 575
291 565
39 405
570 285
501 676
118 66
682 634
536 517
696 228
65 439
651 338
270 540
129 49
404 225
592 99
715 171
457 562
694 431
696 221
651 330
319 35
754 686
245 579
450 720
122 213
124 540
181 566
731 654
315 269
374 573
50 415
565 298
537 437
115 545
459 675
177 238
427 561
251 136
88 352
454 523
289 52
516 489
110 507
520 670
144 453
383 722
612 132
462 485
371 266
314 299
26 405
263 469
47 252
677 28
697 192
541 339
125 361
732 344
270 244
172 156
641 638
406 538
433 183
424 335
569 54
383 487
682 751
108 257
347 144
510 6
411 338
91 516
212 689
164 624
61 758
195 738
360 497
89 277
434 509
290 440
534 60
269 482
129 280
202 255
543 483
464 587
626 333
340 290
180 114
401 729
191 405
2 383
32 588
632 60
403 734
502 152
277 368
55 705
625 37
417 83
746 344
65 507
673 11
498 639
332 353
676 736
405 173
585 212
47 464
138 400
97 125
240 646
340 83
678 216
608 132
148 148
454 423
184 151
214 435
469 508
56 751
676 643
564 433
737 39
171 30
312 329
102 17
683 513
568 699
276 60
410 471
573 196
713 44
148 33
510 469
317 231
55 278
537 620
202 359
49 698
151 571
644 633
424 480
652 266
208 94
452 645
665 641
734 535
547 49
691 272
31 41
289 567
518 317
742 65
196 188
165 491
157 435
565 504
572 668
113 48
391 253
501 55
42 577
88 295
366 636
515 456
422 703
383 263
401 268
635 620
618 397
723 529
44 552
78 359
674 437
379 10
678 481
23 579
733 759
200 731
451 559
544 273
69 349
258 371
700 113
490 104
67 371
560 481
609 159
351 105
12 274
511 538
617 694
331 309
189 664
409 469
27 640
699 698
126 439
437 562
468 716
739 363
395 681
667 348
35 136
195 633
153 39
350 59
572 43
147 192
269 447
657 125
361 602
414 91
615 269
695 162
191 659
529 223
666 427
716 96
375 485
364 639
111 534
674 471
235 697
724 135
639 712
161 479
146 289
452 677
581 727
584 331
628 301
607 313
561 221
24 678
539 139
617 82
484 516
118 329
250 109
570 379
545 351
727 139
251 86
382 81
604 583
488 472
43 288
356 649
271 601
29 65
24 262
199 72
727 274
643 147
33 387
378 23
327 344
365 37
233 587
205 441
431 456
393 533
575 744
376 209
664 554
686 245
453 660
338 122
285 459
233 278
392 512
170 413
214 737
751 406
466 127
424 740
701 392
669 436
130 243
757 600
17 157
420 448
390 582
185 334
561 692
28 659
671 130
271 53
296 447
48 161
43 117
468 343
346 357
224 290
114 214
716 468
674 704
66 165
737 381
501 206
61 366
658 477
3 5
288 397
671 703
686 501
280 696
757 471
666 137
111 245
367 666
692 744
466 199
358 467
709 655
32 711
320 229
224 58
233 448
653 342
620 469
429 530
90 689
618 207
189 304
732 338
418 551
577 132
376 718
559 645
590 52
68 53
1 24
736 564
752 273
396 584
147 48
397 515
210 275
590 525
537 107
139 282
175 66
472 737
506 109
515 529
458 222
742 462
296 336
682 755
191 233
264 537
680 745
121 428
544 601
613 341
296 149
653 205
504 53
666 430
266 636
530 129
596 15
248 111
135 745
73 344
336 228
38 185
646 343
29 522
597 439
583 753
524 694
215 251
427 553
700 204
282 534
581 380
84 49
758 422
352 491
85 64
757 625
28 738
151 20
401 285
493 349
535 459
47 159
205 275
746 559
301 581
341 679
216 41
428 279
119 270
535 6
518 683
118 502
268 170
187 454
465 277
386 490
385 118
504 419
513 327
568 370
176 759
333 671
683 742
638 401
210 30
660 706
399 133
503 107
384 433
472 179
435 232
666 609
149 135
197 485
438 159
618 23
603 666
577 447
598 402
419 242
266 359
334 269
46 587
698 379
90 434
752 555
309 171
77 18
644 621
660 500
15 535
420 17
662 119
685 232
392 691
286 298
675 519
431 166
382 376
191 275
129 626
270 268
378 69
716 587
38 697
592 60
107 744
312 241
358 358
599 738
412 454
542 142
649 51
621 660
32 252
736 25
301 422
116 510
455 672
252 610
33 743
181 280
49 259
530 243
698 387
238 31
658 115
623 154
458 43
160 753
119 250
729 757
42 379
544 443
591 292
310 98
545 15
84 466
179 418
614 398
241 724
255 62
291 316
697 352
310 719
262 756
583 406
300 30
313 589
634 568
297 349
542 472
442 24
444 614
213 505
122 3
732 84
720 751
76 398
11 494
5 447
628 324
94 349
23 659
139 23
344 371
415 639
412 541
683 604
667 628
332 349
530 150
291 632
564 309
756 357
191 615
647 512
560 241
448 393
215 452
752 522
122 606
614 734
336 533
212 465
564 66
58 159
283 313
694 522
83 566
44 376
344 179
615 265
431 340
535 298
20 449
283 12
161 154
123 170
118 530
485 87
470 315
60 338
567 297
620 433
706 404
28 333
242 669
331 207
430 47
321 336
442 128
496 66
78 743
154 570
529 395
608 336
389 125
20 40
292 340
220 590
116 622
215 559
255 314
644 532
447 89
694 644
399 581
621 643
332 680
109 249
341 86
47 246
245 515
278 726
271 538
596 136
392 66
734 558
694 522
458 16
23 655
42 50
631 728
43 605
582 271
219 730
302 661
724 518
590 379
365 527
348 327
158 636
626 269
351 418
66 182
325 148
151 149
443 69
329 53
680 288
649 259
174 158
546 433
446 407
710 333
300 459
340 430
60 493
589 151
730 184
476 357
249 39
457 81
698 588
472 718
62 758
309 458
393 104
678 640
726 355
244 596
434 470
460 372
336 610
95 43
552 516
546 91
27 598
498 385
95 34
584 215
149 282
706 472
358 651
267 271
267 512
195 396
0 150
585 447
101 676
306 345
344 223
639 495
340 193
709 341
419 605
730 568
590 121
231 254
219 739
201 379
178 150
696 287
577 620
125 676
32 4
423 558
159 498
627 591
340 229
167 720
518 216
162 295
580 360
517 398
725 313
517 278
666 455
65 341
196 694
127 570
528 709
556 703
459 665
597 427
337 428
43 404
724 9
700 413
203 25
484 455
670 532
33 116
624 392
615 142
460 109
703 680
131 132
51 74
23 328
388 335
461 213
250 565
66 247
642 21
95 318
740 147
96 221
725 324
619 511
607 596
435 313
438 311
367 364
241 157
683 432
191 451
81 635
385 270
450 649
137 253
728 155
59 14
633 209
562 80
375 252
425 52
499 69
27 667
595 515
743 741
606 232
70 290
338 292
415 417
465 253
369 57
80 606
743 22
199 73
639 502
199 6
147 567
77 273
40 217
234 58
446 262
387 432
374 666
106 378
287 234
326 249
105 262
590 371
2 114
332 243
704 399
60 101
458 539
377 628
697 439
18 715
680 342
705 340
583 4
294 273
544 61
515 80
324 100
291 65
201 79
226 162
69 321
555 411
570 412
599 658
748 244
456 515
394 502
189 231
11 264
372 233
239 475
607 448
187 657
333 334
495 619
556 529
483 59
256 319
60 151
685 451
298 235
315 345
586 130
337 580
459 691
450 474
3 81
227 451
541 134
213 664
118 465
581 291
731 149
223 712
504 382
604 588
147 526
369 22
279 289
418 728
500 262
364 478
496 653
526 209
437 242
320 694
254 116
251 400
65 699
538 434
88 495
462 303
269 6
548 737
562 642
226 526
482 241
228 156
530 628
759 89
478 13
364 10
736 269
621 449
702 584
62 289
388 470
420 51
512 752
611 140
475 158
196 701
101 375
621 180
385 178
253 680
587 687
400 137
415 666
674 465
317 319
694 231
509 320
226 686
627 13
271 112
359 431
142 463
167 42
199 747
272 637
51 409
62 48
117 14
573 657
76 595
377 11
296 464
100 584
281 168
40 32
41 252
734 545
625 260
263 338
10 522
596 681
395 740
522 119
230 753
64 493
403 742
342 9
247 602
47 99
375 689
240 535
444 301
555 628
533 472
115 68
416 13
326 192
2 207
483 171
194 185
547 431
257 591
564 628
507 496
71 54
299 97
18 36
229 710
733 652
174 434
37 370
413 293
214 512
353 458
524 639
233 737
436 19
645 500
394 42
753 566
480 454
436 308
243 542
475 238
470 499
396 566
149 305
234 333
659 134
352 548
466 580
312 536
91 514
432 594
231 260
546 550
231 126
587 96
52 132
689 562
175 680
100 346
167 55
80 279
169 714
299 160
128 716
404 67
381 237
133 155
297 391
189 208
216 388
419 547
96 545
750 275
201 318
728 563
71 648
742 159
285 83
347 61
68 650
242 489
592 341
433 364
316 324
612 571
582 321
685 413
345 363
410 122
48 511
122 561
288 164
418 470
640 141
62 483
615 17
545 554
48 442
533 134
422 248
715 262
145 224
662 135
323 60
573 729
469 338
544 126
95 624
367 685
520 615
754 691
256 36
346 328
319 218
255 164
513 552
717 330
671 0
462 35
405 620
748 1
439 32
264 83
697 327
746 573
147 161
354 115
202 323
390 115
311 683
372 210
34 101
115 566
529 548
715 108
481 285
50 534
394 543
635 571
591 247
310 269
38 657
206 324
688 620
590 56
54 229
262 109
150 586
337 269
79 408
113 535
262 539
257 375
463 137
733 567
737 311
2 205
723 308
498 604
350 122
746 622
209 232
156 352
247 601
45 63
31 361
125 297
449 611
102 256
360 236
728 580
438 471
308 673
665 147
121 549
611 177
510 169
742 195
439 535
308 203
327 448
225 657
595 336
637 110
583 687
589 439
94 577
265 111
65 89
141 252
480 452
296 401
656 610
206 319
74 574
108 246
751 626
209 673
228 489
640 500
695 478
74 252
494 718
668 642
599 654
208 119
95 409
494 635
660 544
454 449
394 469
281 401
155 149
413 328
590 468
392 517
567 376
352 691
57 427
647 730
671 39
265 182
496 674
408 305
430 576
695 374
552 523
478 571
641 416
647 422
159 697
57 721
89 535
229 714
757 101
189 402
733 414
237 315
271 8
603 336
746 359
10 23
590 432
94 253
336 224
650 372
63 287
459 305
637 410
469 439
575 360
77 139
748 746
3 238
92 531
386 546
388 84
219 145
109 114
686 671
659 29
640 7
527 544
195 612
552 232
419 154
152 17
460 238
701 506
484 75
594 605
107 97
290 133
148 565
326 145
735 220
443 638
163 349
457 615
465 531
478 128
618 61
243 328
269 262
71 102
704 359
285 435
188 367
224 752
36 747
419 211
249 752
108 256
240 476
747 470
542 459
714 140
13 103
51 327
62 478
107 709
633 456
410 371
283 422
383 160
383 549
277 461
375 661
448 82
337 169
54 364
537 610
486 275
714 640
468 322
339 585
513 331
482 591
613 449
51 718
757 529
249 187
564 21
510 426
216 482
668 167
274 139
10 569
476 390
30 8
306 41
646 572
299 307
298 735
465 118
310 271
374 227
522 18
633 484
645 685
667 601
617 460
687 289
742 137
514 642
288 522
138 708
189 3
511 195
736 704
297 210
425 623
469 650
585 361
382 312
222 657
337 134
552 5
524 31
284 475
455 80
686 378
320 707
393 645
426 109
217 667
30 584
50 716
18 99
132 182
235 233
559 681
371 11
79 262
737 237
709 238
257 723
198 738
158 374
173 602
688 252
582 465
103 35
420 61
422 306
321 6
350 640
130 339
129 609
131 364
171 559
48 556
501 514
756 551
344 518
302 535
477 536
196 282
205 716
756 599
333 58
92 613
712 302
364 380
377 677
405 484
71 735
143 415
516 244
589 72
425 720
127 161
361 187
243 471
747 518
657 387
476 91
557 424
402 493
186 411
27 727
683 473
161 541
496 487
368 636
601 755
684 221
690 176
314 172
236 580
691 662
415 20
683 11
147 338
61 45
355 666
140 40
462 572
673 86
53 418
128 741
421 515
417 682
670 741
534 166
680 234
361 31
196 347
11 576
376 556
252 28
662 242
54 433
713 204
328 532
168 729
37 355
396 82
378 422
47 375
312 629
155 183
199 454
333 373
731 239
306 91
713 37
34 710
340 599
133 275
29 729
58 428
121 66
460 180
496 532
423 419
249 709
412 106
152 740
277 155
475 466
539 475
464 288
48 125
420 710
705 205
116 481
397 656
108 356
388 541
342 59
618 234
451 739
753 465
302 349
145 169
358 745
339 702
366 161
532 148
638 548
405 85
614 332
293 345
617 277
349 249
102 674
523 588
144 9
372 210
729 122
19 618
136 196
458 149
253 752
380 335
457 562
141 355
642 440
455 281
519 312
667 505
10 90
352 532
607 199
105 686
532 35
475 347
590 188
395 128
529 315
163 492
469 641
529 723
660 219
522 486
94 558
71 46
301 647
379 143
193 355
519 140
170 206
305 370
723 726
32 117
394 432
9 259
689 664
426 403
130 603
277 563
206 443
263 613
421 239
63 190
156 438
33 139
677 280
323 577
150 128
533 91
405 551
18 381
183 94
68 537
239 759
682 653
221 169
751 448
363 451
208 664
721 297
434 573
637 182
327 421
101 382
409 255
29 129
82 568
224 377
321 273
426 45
92 412
755 601
667 578
731 758
397 408
434 750
613 552
122 385
613 475
631 205
197 646
192 411
624 591
65 403
544 473
254 16
487 395
748 81
693 681
666 665
412 706
136 582
64 147
333 27
334 684
329 411
197 207
645 650
250 742
644 22
713 144
728 84
15 417
110 571
675 653
468 597
300 467
609 299
290 89
739 490
577 411
165 113
211 378
87 96
214 289
554 540
744 750
539 190
491 165
363 19
585 519
554 487
487 394
566 493
215 663
539 708
725 470
156 687
313 180
737 132
159 291
606 64
584 621
485 158
130 125
570 444
518 17
299 206
209 629
579 335
389 127
394 240
350 22
711 222
169 697
10 639
405 188
685 754
391 404
309 527
621 511
377 131
340 577
288 253
345 130
345 575
603 476
277 732
661 518
263 514
700 198
105 598
506 622
659 231
122 215
370 381
415 211
30 23
537 312
655 183
255 270
338 706
210 142
157 564
455 255
138 420
208 386
679 294
274 33
264 711
458 356
234 97
177 684
245 330
654 63
369 408
667 179
322 705
272 357
386 702
340 560
426 332
579 22
689 366
235 710
344 529
755 674
396 80
394 287
382 181
151 637
314 274
737 685
231 106
478 289
105 380
334 144
484 2
554 212
163 269
365 632
357 276
402 49
238 596
661 754
271 681
558 555
396 517
213 682
749 752
474 724
94 413
338 574
236 125
196 411
83 516
528 475
518 171
598 172
210 695
663 385
205 243
246 461
566 629
107 491
184 681
605 300
459 499
476 109
302 646
496 433
431 177
715 391
731 324
472 364
470 491
106 24
350 590
630 624
177 272
41 109
460 59
250 296
511 112
272 551
67 215
305 53
212 272
132 587
535 489
576 73
454 677
452 307
423 194
26 206
226 634
629 686
202 480
16 356
105 110
169 432
266 120
428 283
455 325
268 192
435 522
691 502
413 546
64 368
648 84
521 56
735 258
617 751
528 420
658 723
433 250
235 310
137 577
584 412
629 548
236 649
103 33
360 458
314 524
363 594
699 67
136 75
273 392
711 355
108 15
11 53
32 363
336 81
126 505
61 105
181 642
376 486
579 196
419 298
202 52
661 469
3 603
743 164
355 12
548 403
206 104
139 161
714 600
756 302
148 405
212 284
427 758
643 189
647 736
128 142
304 106
94 675
506 645
233 606
430 501
582 71
633 520
156 359
757 726
71 678
184 419
89 73
537 227
385 34
759 715
44 123
145 82
33 355
295 124
222 426
646 159
244 174
718 606
446 299
411 580
66 590
218 15
706 241
551 87
252 65
194 677
695 554
400 668
49 508
546 518
444 579
179 690
632 159
157 696
275 103
424 378
466 229
287 300
53 27
10 488
484 372
136 56
178 574
70 719
558 404
453 678
250 228
440 444
22 257
576 181
298 304
457 664
246 278
684 558
184 537
56 397
687 356
268 399
80 632
479 127
496 140
114 446
500 601
662 645
677 675
21 39
731 684
307 486
434 233
707 430
481 418
413 364
715 381
743 79
276 493
736 446
625 160
701 127
102 7
617 653
380 382
426 241
399 136
576 155
521 124
22 220
441 135
498 166
372 335
258 453
709 555
488 638
161 29
160 172
448 219
240 749
33 662
24 575
501 552
641 482
150 675
666 623
575 665
694 289
566 619
432 431
332 361
422 622
49 628
615 215
189 698
558 485
262 470
236 81
553 642
661 406
532 730
743 447
256 112
379 124
129 660
630 578
407 444
338 364
51 642
411 389
620 509
722 279
350 71
123 723
635 579
88 576
607 117
444 277
576 678
102 474
733 511
382 66
266 575
707 636
322 473
756 410
330 354
422 624
156 709
446 584
658 459
272 611
148 468
337 394
26 476
368 290
213 342
708 491
256 405
219 535
535 168
731 269
400 93
151 560
238 658
300 644
735 144
214 469
389 341
135 520
395 587
48 726
232 550
228 449
686 4
80 409
143 611
425 495
635 661
621 434
484 253
688 640
264 96
419 713
162 697
610 258
493 444
258 668
536 531
209 161