76
379
0,
1,
2,
3,
4,
5,
6,
7,
8,
9,
10,
11,
12,
13,
14,
15,
16,
17,
18,
19,
20,
21,
22,
23,
24,
25,
26,
27,
28,
29,
30,
31,
32,
33,
34,
35,
36,
37,
38,
39,
40,
41,
42,
43,
44,
45,
46,
47,
48,
49,
50,
51,
52,
53,
54,
55,
56,
57,
58,
59,
60,
61,
62,
63,
64,
65,
66,
67,
68,
69,
70,
71,
72,
73,
74,
75
67 36
36 6
6 0
0 32
32 28
28 58
58 70
70 35
35 25
25 39
39 13
13 52
52 46
46 30
30 44
44 8
8 57
57 40
40 63
63 16
16 61
61 34
34 47
47 2
2 60
60 55
55 11
11 27
27 68
68 19
19 5
5 43
43 73
73 23
23 72
72 75
75 38
38 31
31 7
7 12
12 59
59 74
74 37
37 69
69 4
4 29
29 22
22 45
45 56
56 65
65 42
42 18
18 20
20 24
24 66
66 50
50 62
62 53
53 9
9 64
64 1
1 41
41 10
10 71
71 21
21 3
3 33
33 17
17 26
26 54
54 48
48 49
49 14
14 51
51 15
34 9
32 26
33 67
35 26
14 9
25 48
64 2
42 45
10 30
57 56
21 29
30 7
61 20
52 52
57 52
72 69
28 1
22 34
55 9
70 17
59 51
4 72
71 6
32 55
72 23
34 10
22 57
37 37
26 20
19 38
18 51
29 75
43 64
51 61
59 31
54 75
60 21
64 30
73 56
2 47
0 61
41 14
70 59
24 11
49 60
53 52
11 34
49 71
39 16
66 48
13 28
57 28
4 15
10 51
53 3
25 0
0 44
17 36
65 42
22 36
48 17
14 48
24 23
27 31
47 73
35 66
55 33
34 34
4 22
56 41
68 58
35 66
23 68
0 69
52 69
73 30
69 18
33 18
19 48
19 61
11 45
56 10
12 11
62 17
41 0
4 6
11 17
19 18
22 18
72 56
19 47
50 59
70 50
75 22
26 47
13 31
65 72
46 18
4 68
28 9
54 0
47 48
25 66
70 62
6 66
36 32
39 73
43 63
37 31
63 51
51 17
37 29
72 0
42 35
5 1
61 15
2 52
0 35
55 28
54 56
69 38
35 0
35 29
31 61
45 63
43 26
43 27
10 24
62 32
2 7
29 71
56 56
48 34
33 51
15 11
60 32
10 30
43 16
59 5
66 56
18 4
58 38
42 8
59 62
25 0
29 60
75 54
69 64
45 32
69 11
33 68
72 17
22 32
29 35
33 47
62 69
67 59
33 62
60 43
9 27
39 0
34 32
75 24
31 47
17 17
46 31
55 63
12 42
30 28
58 3
2 58
23 59
50 17
38 16
61 48
50 33
61 45
47 26
68 20
1 41
55 13
47 27
71 8
53 24
68 24
63 21
18 6
62 61
25 38
24 49
65 2
21 28
72 38
45 43
20 10
50 69
11 75
58 26
47 42
74 61
41 74
62 16
8 55
1 66
7 57
66 29
55 70
44 65
43 13
27 56
57 59
60 16
47 49
46 64
22 73
75 56
3 52
40 57
60 59
63 65
37 48
55 47
9 36
57 16
3 69
33 14
63 10
6 30
4 25
7 34
46 31
22 58
20 4
72 66
20 60
63 25
2 75
17 69
35 39
9 10
15 73
46 49
51 15
58 21
66 10
39 49
59 54
74 49
72 19
57 18
35 24
46 64
18 23
54 42
50 74
67 19
18 0
18 64
58 13
1 73
49 39
21 11
57 56
58 4
62 57
0 18
70 70
30 6
12 35
27 56
1 2
0 18
38 75
13 68
59 50
72 40
42 14
8 31
41 71
0 17
61 5
13 7
7 4
17 64
15 9
12 3
26 1
18 45
41 75
55 1
55 1
37 16
24 26
61 35
69 7
56 38
9 7
40 49
52 50
31 23
52 54
48 38
8 74
33 4