780
3899
0,
1,
2,
3,
4,
5,
6,
7,
8,
9,
10,
11,
12,
13,
14,
15,
16,
17,
18,
19,
20,
21,
22,
23,
24,
25,
26,
27,
28,
29,
30,
31,
32,
33,
34,
35,
36,
37,
38,
39,
40,
41,
42,
43,
44,
45,
46,
47,
48,
49,
50,
51,
52,
53,
54,
55,
56,
57,
58,
59,
60,
61,
62,
63,
64,
65,
66,
67,
68,
69,
70,
71,
72,
73,
74,
75,
76,
77,
78,
79,
80,
81,
82,
83,
84,
85,
86,
87,
88,
89,
90,
91,
92,
93,
94,
95,
96,
97,
98,
99,
100,
101,
102,
103,
104,
105,
106,
107,
108,
109,
110,
111,
112,
113,
114,
115,
116,
117,
118,
119,
120,
121,
122,
123,
124,
125,
126,
127,
128,
129,
130,
131,
132,
133,
134,
135,
136,
137,
138,
139,
140,
141,
142,
143,
144,
145,
146,
147,
148,
149,
150,
151,
152,
153,
154,
155,
156,
157,
158,
159,
160,
161,
162,
163,
164,
165,
166,
167,
168,
169,
170,
171,
172,
173,
174,
175,
176,
177,
178,
179,
180,
181,
182,
183,
184,
185,
186,
187,
188,
189,
190,
191,
192,
193,
194,
195,
196,
197,
198,
199,
200,
201,
202,
203,
204,
205,
206,
207,
208,
209,
210,
211,
212,
213,
214,
215,
216,
217,
218,
219,
220,
221,
222,
223,
224,
225,
226,
227,
228,
229,
230,
231,
232,
233,
234,
235,
236,
237,
238,
239,
240,
241,
242,
243,
244,
245,
246,
247,
248,
249,
250,
251,
252,
253,
254,
255,
256,
257,
258,
259,
260,
261,
262,
263,
264,
265,
266,
267,
268,
269,
270,
271,
272,
273,
274,
275,
276,
277,
278,
279,
280,
281,
282,
283,
284,
285,
286,
287,
288,
289,
290,
291,
292,
293,
294,
295,
296,
297,
298,
299,
300,
301,
302,
303,
304,
305,
306,
307,
308,
309,
310,
311,
312,
313,
314,
315,
316,
317,
318,
319,
320,
321,
322,
323,
324,
325,
326,
327,
328,
329,
330,
331,
332,
333,
334,
335,
336,
337,
338,
339,
340,
341,
342,
343,
344,
345,
346,
347,
348,
349,
350,
351,
352,
353,
354,
355,
356,
357,
358,
359,
360,
361,
362,
363,
364,
365,
366,
367,
368,
369,
370,
371,
372,
373,
374,
375,
376,
377,
378,
379,
380,
381,
382,
383,
384,
385,
386,
387,
388,
389,
390,
391,
392,
393,
394,
395,
396,
397,
398,
399,
400,
401,
402,
403,
404,
405,
406,
407,
408,
409,
410,
411,
412,
413,
414,
415,
416,
417,
418,
419,
420,
421,
422,
423,
424,
425,
426,
427,
428,
429,
430,
431,
432,
433,
434,
435,
436,
437,
438,
439,
440,
441,
442,
443,
444,
445,
446,
447,
448,
449,
450,
451,
452,
453,
454,
455,
456,
457,
458,
459,
460,
461,
462,
463,
464,
465,
466,
467,
468,
469,
470,
471,
472,
473,
474,
475,
476,
477,
478,
479,
480,
481,
482,
483,
484,
485,
486,
487,
488,
489,
490,
491,
492,
493,
494,
495,
496,
497,
498,
499,
500,
501,
502,
503,
504,
505,
506,
507,
508,
509,
510,
511,
512,
513,
514,
515,
516,
517,
518,
519,
520,
521,
522,
523,
524,
525,
526,
527,
528,
529,
530,
531,
532,
533,
534,
535,
536,
537,
538,
539,
540,
541,
542,
543,
544,
545,
546,
547,
548,
549,
550,
551,
552,
553,
554,
555,
556,
557,
558,
559,
560,
561,
562,
563,
564,
565,
566,
567,
568,
569,
570,
571,
572,
573,
574,
575,
576,
577,
578,
579,
580,
581,
582,
583,
584,
585,
586,
587,
588,
589,
590,
591,
592,
593,
594,
595,
596,
597,
598,
599,
600,
601,
602,
603,
604,
605,
606,
607,
608,
609,
610,
611,
612,
613,
614,
615,
616,
617,
618,
619,
620,
621,
622,
623,
624,
625,
626,
627,
628,
629,
630,
631,
632,
633,
634,
635,
636,
637,
638,
639,
640,
641,
642,
643,
644,
645,
646,
647,
648,
649,
650,
651,
652,
653,
654,
655,
656,
657,
658,
659,
660,
661,
662,
663,
664,
665,
666,
667,
668,
669,
670,
671,
672,
673,
674,
675,
676,
677,
678,
679,
680,
681,
682,
683,
684,
685,
686,
687,
688,
689,
690,
691,
692,
693,
694,
695,
696,
697,
698,
699,
700,
701,
702,
703,
704,
705,
706,
707,
708,
709,
710,
711,
712,
713,
714,
715,
716,
717,
718,
719,
720,
721,
722,
723,
724,
725,
726,
727,
728,
729,
730,
731,
732,
733,
734,
735,
736,
737,
738,
739,
740,
741,
742,
743,
744,
745,
746,
747,
748,
749,
750,
751,
752,
753,
754,
755,
756,
757,
758,
759,
760,
761,
762,
763,
764,
765,
766,
767,
768,
769,
770,
771,
772,
773,
774,
775,
776,
777,
778,
779
133 494
494 8
8 518
518 504
504 376
376 345
345 657
657 154
154 279
279 469
469 124
124 576
576 338
338 770
770 179
179 712
712 365
365 610
610 563
563 675
675 255
255 72
72 223
223 669
669 565
565 655
655 190
190 15
15 526
526 18
18 634
634 416
416 482
482 534
534 471
471 105
105 763
763 131
131 1
1 680
680 484
484 750
750 493
493 372
372 175
175 541
541 254
254 320
320 456
456 515
515 778
778 295
295 318
318 114
114 46
46 35
35 411
411 184
184 648
648 169
169 50
50 56
56 453
453 355
355 461
461 219
219 113
113 613
613 535
535 328
328 427
427 589
589 339
339 652
652 679
679 710
710 467
467 121
121 181
181 701
701 189
189 739
739 57
57 725
725 393
393 282
282 548
548 488
488 198
198 71
71 700
700 537
537 244
244 769
769 382
382 188
188 619
619 748
748 75
75 714
714 614
614 438
438 508
508 369
369 742
742 309
309 196
196 473
473 97
97 595
595 740
740 560
560 738
738 367
367 24
24 34
34 643
643 620
620 639
639 14
14 256
256 241
241 26
26 324
324 249
249 656
656 621
621 516
516 191
191 247
247 32
32 294
294 352
352 444
444 468
468 236
236 277
277 424
424 638
638 523
523 304
304 327
327 30
30 540
540 303
303 396
396 246
246 300
300 106
106 435
435 445
445 323
323 734
734 222
222 566
566 298
298 723
723 418
418 603
603 550
550 678
678 177
177 234
234 630
630 509
509 646
646 69
69 88
88 703
703 378
378 481
481 153
153 640
640 111
111 86
86 314
314 379
379 353
353 306
306 230
230 645
645 529
529 554
554 64
64 140
140 346
346 119
119 40
40 649
649 409
409 489
489 381
381 380
380 653
653 611
611 81
81 436
436 13
13 413
413 441
441 615
615 41
41 715
715 182
182 0
0 545
545 716
716 221
221 374
374 582
582 776
776 421
421 594
594 178
178 583
583 130
130 287
287 756
756 539
539 340
340 214
214 63
63 70
70 333
333 505
505 487
487 699
699 555
555 772
772 705
705 220
220 351
351 53
53 9
9 68
68 93
93 709
709 696
696 527
527 573
573 271
271 302
302 597
597 768
768 49
49 694
694 557
557 357
357 667
667 690
690 90
90 491
491 731
731 252
252 585
585 36
36 17
17 280
280 390
390 156
156 407
407 321
321 578
578 312
312 123
123 272
272 368
368 681
681 567
567 344
344 217
217 479
479 626
626 591
591 497
497 644
644 20
20 533
533 260
260 258
258 496
496 16
16 730
730 161
161 507
507 122
122 91
91 213
213 501
501 370
370 204
204 744
744 265
265 128
128 775
775 542
542 766
766 44
44 753
753 301
301 52
52 168
168 510
510 164
164 330
330 616
616 270
270 403
403 408
408 651
651 544
544 155
155 92
92 622
622 717
717 500
500 58
58 202
202 151
151 449
449 54
54 386
386 317
317 235
235 447
447 492
492 551
551 572
572 618
618 624
624 33
33 588
588 331
331 158
158 136
136 425
425 125
125 623
623 2
2 238
238 472
472 686
686 684
684 617
617 414
414 774
774 732
732 267
267 689
689 609
609 395
395 608
608 401
401 687
687 711
711 499
499 132
132 19
19 283
283 506
506 758
758 581
581 248
248 22
22 144
144 85
85 570
570 150
150 263
263 358
358 66
66 695
695 600
600 536
536 627
627 347
347 51
51 31
31 375
375 749
749 451
451 399
399 135
135 383
383 308
308 38
38 420
420 543
543 192
192 483
483 245
245 464
464 531
531 98
98 78
78 145
145 228
228 208
208 200
200 37
37 721
721 108
108 95
95 636
636 511
511 259
259 517
517 528
528 325
325 281
281 12
12 547
547 521
521 89
89 99
99 342
342 5
5 350
350 520
520 157
157 532
532 167
167 59
59 112
112 239
239 431
431 392
392 195
195 4
4 253
253 110
110 343
343 60
60 704
704 419
419 671
671 601
601 571
571 25
25 562
562 289
289 384
384 341
341 94
94 434
434 752
752 423
423 28
28 329
329 664
664 356
356 631
631 561
561 718
718 635
635 307
307 199
199 27
27 363
363 628
628 142
142 232
232 490
490 599
599 584
584 362
362 439
439 299
299 719
719 502
502 475
475 440
440 39
39 116
116 577
577 165
165 777
777 201
201 274
274 405
405 335
335 429
429 186
186 48
48 400
400 261
261 485
485 519
519 203
203 359
359 120
120 129
129 316
316 117
117 264
264 773
773 647
647 764
764 564
564 452
452 240
240 212
212 575
575 724
724 735
735 476
476 291
291 215
215 74
74 459
459 315
315 691
691 170
170 737
737 569
569 751
751 462
462 10
10 759
759 278
278 606
606 288
288 720
720 514
514 209
209 42
42 394
394 448
448 7
7 290
290 146
146 642
642 163
163 437
437 450
450 558
558 305
305 286
286 549
549 685
685 293
293 662
662 147
147 313
313 29
29 746
746 397
397 360
360 605
605 183
183 83
83 377
377 666
666 276
276 402
402 767
767 268
268 337
337 257
257 266
266 552
552 79
79 629
629 607
607 432
432 311
311 143
143 442
442 349
349 269
269 466
466 692
692 292
292 625
625 364
364 84
84 149
149 568
568 216
216 747
747 663
663 757
757 727
727 207
207 412
412 334
334 250
250 512
512 771
771 602
602 80
80 406
406 658
658 296
296 590
590 641
641 107
107 592
592 404
404 446
446 463
463 633
633 109
109 722
722 180
180 524
524 612
612 443
443 580
580 224
224 593
593 430
430 96
96 211
211 152
152 225
225 422
422 672
672 227
227 477
477 428
428 171
171 322
322 371
371 596
596 104
104 275
275 160
160 319
319 297
297 126
126 336
336 45
45 754
754 229
229 273
273 373
373 713
713 172
172 668
668 745
745 513
513 457
457 697
697 148
148 134
134 708
708 674
674 366
366 77
77 417
417 103
103 210
210 387
387 76
76 538
538 3
3 546
546 661
661 176
176 604
604 474
474 426
426 556
556 141
141 138
138 673
673 242
242 726
726 660
660 755
755 458
458 332
332 388
388 389
389 284
284 354
354 765
765 650
650 478
478 559
559 251
251 522
522 676
676 361
361 65
65 23
23 206
206 682
682 100
100 67
67 587
587 683
683 455
455 205
205 62
62 707
707 139
139 728
728 385
385 262
262 761
761 233
233 348
348 162
162 698
698 579
579 173
173 480
480 118
118 632
632 495
495 410
410 73
73 460
460 185
185 102
102 415
415 218
218 654
654 193
193 733
733 47
47 285
285 503
503 530
530 55
55 82
82 665
665 741
741 702
702 525
525 127
127 237
237 11
11 310
310 137
137 454
454 159
159 21
21 43
43 6
6 693
693 729
729 187
187 326
326 659
659 486
486 61
61 637
637 391
391 779
779 433
433 498
498 243
243 586
586 197
197 762
762 736
736 688
688 553
553 115
115 677
677 174
174 166
166 194
194 670
670 87
87 465
465 760
760 743
743 101
101 398
398 470
470 226
226 706
706 574
574 598
598 231
75 528
328 201
212 619
469 346
227 120
362 267
110 603
191 340
287 103
574 563
400 320
293 646
559 768
266 393
627 152
770 256
370 147
155 654
544 344
276 397
630 307
606 513
319 232
626 534
538 288
139 282
549 724
617 88
674 649
650 736
524 204
372 327
344 375
768 683
746 359
70 685
125 103
247 633
5 354
456 555
403 635
412 52
605 723
19 763
362 388
130 324
260 347
287 368
283 622
478 735
175 113
456 296
704 744
286 679
397 19
173 522
70 735
758 82
570 292
254 308
75 578
190 632
71 12
542 188
103 742
535 147
589 747
627 94
107 607
195 649
419 73
241 504
598 404
136 70
632 473
184 43
172 252
688 233
761 157
72 65
375 240
153 615
726 670
361 285
594 216
775 83
407 705
73 267
599 297
65 643
651 184
76 341
344 675
387 681
764 410
714 391
581 309
271 438
712 608
373 398
172 354
217 363
775 634
96 675
187 6
469 227
241 373
465 745
24 630
316 122
186 177
241 86
172 227
262 313
443 17
242 116
150 198
527 536
25 386
214 642
563 157
285 485
695 344
701 77
701 250
481 701
590 143
423 280
452 171
485 174
66 497
740 651
503 558
51 433
407 506
427 221
674 169
727 613
124 611
526 387
640 459
495 598
398 29
68 407
682 37
665 387
283 726
587 350
116 109
261 152
493 316
707 320
119 167
82 150
688 71
417 340
204 279
592 512
8 368
535 558
658 718
427 217
116 154
447 168
18 515
652 360
672 151
479 251
238 519
314 535
682 393
181 445
648 500
509 500
509 642
98 257
390 762
453 90
52 660
609 595
555 692
376 778
727 715
651 199
448 501
289 496
584 426
322 305
214 161
593 538
358 176
281 341
575 531
71 328
681 729
365 744
636 368
295 239
427 769
104 186
720 774
357 555
243 517
259 132
202 245
579 338
656 32
336 622
565 201
630 18
487 586
166 573
49 482
673 768
55 34
732 356
162 157
615 79
466 462
484 685
730 611
591 450
275 697
535 290
283 589
404 502
55 97
41 423
104 419
590 540
621 125
410 640
353 251
210 194
644 241
262 291
351 212
216 127
732 49
466 718
4 4
493 78
520 332
771 186
505 725
301 626
682 558
10 19
490 106
10 699
322 586
400 53
216 679
699 306
66 548
156 401
560 649
258 57
763 566
369 336
632 482
372 220
28 606
238 617
459 98
236 19
581 358
295 631
175 765
661 195
547 592
639 554
94 336
687 777
754 217
482 647
445 21
714 88
414 697
542 260
200 316
378 468
447 331
19 288
230 195
641 566
202 328
708 644
706 406
459 315
71 329
409 343
477 235
33 34
185 644
49 75
435 769
419 242
132 488
546 236
730 195
447 548
639 629
741 402
679 572
212 196
462 468
631 745
347 549
56 489
88 426
224 436
150 298
15 149
151 629
754 146
121 400
1 748
160 618
113 478
512 687
175 409
370 61
273 674
77 718
384 540
182 712
491 527
9 631
85 657
301 349
620 181
396 523
610 139
165 530
156 187
505 563
199 475
359 323
344 76
300 696
65 201
647 743
431 586
639 310
240 750
331 67
92 107
12 612
537 333
589 355
665 690
198 567
478 507
187 351
104 660
375 621
690 121
773 336
464 272
432 25
523 418
354 306
320 20
710 438
596 352
377 700
255 207
740 673
286 110
696 586
674 6
276 221
274 376
684 18
72 579
512 300
731 646
201 39
169 544
163 525
224 675
599 637
457 671
375 132
494 420
197 344
206 452
320 73
296 614
516 220
318 367
193 107
576 773
101 657
141 773
246 327
665 352
337 410
618 96
553 377
224 421
473 507
369 715
495 607
373 199
103 509
149 696
425 86
33 514
607 416
63 209
678 534
374 663
410 99
291 21
479 317
731 0
162 363
336 726
690 40
747 486
225 384
227 70
109 714
29 26
137 677
232 266
760 544
389 531
153 164
91 445
99 407
262 603
32 732
353 240
198 215
17 133
527 392
174 651
351 636
632 454
411 480
529 497
693 505
362 405
290 294
492 579
152 322
312 120
709 472
720 158
85 8
247 629
399 249
427 271
116 737
501 767
539 309
562 104
34 7
646 609
586 184
492 648
89 73
256 159
379 753
313 399
584 488
617 276
573 511
33 290
420 565
223 3
619 518
172 428
138 175
484 9
295 89
708 656
682 363
301 102
204 343
536 514
666 525
480 346
265 475
244 347
347 471
82 706
392 603
426 1
27 382
678 187
50 213
657 328
280 749
55 671
202 766
279 89
570 532
222 584
187 32
502 228
713 66
572 683
637 99
714 424
732 421
180 612
142 659
596 213
312 558
443 279
561 681
596 725
127 100
331 480
487 529
142 223
182 500
639 198
154 466
657 723
439 120
649 416
134 743
353 232
487 148
317 331
296 570
323 659
37 31
416 505
458 6
483 527
145 450
615 239
591 765
634 607
425 729
367 67
631 325
254 633
5 772
84 264
124 644
619 379
658 263
93 601
394 107
277 127
215 537
459 422
149 617
250 765
631 172
241 718
511 456
491 538
609 677
8 734
50 125
639 648
422 381
249 153
233 246
759 263
65 754
655 616
418 521
761 56
96 548
513 43
657 361
463 203
713 250
35 47
493 595
306 442
146 36
145 633
635 710
625 661
545 103
150 668
749 391
603 412
306 266
581 276
469 756
31 438
340 552
169 777
667 730
617 438
334 649
255 535
331 454
170 748
580 411
311 556
736 669
178 97
96 499
109 328
411 59
252 179
328 463
372 334
695 514
742 546
570 164
278 421
80 155
503 447
15 53
524 380
195 516
124 276
24 276
616 159
253 667
667 430
228 395
587 534
407 292
44 454
197 412
696 579
605 527
555 522
246 531
236 536
336 738
423 97
728 685
364 548
676 234
115 575
72 32
327 58
579 131
460 231
744 40
267 393
3 97
180 740
687 265
16 630
300 56
712 675
179 333
315 526
738 671
143 258
457 358
395 762
535 547
354 141
456 223
326 348
281 778
431 755
196 280
720 283
106 627
92 341
151 664
372 443
156 59
168 3
481 80
357 277
423 570
591 676
617 645
248 131
410 763
14 220
211 547
34 45
297 70
575 253
29 715
459 320
186 680
571 312
500 430
196 514
443 738
513 510
283 56
199 118
296 395
664 238
614 504
671 478
620 655
316 568
83 600
462 214
245 419
769 213
284 46
91 345
25 97
143 343
305 197
660 1
387 135
273 762
546 172
158 397
174 274
474 58
120 177
503 282
226 664
155 86
347 441
56 155
124 740
574 659
363 229
179 150
767 421
256 113
675 607
358 685
500 344
0 232
76 568
381 138
315 339
766 748
609 297
59 689
571 6
200 601
587 646
264 252
480 180
285 609
109 382
690 763
232 113
674 730
743 579
256 74
665 199
707 333
739 307
41 775
555 554
471 672
523 288
648 523
63 457
167 765
351 664
693 448
565 188
621 664
366 179
342 526
88 627
743 226
420 470
741 199
333 610
410 519
219 364
688 301
686 502
50 124
385 384
345 661
698 618
626 175
127 714
144 326
253 765
488 354
244 251
779 346
315 497
355 445
19 171
261 455
518 246
386 558
74 132
615 478
561 621
553 217
773 613
581 556
172 748
513 91
370 176
385 360
251 341
373 151
244 495
547 269
250 651
545 611
684 397
343 236
484 263
318 565
678 395
430 726
96 15
399 378
627 212
119 90
110 166
560 263
123 580
39 527
679 284
7 381
339 298
381 568
7 89
373 532
711 551
465 60
521 424
651 443
349 515
124 611
701 190
324 313
279 753
216 646
63 654
709 500
117 390
552 566
389 52
253 692
740 646
354 700
280 494
81 218
572 46
631 201
512 309
605 659
135 228
590 16
718 497
581 356
431 485
741 684
283 29
627 9
245 55
204 755
641 203
30 72
538 124
303 516
599 287
381 364
615 759
541 82
500 458
489 269
172 518
610 274
93 670
702 3
420 715
36 385
285 398
571 242
197 24
56 362
606 136
272 529
70 123
691 128
221 544
22 319
199 685
409 157
305 121
712 591
194 718
19 150
714 350
119 617
154 32
662 47
504 28
401 324
462 319
67 464
299 540
718 618
290 305
252 60
182 541
1 746
206 241
328 709
771 85
499 582
667 345
151 271
580 482
7 702
653 81
541 425
563 347
520 73
476 218
643 242
18 185
47 138
202 13
747 348
127 380
660 363
772 262
704 313
190 707
404 60
554 667
152 753
745 312
263 205
441 430
329 142
169 64
718 251
390 233
771 705
514 567
176 88
55 773
467 510
88 432
632 59
661 250
501 409
248 738
740 63
373 479
360 390
277 53
451 728
281 722
30 175
340 602
341 299
225 267
524 303
173 592
555 177
351 550
90 47
311 108
318 775
76 580
663 162
769 201
316 1
277 666
490 83
667 401
31 63
9 447
435 142
590 721
346 590
282 299
69 534
692 485
395 462
98 553
689 444
597 571
339 86
461 417
346 635
206 645
339 178
460 648
368 648
545 286
658 262
89 703
144 635
505 703
104 455
359 522
553 40
468 425
59 138
218 352
96 354
248 86
424 427
315 471
556 71
660 149
347 119
161 61
541 325
752 363
49 179
429 291
305 250
609 20
417 590
265 536
259 250
381 259
134 369
498 10
418 284
99 484
741 511
725 251
405 610
707 168
697 4
290 512
706 588
455 578
741 77
427 671
590 144
193 411
105 205
51 35
483 199
476 487
49 301
538 185
505 118
513 534
680 358
289 507
715 214
375 500
298 391
280 292
235 102
732 430
630 631
249 404
386 267
357 70
497 223
553 647
569 164
456 503
513 109
27 299
56 610
414 722
526 216
599 383
736 311
427 760
139 707
277 622
521 33
685 120
448 162
557 72
130 492
113 589
156 221
61 111
719 701
764 27
118 47
401 344
384 54
168 770
679 78
635 463
42 290
674 545
711 547
155 607
425 696
454 532
302 768
608 565
733 419
316 725
52 428
82 734
742 285
53 146
13 19
164 108
269 758
778 349
534 505
657 664
715 569
544 728
436 212
588 373
491 501
510 485
99 74
709 662
465 714
247 351
79 219
582 289
496 679
544 516
18 293
283 563
72 761
618 582
257 127
6 101
538 261
558 345
671 447
316 213
635 376
67 405
276 19
585 565
670 614
47 662
666 602
383 554
510 655
413 399
547 425
71 119
586 239
416 373
669 410
378 398
642 222
664 615
139 113
414 416
441 39
27 361
269 54
777 303
63 67
288 286
191 537
35 346
362 760
574 92
732 18
17 633
280 779
445 360
672 266
540 303
144 329
130 441
585 280
508 430
599 539
332 576
122 366
775 248
519 656
696 426
708 365
566 643
185 281
62 3
441 318
160 535
228 566
297 105
173 442
183 467
561 173
542 365
235 402
579 412
729 551
565 445
272 446
199 610
571 743
237 731
23 236
217 220
293 382
649 644
129 462
47 189
763 767
63 221
162 276
51 77
500 225
663 583
699 581
481 33
772 490
627 242
168 757
530 635
590 146
136 618
700 665
412 751
771 675
520 607
583 651
489 124
140 154
403 544
723 314
46 676
83 608
295 713
81 618
653 57
642 270
707 567
124 429
690 779
123 381
510 776
48 558
86 341
753 16
777 213
190 550
168 533
321 550
620 574
124 713
68 323
386 626
427 32
682 281
501 609
704 158
587 753
299 390
658 577
694 654
541 310
585 203
351 353
298 661
447 746
485 321
107 538
324 468
351 583
328 678
280 622
568 742
31 653
717 214
384 190
309 411
508 375
429 281
590 202
542 522
631 603
255 663
524 513
404 549
593 582
518 197
671 668
630 750
199 263
360 350
7 192
228 725
718 140
32 737
183 369
553 748
619 186
558 532
442 288
5 560
104 315
143 695
515 428
142 168
657 518
663 183
89 350
303 769
698 211
573 511
427 441
158 233
648 132
613 566
316 623
652 400
432 510
585 572
595 464
643 188
415 501
545 83
764 575
464 725
236 192
621 683
373 275
667 547
306 669
687 600
717 584
604 568
446 23
510 357
199 309
756 237
217 44
310 557
293 750
596 391
314 633
202 415
276 545
480 563
56 378
576 22
257 8
33 131
649 191
142 712
29 170
376 230
560 259
612 72
131 124
10 113
113 21
661 370
739 314
461 450
490 729
54 613
520 420
151 45
305 279
651 601
375 92
474 494
622 424
402 592
540 125
192 298
129 18
18 433
45 612
538 74
324 24
377 440
671 441
770 72
449 131
562 681
569 650
208 497
277 61
769 29
488 541
199 483
656 48
449 112
518 773
724 588
562 619
74 185
96 11
356 708
157 691
743 369
442 148
257 722
326 513
5 775
333 708
250 370
379 38
489 449
423 90
138 743
261 611
579 590
205 5
301 741
135 514
687 292
683 541
143 387
720 398
655 545
126 491
756 628
563 122
639 326
166 739
16 629
349 329
549 243
703 748
468 559
392 597
187 395
252 116
8 126
79 440
187 142
221 326
539 220
112 141
624 503
221 752
94 710
405 411
718 26
709 664
362 275
689 466
675 5
290 217
134 496
195 193
230 504
675 640
402 206
96 579
684 506
87 421
378 131
552 388
49 95
221 390
421 81
582 413
547 312
435 738
11 246
630 255
124 207
49 228
1 741
702 496
300 353
301 165
746 246
372 309
301 583
88 649
453 418
363 120
440 558
753 329
442 177
343 256
733 102
74 597
535 776
242 330
317 329
552 233
357 224
658 334
395 78
750 165
156 381
147 395
734 374
675 221
207 139
585 90
393 506
757 283
68 4
636 315
175 665
18 361
41 186
162 280
274 62
267 391
753 378
256 138
276 633
446 130
502 576
579 579
416 141
414 607
456 176
566 546
473 11
641 219
116 577
31 161
215 396
38 171
648 220
467 396
80 6
17 338
776 635
637 779
25 722
286 520
294 226
441 4
702 72
266 375
507 574
308 213
641 216
100 428
511 209
591 129
95 511
67 613
88 389
203 734
750 326
489 231
435 735
178 731
136 700
280 740
75 110
305 549
730 429
299 701
640 659
533 691
701 39
490 649
293 404
578 271
625 134
667 399
451 729
319 500
472 213
728 187
629 162
332 352
590 215
382 387
206 604
710 621
526 265
702 352
537 230
328 736
195 666
366 761
371 357
673 183
213 624
260 540
296 775
478 27
447 346
562 759
420 75
524 642
448 418
658 128
301 714
419 151
726 739
694 28
541 349
203 184
146 74
505 5
637 88
156 246
461 771
214 566
134 656
632 686
25 245
37 723
307 447
56 607
180 54
336 180
405 450
450 475
149 70
518 595
757 673
534 717
274 718
17 120
311 464
671 643
678 201
729 500
216 624
671 495
56 770
131 582
432 180
348 200
571 228
81 566
506 160
613 485
621 233
658 167
191 778
484 434
65 292
304 522
130 410
582 333
290 668
168 614
719 107
304 188
203 345
275 154
284 633
691 647
670 561
223 764
520 541
239 274
315 457
674 285
672 755
194 538
575 220
362 668
78 4
309 737
184 512
775 174
19 119
368 519
457 566
622 407
458 266
327 29
752 78
673 504
216 606
719 524
291 359
569 51
727 334
251 778
599 451
715 229
654 626
158 528
377 288
750 717
74 674
251 536
584 590
258 610
691 8
54 448
557 19
362 728
319 704
120 10
462 371
742 469
663 12
135 632
196 148
377 220
740 202
618 358
642 570
132 115
342 82
79 604
282 424
248 196
196 43
404 487
652 679
7 186
252 522
771 198
396 411
59 331
83 722
666 186
395 677
313 269
651 8
407 416
540 708
139 726
576 188
111 22
713 178
552 112
703 187
317 436
232 85
156 752
592 250
732 746
273 134
100 726
698 613
472 57
81 180
346 428
74 766
610 518
525 178
371 663
73 163
603 536
649 376
486 12
527 678
120 23
574 278
71 738
604 19
567 513
25 316
98 368
148 653
544 622
51 420
645 236
20 11
375 538
353 683
62 428
337 281
102 723
650 509
320 249
430 547
212 367
420 656
31 395
553 749
323 69
707 475
752 512
273 383
118 363
586 378
340 170
170 14
147 767
352 13
262 544
301 584
270 35
493 653
292 447
408 340
738 673
97 10
685 561
656 564
274 140
410 635
422 355
635 777
181 64
523 518
523 236
444 774
333 775
684 626
152 144
561 566
505 492
221 673
402 614
33 31
671 278
218 745
666 78
769 89
296 384
80 363
286 641
172 570
622 456
560 658
373 250
19 169
646 311
4 161
537 243
441 714
270 54
107 505
575 728
414 347
51 32
375 193
198 313
371 575
673 177
678 454
337 377
340 653
507 609
183 53
704 438
15 15
343 555
306 581
746 300
495 617
9 757
493 652
310 573
419 267
35 88
330 541
225 348
261 423
238 319
366 730
195 460
23 502
574 602
21 493
738 321
333 326
47 66
206 697
644 98
679 251
251 64
109 718
80 591
518 191
111 473
215 235
210 74
292 545
228 404
284 606
463 128
504 630
574 533
163 660
339 596
436 432
564 446
14 526
197 752
567 26
373 195
744 708
462 640
264 70
525 181
29 396
379 104
459 642
193 162
120 612
191 117
252 349
34 759
605 688
247 547
680 69
593 392
64 583
55 580
138 668
23 20
198 244
495 603
159 775
721 510
778 153
415 430
585 506
625 277
752 270
174 524
5 557
84 93
458 636
678 369
450 626
77 5
493 208
216 158
683 338
9 283
330 11
658 741
490 167
297 137
145 115
90 775
51 730
764 148
30 96
514 19
211 34
70 633
483 109
547 165
4 729
76 1
609 395
623 266
194 491
464 555
543 324
513 643
436 316
414 319
437 340
208 289
496 207
595 432
71 233
756 139
589 98
37 135
528 1
447 648
241 253
84 613
714 369
85 741
417 710
482 331
172 167
91 669
15 501
415 737
579 80
511 609
301 290
355 666
403 29
43 465
38 730
663 535
78 538
40 187
226 306
261 650
108 302
274 288
342 100
775 52
755 348
156 218
161 133
253 494
258 64
316 591
379 627
483 350
66 777
390 124
86 639
351 598
765 72
67 97
56 488
320 34
568 723
453 734
443 560
77 409
121 237
97 289
631 309
769 676
585 128
428 576
35 658
680 429
255 483
91 643
748 329
228 185
474 318
752 258
745 484
334 583
7 64
678 292
481 91
716 686
90 151
316 509
422 434
720 747
654 672
687 344
74 297
128 277
92 403
459 198
688 268
349 397
625 309
395 523
63 772
310 312
415 594
186 346
45 25
621 692
41 648
315 617
440 56
231 544
137 142
406 385
28 596
487 125
654 275
57 651
778 410
257 704
173 344
104 199
584 118
545 449
512 387
531 309
489 373
458 517
172 707
650 358
103 67
369 9
2 700
167 97
168 698
525 164
264 123
388 333
161 737
266 80
221 137
341 328
628 280
244 727
220 51
571 382
162 140
81 302
576 603
447 303
286 270
142 721
121 559
5 722
321 250
55 493
651 727
398 400
722 183
740 332
489 269
641 571
286 738
760 746
674 595
409 721
95 777
271 189
192 557
128 113
479 727
703 541
713 430
770 65
568 430
229 11
108 422
326 534
633 518
654 523
589 8
500 632
527 179
572 580
8 320
682 469
121 209
440 167
500 112
47 376
371 302
438 778
443 96
729 404
411 444
299 25
617 601
222 270
357 572
549 89
529 265
476 298
664 289
460 489
52 275
159 568
458 665
420 457
731 293
601 708
67 166
498 510
482 558
57 296
766 130
305 216
365 744
197 193
392 503
255 183
86 605
488 291
43 594
24 423
432 34
341 670
730 540
281 636
778 54
717 20
325 273
295 632
27 552
758 577
263 301
171 770
640 732
404 169
604 596
661 83
432 531
578 231
107 423
436 283
761 233
309 269
454 698
49 462
315 158
325 232
347 768
623 777
604 439
706 363
165 425
607 376
185 674
531 96
344 147
697 15
619 510
617 153
226 422
113 148
238 217
769 730
278 757
472 338
263 426
447 124
583 196
485 671
6 503
16 506
497 776
646 307
608 755
352 182
67 690
402 93
154 710
493 218
752 575
741 375
79 185
752 599
165 502
651 727
357 747
74 351
90 659
723 376
647 377
139 224
473 144
49 716
242 644
399 371
331 484
85 103
752 468
81 231
358 408
385 300
92 447
775 419
582 163
293 725
357 616
561 131
610 517
61 574
605 143
377 689
195 618
622 3
637 196
310 531
749 142
220 516
47 471
267 698
350 574
535 708
712 44
198 115
30 529
309 172
731 89
223 175
538 82
459 443
346 180
654 475
346 412
548 620
660 701
436 122
562 3
481 158
183 400
18 695
75 512
461 353
574 698
149 9
457 616
51 234
376 701
355 301
342 1
669 348
683 726
751 408
68 232
633 117
629 523
83 457
600 416
498 440
315 559
764 766
175 544
575 652
478 412
321 136
486 303
599 64
624 187
162 708
771 623
60 3
212 588
611 689
424 9
295 190
450 505
552 261
619 622
502 83
69 333
603 718
536 420
729 0
531 559
19 253
369 44
591 260
222 276
48 589
437 746
445 118
509 741
486 393
677 55
405 65
584 676
567 64
518 309
736 423
508 747
763 764
526 301
312 29
541 188
690 233
516 396
382 480
341 24
507 700
98 99
738 688
186 556
502 361
319 594
713 293
749 331
452 211
646 303
46 147
265 559
306 748
513 450
286 119
61 279
39 664
399 209
660 265
761 617
538 562
132 368
243 604
31 268
72 702
430 571
72 200
203 105
219 659
384 472
192 402
548 331
319 471
704 280
59 243
337 676
255 168
364 197
427 279
611 396
319 28
107 308
311 123
474 70
294 144
220 138
30 770
316 75
99 402
152 282
205 638
107 690
536 669
127 580
761 376
495 206
206 755
636 427
106 407
206 316
541 646
307 544
149 130
450 581
213 398
574 256
175 357
531 500
264 320
380 277
136 450
691 775
526 368
561 427
193 69
760 675
277 18
532 419
477 369
465 65
141 519
762 234
593 137
445 134
284 14
330 462
248 552
589 496
286 429
618 562
86 119
208 772
627 509
544 537
613 773
494 323
433 44
328 168
599 62
744 502
131 333
543 141
75 70
61 480
506 398
350 444
330 113
535 31
678 680
408 18
4 438
281 170
737 309
253 474
32 373
353 395
620 277
762 186
67 693
461 686
183 131
698 547
438 475
616 35
330 320
529 577
418 366
746 500
470 125
203 94
738 509
156 286
318 526
19 596
766 594
57 749
476 526
165 738
374 444
234 45
226 697
344 44
478 509
315 279
229 411
465 178
186 777
620 155
494 440
476 208
397 14
519 125
295 226
304 110
450 702
393 86
348 340
173 244
160 605
150 34
2 722
312 278
281 470
535 278
268 736
126 15
250 432
159 443
619 113
19 635
378 142
484 166
368 711
681 236
505 75
759 70
297 19
390 643
178 27
652 331
42 75
167 114
584 191
390 36
500 746
190 730
400 499
589 347
66 530
355 673
242 679
625 81
666 95
195 475
638 543
766 91
593 725
699 318
333 19
461 230
763 536
596 297
114 523
764 14
542 467
145 418
735 212
212 120
482 490
504 538
357 98
495 732
706 754
545 385
26 484
690 500
435 523
741 275
291 549
599 565
752 376
352 528
517 347
1 149
573 319
773 631
707 94
590 5
135 709
716 578
619 235
512 130
58 462
87 421
725 761
462 371
769 135
483 124
333 322
92 543
728 374
46 686
280 554
635 455
421 232
690 112
9 448
715 561
92 194
625 581
549 63
572 184
206 719
307 190
377 274
563 293
349 275
505 421
616 748
54 703
95 185
358 0
515 303
276 639
444 276
555 637
660 24
644 564
548 606
317 375
114 102
594 249
128 441
154 360
569 614
29 178
320 19
110 306
710 481
565 640
136 283
296 270
268 302
319 337
172 255
736 136
350 595
696 615
405 3
590 154
393 441
462 571
92 301
545 146
454 251
2 639
432 386
3 291
125 420
747 275
475 443
565 675
116 42
490 90
204 651
603 436
78 201
307 656
344 619
275 775
256 368
493 508
722 584
410 326
137 423
347 637
582 27
744 425
202 538
24 557
684 262
263 419
396 307
561 397
634 46
527 654
230 644
443 249
665 110
616 285
556 197
307 369
489 488
148 345
665 326
624 615
304 561
582 276
57 579
271 341
317 175
768 548
52 723
766 563
116 707
145 82
737 653
320 576
122 610
339 86
454 215
695 238
55 376
438 483
363 177
233 700
714 472
70 240
88 481
273 585
257 57
78 65
419 729
629 455
589 11
776 272
354 444
589 496
468 35
341 313
180 86
189 128
86 488
257 149
129 307
493 549
679 617
362 472
569 172
124 612
478 128
715 567
528 713
374 353
686 486
121 12
590 494
406 284
494 652
523 459
296 227
684 532
116 341
712 234
527 82
455 253
653 234
748 274
713 195
734 346
419 521
719 573
329 16
578 37
737 713
556 301
153 535
358 341
656 568
566 569
444 713
712 366
441 294
652 423
339 90
321 250
387 345
607 342
105 179
636 301
130 29
596 192
574 615
84 664
48 405
1 211
595 175
213 357
502 515
15 185
461 324
622 566
398 745
141 70
257 130
494 108
48 270
345 57
418 317
581 657
303 9
595 127
222 373
440 688
729 492
683 179
65 452
394 639
707 585
197 637
239 720
777 413
549 560
199 692
546 248
305 27
152 635
391 30
56 279
703 621
508 178
403 519
561 2
770 408
37 711
313 333
286 253
67 387
403 455
248 504
309 520
433 464
59 382
683 84
85 229
188 698
563 699
238 525
122 610
185 674
96 413
593 172
745 309
556 267
283 642
382 698
629 644
686 34
297 509
513 357
778 397
422 409
32 44
126 616
461 226
462 464
378 52
104 768
245 438
541 677
576 568
177 434
548 280
88 204
590 438
141 43
158 520
179 264
610 642
735 597
133 544
746 538
475 129
650 210
289 248
152 281
637 615
510 9
599 381
524 616
308 712
376 44
275 596
512 171
599 334
641 147
525 163
410 678
112 45
452 72
530 229
675 9
724 262
342 676
28 359
449 402
196 404
32 659
729 573
537 683
187 2
165 259
18 566
347 350
130 369
4 633
246 661
681 737
205 91
702 373
259 245
186 593
100 671
125 136
743 535
74 358
567 146
482 326
489 243
440 258
336 42
184 413
734 73
283 43
381 699
574 432
237 563
502 616
487 157
141 670
99 513
276 431
376 384
752 246
165 654
364 16
274 641
124 268
88 660
456 4
642 289
607 614
41 428
262 672
214 300
138 490
136 81
672 6
687 306
402 389
210 553
290 394
163 432
222 260
191 479
387 186
76 706
437 146
729 439
760 454
12 563
156 151
598 772
723 441
735 718
106 90
496 19
321 708
148 600
323 236
395 380
395 159
259 580
131 312
180 283
32 370
646 244
257 610
756 705
327 64
708 508
235 702
79 448
578 220
113 509
583 16
404 113
515 315
602 170
526 255
597 742
589 38
588 245
310 46
712 20
713 338
276 78
185 458
506 533
514 468
452 545
685 7
619 472
717 532
95 492
615 445
563 289
189 619
635 719
466 538
387 370
261 501
148 76
3 597
433 76
114 668
732 102
435 645
28 271
95 240
272 120
644 340
393 446
20 164
426 433
530 475
158 20
613 392
540 223
43 724
350 203
187 107
51 233
435 366
638 437
634 6
189 732
202 460
115 646
145 753
588 773
91 268
584 466
177 91
118 533
362 197
694 346
7 330
230 506
446 169
370 1
95 133
625 34
366 406
63 416
622 242
660 751
228 2
205 447
538 438
551 480
540 452
747 187
721 173
343 123
569 70
760 602
137 120
473 77
753 157
372 423
217 179
750 17
357 68
648 90
163 670
269 132
65 399
756 711
83 14
246 329
698 239
238 410
368 112
455 119
575 43
532 95
225 181
76 266
373 52
333 70
318 429
2 549
232 670
312 471
726 80
335 264
106 383
245 710
770 23
144 495
57 190
428 433
230 241
159 94
707 35
294 65
688 673
479 600
226 227
185 558
350 398
82 637
448 577
394 627
219 249
489 252
60 647
501 760
213 255
267 640
581 509
179 737
220 98
77 361
272 467
541 733
651 491
221 9
269 483
143 630
110 307
52 270
742 559
196 450
13 146