78
389
0,
1,
2,
3,
4,
5,
6,
7,
8,
9,
10,
11,
12,
13,
14,
15,
16,
17,
18,
19,
20,
21,
22,
23,
24,
25,
26,
27,
28,
29,
30,
31,
32,
33,
34,
35,
36,
37,
38,
39,
40,
41,
42,
43,
44,
45,
46,
47,
48,
49,
50,
51,
52,
53,
54,
55,
56,
57,
58,
59,
60,
61,
62,
63,
64,
65,
66,
67,
68,
69,
70,
71,
72,
73,
74,
75,
76,
77
50 18
18 5
5 30
30 77
77 58
58 42
42 51
51 12
12 76
76 46
46 1
1 72
72 7
7 73
73 21
21 62
62 39
39 68
68 31
31 0
0 4
4 61
61 47
47 28
28 70
70 52
52 20
20 19
19 67
67 10
10 44
44 63
63 41
41 11
11 24
24 49
49 65
65 6
6 43
43 33
33 15
15 2
2 17
17 32
32 16
16 35
35 56
56 53
53 40
40 59
59 71
71 54
54 45
45 26
26 13
13 8
8 9
9 55
55 23
23 14
14 25
25 57
57 66
66 60
60 29
29 27
27 37
37 3
3 38
38 48
48 74
74 22
22 69
69 75
75 64
64 34
34 36
7 55
32 61
62 72
5 25
31 54
52 17
15 57
76 43
57 64
17 60
13 20
18 14
30 9
60 18
27 5
19 5
15 62
8 34
53 9
37 73
6 74
9 24
53 17
3 29
30 2
2 47
69 44
24 14
57 38
21 58
3 61
9 24
60 3
21 51
35 59
30 26
66 8
51 13
71 14
65 62
29 70
59 61
1 14
66 35
48 34
42 35
20 50
42 21
18 40
44 67
55 32
38 32
70 77
39 61
26 74
56 62
61 30
52 23
65 28
60 53
3 27
0 48
2 18
66 35
41 33
77 10
7 73
20 64
77 7
56 19
10 72
20 58
46 8
20 54
25 26
31 54
58 44
44 19
39 16
76 41
13 68
13 12
13 23
75 61
27 33
17 49
5 70
0 19
49 20
25 38
66 64
64 52
25 42
49 50
36 20
49 1
21 43
77 46
63 63
54 2
53 55
53 73
64 42
51 77
10 48
10 46
14 42
51 44
18 2
68 66
11 51
0 73
8 52
61 19
34 66
57 21
46 76
16 8
25 20
76 63
41 65
61 8
70 4
25 69
42 2
47 41
71 41
51 32
70 68
8 33
62 23
0 15
65 53
16 6
77 40
9 44
59 43
43 59
2 45
33 57
61 5
65 5
22 12
45 74
5 77
65 45
64 3
28 31
7 38
26 46
63 59
42 64
29 3
59 15
61 63
5 43
17 3
29 45
44 21
18 7
26 44
1 50
20 12
8 52
48 29
18 66
35 68
58 35
2 60
59 68
21 9
5 5
17 56
54 38
51 12
72 36
1 23
73 57
50 26
74 76
5 53
11 9
41 41
34 51
44 53
10 27
14 77
29 60
59 26
56 10
65 2
9 44
34 65
46 40
42 12
20 57
61 0
19 40
5 77
10 58
46 35
41 11
72 54
30 26
24 56
20 67
69 59
32 57
69 42
13 5
55 27
4 46
31 52
62 32
29 32
64 49
71 9
38 30
23 17
53 62
58 9
18 23
58 56
69 19
32 69
4 10
57 55
63 14
49 37
47 25
2 0
67 11
11 40
6 34
17 37
61 0
73 54
30 72
16 52
60 27
66 61
24 13
25 23
60 0
63 25
13 10
11 11
38 24
63 27
66 36
73 42
9 34
20 41
14 20
33 54
72 44
73 64
34 27
63 75
50 16
70 2
1 15
64 52
66 13
35 2
22 65
6 48
17 54
22 61
1 32
38 51
37 13
53 7
45 10
13 51
21 15
33 76
48 47
2 67
20 28
65 39
60 75
38 51
21 36
42 65
65 32
27 23
44 44
52 40
33 33
28 71
49 63
34 72
65 62
77 6
32 22
71 10
22 50
58 28
44 21
61 7
53 22
1 17
52 39
29 24
0 10
34 75
37 49
65 59
58 65
48 63
64 76