80
399
0,
1,
2,
3,
4,
5,
6,
7,
8,
9,
10,
11,
12,
13,
14,
15,
16,
17,
18,
19,
20,
21,
22,
23,
24,
25,
26,
27,
28,
29,
30,
31,
32,
33,
34,
35,
36,
37,
38,
39,
40,
41,
42,
43,
44,
45,
46,
47,
48,
49,
50,
51,
52,
53,
54,
55,
56,
57,
58,
59,
60,
61,
62,
63,
64,
65,
66,
67,
68,
69,
70,
71,
72,
73,
74,
75,
76,
77,
78,
79
29 13
13 59
59 42
42 4
4 5
5 46
46 23
23 66
66 35
35 69
69 76
76 22
22 20
20 2
2 6
6 15
15 75
75 17
17 30
30 48
48 18
18 71
71 56
56 14
14 61
61 0
0 67
67 26
26 49
49 37
37 55
55 21
21 16
16 60
60 72
72 53
53 9
9 24
24 36
36 7
7 44
44 19
19 70
70 45
45 39
39 63
63 68
68 54
54 51
51 27
27 33
33 41
41 34
34 62
62 50
50 64
64 31
31 28
28 43
43 1
1 79
79 25
25 47
47 57
57 40
40 3
3 73
73 52
52 8
8 10
10 78
78 65
65 74
74 11
11 32
32 58
58 12
12 38
38 77
16 9
3 4
55 75
20 30
40 24
20 0
17 18
55 1
10 54
40 57
30 4
10 16
44 65
32 6
3 21
44 59
8 45
12 7
28 48
9 28
65 28
36 11
74 37
47 11
51 51
71 19
21 71
49 33
75 16
18 51
73 30
70 62
62 22
43 55
75 29
46 78
56 13
10 2
21 78
79 67
5 34
60 21
48 67
64 51
56 60
41 71
44 67
6 13
17 20
31 64
72 60
30 4
43 26
11 74
7 25
68 74
70 4
22 70
6 19
2 1
51 16
18 20
7 30
5 58
63 32
76 59
65 1
39 66
11 20
59 14
74 36
35 3
10 60
79 36
34 25
49 22
69 7
67 4
8 26
50 56
49 11
40 35
29 34
70 7
14 47
45 11
79 53
30 48
2 78
79 13
29 75
27 25
60 18
62 19
19 73
35 64
7 78
46 38
60 9
21 29
34 77
34 51
31 73
77 72
27 32
9 29
26 12
31 2
65 57
6 57
51 76
65 61
72 17
35 74
73 68
46 32
5 10
13 40
47 28
39 73
63 79
72 1
27 36
41 40
9 27
15 76
16 8
43 67
11 66
24 10
35 67
72 64
48 67
50 78
22 27
60 44
3 29
57 54
62 15
47 55
27 31
32 61
8 63
27 53
38 9
9 8
7 66
61 78
7 42
20 77
31 70
57 24
44 61
29 76
54 51
31 73
59 15
59 74
64 74
77 40
26 58
60 70
60 17
79 67
46 66
32 8
32 0
18 6
64 49
79 64
73 10
70 24
72 27
22 77
29 26
28 74
32 46
23 42
39 44
45 2
8 32
12 50
34 41
77 47
28 55
10 39
42 33
9 11
47 47
25 23
43 74
68 66
65 69
13 47
30 44
40 21
5 41
75 25
0 32
61 62
33 70
31 14
24 79
20 35
0 71
29 41
64 67
63 79
65 20
75 68
38 50
9 27
71 28
17 77
4 40
1 78
40 57
66 72
29 32
21 23
50 66
75 64
1 71
8 79
70 25
67 12
24 63
26 67
42 20
65 43
9 23
62 29
0 13
10 67
17 2
62 29
39 44
61 71
28 52
8 57
68 5
42 30
74 44
5 27
64 24
41 15
74 25
33 36
11 56
59 72
13 63
73 11
62 48
37 12
51 46
13 6
15 36
69 45
73 47
16 50
9 5
51 20
63 43
35 36
14 17
25 61
44 0
33 11
9 52
59 13
45 31
67 17
31 54
44 17
62 65
71 27
54 8
49 29
47 17
21 2
56 32
12 8
51 35
34 13
43 54
22 70
60 61
74 78
43 58
23 57
26 55
29 31
4 67
65 25
22 33
39 61
32 12
57 63
4 8
50 21
37 25
13 42
43 31
73 13
26 69
23 30
30 15
64 12
79 4
19 69
58 58
41 5
65 7
32 57
48 13
26 75
16 43
77 61
29 63
29 56