810
4049
0,
1,
2,
3,
4,
5,
6,
7,
8,
9,
10,
11,
12,
13,
14,
15,
16,
17,
18,
19,
20,
21,
22,
23,
24,
25,
26,
27,
28,
29,
30,
31,
32,
33,
34,
35,
36,
37,
38,
39,
40,
41,
42,
43,
44,
45,
46,
47,
48,
49,
50,
51,
52,
53,
54,
55,
56,
57,
58,
59,
60,
61,
62,
63,
64,
65,
66,
67,
68,
69,
70,
71,
72,
73,
74,
75,
76,
77,
78,
79,
80,
81,
82,
83,
84,
85,
86,
87,
88,
89,
90,
91,
92,
93,
94,
95,
96,
97,
98,
99,
100,
101,
102,
103,
104,
105,
106,
107,
108,
109,
110,
111,
112,
113,
114,
115,
116,
117,
118,
119,
120,
121,
122,
123,
124,
125,
126,
127,
128,
129,
130,
131,
132,
133,
134,
135,
136,
137,
138,
139,
140,
141,
142,
143,
144,
145,
146,
147,
148,
149,
150,
151,
152,
153,
154,
155,
156,
157,
158,
159,
160,
161,
162,
163,
164,
165,
166,
167,
168,
169,
170,
171,
172,
173,
174,
175,
176,
177,
178,
179,
180,
181,
182,
183,
184,
185,
186,
187,
188,
189,
190,
191,
192,
193,
194,
195,
196,
197,
198,
199,
200,
201,
202,
203,
204,
205,
206,
207,
208,
209,
210,
211,
212,
213,
214,
215,
216,
217,
218,
219,
220,
221,
222,
223,
224,
225,
226,
227,
228,
229,
230,
231,
232,
233,
234,
235,
236,
237,
238,
239,
240,
241,
242,
243,
244,
245,
246,
247,
248,
249,
250,
251,
252,
253,
254,
255,
256,
257,
258,
259,
260,
261,
262,
263,
264,
265,
266,
267,
268,
269,
270,
271,
272,
273,
274,
275,
276,
277,
278,
279,
280,
281,
282,
283,
284,
285,
286,
287,
288,
289,
290,
291,
292,
293,
294,
295,
296,
297,
298,
299,
300,
301,
302,
303,
304,
305,
306,
307,
308,
309,
310,
311,
312,
313,
314,
315,
316,
317,
318,
319,
320,
321,
322,
323,
324,
325,
326,
327,
328,
329,
330,
331,
332,
333,
334,
335,
336,
337,
338,
339,
340,
341,
342,
343,
344,
345,
346,
347,
348,
349,
350,
351,
352,
353,
354,
355,
356,
357,
358,
359,
360,
361,
362,
363,
364,
365,
366,
367,
368,
369,
370,
371,
372,
373,
374,
375,
376,
377,
378,
379,
380,
381,
382,
383,
384,
385,
386,
387,
388,
389,
390,
391,
392,
393,
394,
395,
396,
397,
398,
399,
400,
401,
402,
403,
404,
405,
406,
407,
408,
409,
410,
411,
412,
413,
414,
415,
416,
417,
418,
419,
420,
421,
422,
423,
424,
425,
426,
427,
428,
429,
430,
431,
432,
433,
434,
435,
436,
437,
438,
439,
440,
441,
442,
443,
444,
445,
446,
447,
448,
449,
450,
451,
452,
453,
454,
455,
456,
457,
458,
459,
460,
461,
462,
463,
464,
465,
466,
467,
468,
469,
470,
471,
472,
473,
474,
475,
476,
477,
478,
479,
480,
481,
482,
483,
484,
485,
486,
487,
488,
489,
490,
491,
492,
493,
494,
495,
496,
497,
498,
499,
500,
501,
502,
503,
504,
505,
506,
507,
508,
509,
510,
511,
512,
513,
514,
515,
516,
517,
518,
519,
520,
521,
522,
523,
524,
525,
526,
527,
528,
529,
530,
531,
532,
533,
534,
535,
536,
537,
538,
539,
540,
541,
542,
543,
544,
545,
546,
547,
548,
549,
550,
551,
552,
553,
554,
555,
556,
557,
558,
559,
560,
561,
562,
563,
564,
565,
566,
567,
568,
569,
570,
571,
572,
573,
574,
575,
576,
577,
578,
579,
580,
581,
582,
583,
584,
585,
586,
587,
588,
589,
590,
591,
592,
593,
594,
595,
596,
597,
598,
599,
600,
601,
602,
603,
604,
605,
606,
607,
608,
609,
610,
611,
612,
613,
614,
615,
616,
617,
618,
619,
620,
621,
622,
623,
624,
625,
626,
627,
628,
629,
630,
631,
632,
633,
634,
635,
636,
637,
638,
639,
640,
641,
642,
643,
644,
645,
646,
647,
648,
649,
650,
651,
652,
653,
654,
655,
656,
657,
658,
659,
660,
661,
662,
663,
664,
665,
666,
667,
668,
669,
670,
671,
672,
673,
674,
675,
676,
677,
678,
679,
680,
681,
682,
683,
684,
685,
686,
687,
688,
689,
690,
691,
692,
693,
694,
695,
696,
697,
698,
699,
700,
701,
702,
703,
704,
705,
706,
707,
708,
709,
710,
711,
712,
713,
714,
715,
716,
717,
718,
719,
720,
721,
722,
723,
724,
725,
726,
727,
728,
729,
730,
731,
732,
733,
734,
735,
736,
737,
738,
739,
740,
741,
742,
743,
744,
745,
746,
747,
748,
749,
750,
751,
752,
753,
754,
755,
756,
757,
758,
759,
760,
761,
762,
763,
764,
765,
766,
767,
768,
769,
770,
771,
772,
773,
774,
775,
776,
777,
778,
779,
780,
781,
782,
783,
784,
785,
786,
787,
788,
789,
790,
791,
792,
793,
794,
795,
796,
797,
798,
799,
800,
801,
802,
803,
804,
805,
806,
807,
808,
809
305 649
649 66
66 37
37 692
692 394
394 163
163 132
132 86
86 463
463 648
648 4
4 576
576 541
541 643
643 757
757 578
578 147
147 503
503 338
338 344
344 374
374 523
523 332
332 678
678 368
368 195
195 64
64 73
73 748
748 510
510 189
189 437
437 82
82 403
403 60
60 29
29 661
661 420
420 525
525 621
621 619
619 612
612 278
278 569
569 409
409 424
424 111
111 774
774 262
262 566
566 0
0 611
611 564
564 173
173 733
733 28
28 85
85 651
651 444
444 584
584 788
788 387
387 406
406 468
468 157
157 285
285 151
151 15
15 490
490 177
177 227
227 759
759 298
298 736
736 491
491 225
225 599
599 505
505 440
440 74
74 705
705 158
158 499
499 710
710 465
465 116
116 549
549 246
246 482
482 610
610 689
689 693
693 201
201 807
807 588
588 326
326 489
489 535
535 789
789 193
193 545
545 223
223 685
685 629
629 226
226 190
190 739
739 146
146 239
239 42
42 97
97 605
605 407
407 646
646 258
258 579
579 657
657 540
540 481
481 286
286 509
509 724
724 493
493 439
439 686
686 414
414 504
504 331
331 329
329 71
71 11
11 784
784 336
336 136
136 108
108 291
291 81
81 758
758 615
615 58
58 378
378 701
701 666
666 749
749 500
500 257
257 590
590 194
194 528
528 624
624 778
778 548
548 750
750 690
690 122
122 780
780 460
460 124
124 302
302 362
362 792
792 478
478 289
289 148
148 171
171 105
105 366
366 268
268 715
715 379
379 496
496 310
310 240
240 445
445 155
155 630
630 688
688 451
451 556
556 211
211 708
708 166
166 160
160 458
458 674
674 54
54 181
181 769
769 238
238 72
72 598
598 442
442 277
277 434
434 419
419 78
78 547
547 435
435 159
159 192
192 538
538 303
303 263
263 256
256 321
321 508
508 703
703 466
466 304
304 45
45 385
385 623
623 287
287 443
443 322
322 39
39 40
40 687
687 485
485 446
446 647
647 552
552 760
760 675
675 512
512 198
198 609
609 683
683 559
559 175
175 521
521 642
642 488
488 772
772 732
732 530
530 764
764 221
221 170
170 10
10 150
150 307
307 781
781 149
149 34
34 546
546 779
779 59
59 669
669 558
558 529
529 230
230 634
634 796
796 306
306 714
714 517
517 401
401 561
561 747
747 14
14 398
398 95
95 497
497 753
753 384
384 608
608 347
347 125
125 244
244 62
62 165
165 716
716 337
337 219
219 637
637 698
698 250
250 667
667 587
587 55
55 77
77 522
522 260
260 697
697 791
791 161
161 428
428 381
381 679
679 413
413 425
425 154
154 768
768 248
248 142
142 502
502 47
47 537
537 418
418 370
370 101
101 218
218 551
551 316
316 744
744 771
771 24
24 8
8 410
410 284
284 247
247 568
568 203
203 340
340 168
168 662
662 91
91 752
752 280
280 617
617 531
531 726
726 140
140 694
694 117
117 544
544 526
526 293
293 700
700 301
301 70
70 575
575 35
35 626
626 388
388 790
790 805
805 785
785 480
480 511
511 663
663 373
373 114
114 464
464 390
390 585
585 725
725 2
2 361
361 498
498 90
90 684
684 596
596 231
231 249
249 20
20 264
264 276
276 261
261 371
371 746
746 775
775 96
96 76
76 213
213 742
742 655
655 474
474 470
470 773
773 380
380 186
186 467
467 799
799 53
53 183
183 296
296 23
23 572
572 399
399 728
728 514
514 691
691 743
743 622
622 718
718 345
345 429
429 84
84 668
668 740
740 123
123 532
532 404
404 712
712 282
282 196
196 255
255 741
741 16
16 665
665 1
1 436
436 267
267 658
658 200
200 638
638 607
607 618
618 761
761 527
527 214
214 103
103 31
31 292
292 9
9 315
315 243
243 205
205 99
99 356
356 633
633 38
38 735
735 632
632 18
18 295
295 730
730 272
272 518
518 311
311 138
138 770
770 801
801 450
450 456
456 335
335 438
438 334
334 787
787 7
7 534
534 121
121 279
279 563
563 376
376 734
734 300
300 133
133 354
354 550
550 251
251 640
640 628
628 191
191 408
408 613
613 484
484 462
462 179
179 288
288 21
21 577
577 479
479 543
543 416
416 229
229 364
364 473
473 616
616 593
593 352
352 707
707 786
786 392
392 208
208 113
113 557
557 126
126 313
313 12
12 339
339 61
61 357
357 433
433 197
197 281
281 69
69 606
606 130
130 586
586 33
33 127
127 809
809 41
41 156
156 765
765 273
273 343
343 448
448 30
30 233
233 253
253 447
447 800
800 234
234 506
506 676
676 426
426 495
495 393
393 180
180 601
601 754
754 806
806 395
395 620
620 696
696 94
94 738
738 536
536 670
670 17
17 360
360 224
224 245
245 602
602 333
333 635
635 83
83 386
386 571
571 3
3 141
141 427
427 172
172 32
32 695
695 369
369 215
215 457
457 75
75 713
713 87
87 762
762 641
641 131
131 44
44 671
671 51
51 453
453 595
595 582
582 265
265 519
519 182
182 119
119 363
363 492
492 252
252 644
644 319
319 652
652 533
533 135
135 580
580 26
26 520
520 270
270 128
128 216
216 162
162 206
206 755
755 49
49 220
220 308
308 706
706 185
185 266
266 25
25 178
178 27
27 309
309 476
476 36
36 79
79 793
793 756
756 430
430 110
110 46
46 391
391 187
187 711
711 513
513 19
19 417
417 631
631 13
13 353
353 48
48 299
299 104
104 659
659 120
120 188
188 22
22 107
107 524
524 539
539 207
207 682
682 461
461 469
469 43
43 570
570 639
639 501
501 389
389 763
763 589
589 106
106 562
562 137
137 431
431 65
65 432
432 412
412 377
377 405
405 654
654 241
241 210
210 483
483 217
217 804
804 680
680 228
228 704
704 452
452 52
52 152
152 717
717 169
169 204
204 720
720 423
423 745
745 365
365 487
487 664
664 199
199 794
794 350
350 795
795 323
323 672
672 515
515 604
604 721
721 209
209 367
367 516
516 275
275 421
421 328
328 92
92 583
583 232
232 567
567 402
402 318
318 677
677 50
50 767
767 98
98 294
294 673
673 314
314 372
372 614
614 324
324 139
139 348
348 274
274 5
5 269
269 57
57 88
88 574
574 477
477 798
798 351
351 702
702 112
112 723
723 555
555 143
143 581
581 342
342 325
325 681
681 472
472 80
80 118
118 346
346 63
63 68
68 422
422 459
459 636
636 776
776 290
290 449
449 397
397 134
134 573
573 100
100 507
507 242
242 254
254 115
115 6
6 653
653 400
400 802
802 645
645 237
237 375
375 475
475 783
783 355
355 594
594 751
751 729
729 603
603 553
553 317
317 102
102 797
797 164
164 349
349 89
89 627
627 330
330 236
236 174
174 383
383 259
259 56
56 184
184 320
320 312
312 554
554 415
415 327
327 699
699 565
565 271
271 167
167 597
597 560
560 454
454 144
144 656
656 341
341 176
176 235
235 441
441 358
358 455
455 93
93 709
709 600
600 396
396 660
660 494
494 129
129 222
222 719
719 153
153 782
782 592
592 766
766 737
737 212
212 808
808 359
359 297
297 67
67 803
803 283
283 722
722 109
109 625
625 542
542 777
777 382
382 471
471 591
591 650
650 411
411 731
731 486
486 202
202 145
145 727
786 176
577 612
85 112
662 463
553 292
664 796
38 148
338 25
437 645
280 639
343 376
134 458
101 467
1 346
140 301
640 341
557 439
444 792
345 268
129 188
694 592
314 344
51 571
466 639
807 215
110 519
226 704
330 7
385 464
617 512
475 360
123 651
576 22
304 92
289 197
489 219
519 563
394 29
537 386
418 672
766 101
131 364
721 313
686 469
795 68
557 295
250 248
444 101
593 645
658 494
709 754
469 470
466 172
55 538
214 48
610 624
406 644
379 355
343 225
206 255
421 783
553 76
151 663
542 198
510 789
24 370
327 104
246 563
111 804
471 153
263 417
70 433
509 158
239 378
384 23
253 351
716 577
9 8
806 193
184 10
454 609
745 433
154 380
230 473
279 428
315 466
290 136
640 500
483 63
335 400
514 292
174 409
475 417
61 622
637 360
272 659
364 535
172 61
738 293
684 383
124 321
595 756
510 253
488 362
765 735
331 786
727 60
228 593
315 796
290 371
198 596
763 798
328 435
84 586
371 110
670 692
8 708
229 165
663 475
294 680
221 525
398 642
763 86
483 734
204 211
737 607
616 548
399 623
473 579
387 257
360 59
206 208
434 357
48 84
807 197
164 246
41 790
698 68
734 566
86 611
4 375
65 276
236 141
474 343
684 169
801 718
640 75
796 58
37 743
454 95
727 346
676 347
40 789
153 180
472 626
644 542
294 423
194 31
545 430
771 479
288 261
352 804
109 307
611 676
809 524
776 205
754 148
190 707
407 614
682 428
211 136
712 364
733 471
136 638
720 797
411 782
103 214
624 269
787 762
470 425
352 565
568 738
122 58
347 338
557 413
516 449
562 556
390 639
83 17
656 282
677 143
336 29
407 220
520 444
358 236
147 249
54 105
300 731
775 598
704 45
736 77
144 548
334 782
705 285
563 540
508 189
563 661
620 308
626 327
333 376
60 242
157 8
674 240
441 738
630 461
308 549
73 508
736 389
701 463
590 727
39 617
126 806
144 420
183 385
244 481
5 361
73 653
787 548
155 357
149 743
183 83
396 356
485 481
572 59
801 778
60 765
566 564
714 557
99 617
710 539
750 553
41 800
129 311
7 802
615 294
301 234
25 295
436 483
221 757
583 672
125 3
209 35
329 662
796 670
515 594
24 343
143 750
561 727
602 250
365 421
429 737
675 523
110 654
94 532
157 524
477 432
151 188
121 128
570 527
73 265
535 531
345 331
89 303
331 178
717 446
651 161
307 286
111 587
626 642
664 251
460 63
197 697
805 276
541 756
606 749
570 507
796 698
233 803
366 336
299 406
508 427
246 70
740 248
72 456
378 638
684 422
70 137
569 339
432 799
420 721
404 368
765 112
168 358
100 594
724 286
231 432
403 256
533 224
780 78
311 155
139 634
467 279
91 15
185 712
131 368
488 114
768 55
237 593
364 575
166 182
389 713
620 613
214 28
162 409
263 643
437 203
296 85
710 516
34 35
176 731
239 708
238 74
803 793
662 680
612 439
599 725
615 339
70 343
212 457
574 650
254 85
547 204
732 790
110 200
438 50
1 512
439 500
414 285
541 205
173 44
199 416
33 336
619 179
462 461
61 236
451 100
647 440
714 518
52 451
95 809
238 99
225 208
686 59
23 379
368 766
544 406
392 171
712 796
671 200
440 644
432 137
59 410
207 14
246 764
535 108
138 797
631 726
220 429
206 43
366 668
724 287
294 58
294 732
110 304
204 645
216 576
160 719
89 492
10 511
629 275
224 71
764 336
88 88
311 705
321 432
214 641
390 278
277 75
639 310
63 185
47 440
790 157
547 734
125 689
539 259
199 290
287 773
659 8
72 194
3 23
782 599
37 702
766 100
119 234
61 20
598 609
389 402
598 768
739 568
481 234
373 68
269 490
432 647
118 254
675 6
476 700
207 804
589 477
438 625
6 278
267 673
261 428
115 164
1 451
768 495
216 80
66 645
389 48
442 268
59 478
292 544
639 241
650 217
293 494
516 135
329 226
46 572
214 369
77 134
489 389
467 70
684 257
178 566
294 314
370 231
40 522
467 101
543 766
186 657
457 605
71 394
809 416
508 43
276 366
592 256
543 716
565 190
465 429
382 731
410 527
342 561
12 246
296 250
26 762
642 340
501 68
113 181
389 183
132 464
511 607
122 2
76 266
476 677
571 625
13 541
808 632
45 181
170 154
8 684
584 547
637 89
216 669
515 403
413 254
453 497
737 718
130 645
216 126
806 46
728 737
400 653
408 274
214 382
788 196
233 638
794 658
629 57
491 333
182 678
116 671
522 736
152 239
641 205
358 141
191 38
651 180
599 45
199 179
24 620
196 142
279 138
438 80
97 21
204 271
424 186
453 661
530 803
503 401
563 108
227 523
28 73
575 803
644 295
57 514
542 105
311 661
560 418
495 218
488 559
150 31
772 263
492 487
322 585
33 305
149 651
713 704
278 140
474 190
625 49
460 6
491 665
492 499
212 181
230 668
0 343
712 419
701 189
255 192
81 573
711 743
198 265
618 709
665 413
293 132
46 274
24 302
567 21
99 248
663 527
683 369
90 323
14 318
444 660
100 480
189 539
579 619
64 314
644 233
231 97
712 454
567 230
792 686
503 545
373 194
295 14
549 420
670 737
184 731
88 338
99 143
395 689
638 662
158 293
333 722
202 295
756 434
472 593
653 525
363 728
228 659
183 59
98 695
752 432
296 1
219 718
397 430
215 799
671 746
578 84
264 207
688 414
310 235
627 663
48 655
228 594
575 430
513 440
381 807
173 591
437 262
148 92
340 214
562 572
374 235
668 167
200 294
27 803
694 561
61 380
294 758
750 276
160 156
202 196
624 236
572 76
354 381
725 495
57 424
767 451
305 291
744 608
759 624
133 305
140 481
774 68
408 473
350 582
364 73
14 49
520 99
787 809
696 522
182 474
272 744
296 461
203 639
722 26
269 160
234 244
46 210
114 708
106 459
362 732
437 70
1 502
426 240
337 330
186 176
713 54
97 281
19 228
734 564
785 342
541 135
620 520
530 460
482 417
225 668
458 164
601 723
59 183
531 552
235 341
48 45
794 7
439 322
371 331
403 501
346 134
102 6
647 594
195 448
658 295
727 578
70 621
143 645
619 747
25 157
159 511
464 20
88 280
587 544
622 567
179 485
621 347
156 743
745 215
566 367
727 503
296 200
517 496
419 489
200 559
259 48
510 254
431 369
382 640
784 670
191 690
340 323
369 717
128 349
674 261
36 788
219 31
793 330
108 797
99 562
572 679
627 530
196 183
55 374
331 316
11 611
415 41
71 497
634 531
59 272
472 1
468 96
539 670
597 157
8 311
788 324
646 739
118 237
109 719
646 647
164 114
469 62
731 335
524 787
678 647
434 393
746 253
766 718
336 357
434 373
594 675
470 532
437 493
567 204
334 605
414 261
331 33
294 739
772 453
800 519
55 286
216 424
238 730
580 219
244 697
434 308
536 432
563 3
707 739
693 203
418 286
204 47
289 13
130 350
309 76
753 74
112 437
640 704
805 328
232 239
435 27
562 201
127 580
774 540
269 475
749 466
789 199
643 31
407 119
540 295
406 640
695 278
602 318
744 598
364 694
663 35
579 239
89 29
752 261
632 414
575 70
572 489
394 424
785 257
695 245
617 790
179 449
78 155
773 648
435 435
54 434
611 586
407 807
163 202
401 204
433 167
206 418
731 141
372 647
504 200
513 110
581 379
746 130
426 29
763 201
809 582
461 533
212 367
675 788
422 24
207 335
264 402
650 2
658 602
773 50
159 752
561 216
474 367
393 332
606 391
600 66
123 504
375 525
606 163
293 537
14 297
280 650
286 269
277 724
661 531
289 676
543 138
503 508
296 296
150 692
759 264
535 115
416 201
616 439
184 717
644 148
15 259
333 661
532 766
186 1
249 404
611 738
586 387
334 809
651 506
581 454
204 628
316 796
321 699
283 636
394 783
692 500
797 111
641 416
768 666
787 173
378 199
756 485
590 33
792 664
200 489
179 508
318 240
183 341
212 430
303 551
533 503
381 296
777 183
517 98
661 763
674 467
399 76
297 587
279 209
629 388
751 193
573 519
247 459
549 495
684 32
37 143
392 354
531 794
375 376
362 736
122 110
92 379
118 728
171 48
302 66
63 233
48 636
552 714
618 178
190 77
648 696
370 373
638 363
194 256
172 117
436 529
375 346
37 34
144 409
714 520
95 338
149 653
296 550
297 93
728 548
413 90
266 98
429 78
737 757
455 278
726 514
788 348
336 319
93 80
171 27
698 96
753 72
718 170
775 273
651 469
224 208
142 770
60 100
70 202
522 169
319 443
137 595
448 186
756 206
535 458
242 191
342 420
96 358
109 15
623 719
98 596
15 294
391 312
790 751
627 95
203 249
275 321
253 287
12 703
24 422
649 776
310 649
777 649
633 54
220 157
422 706
390 469
297 205
363 755
592 358
603 724
133 233
54 538
206 440
190 203
29 697
590 729
739 564
784 415
51 62
141 473
225 200
273 244
665 535
42 728
217 132
727 521
308 167
752 496
568 627
560 16
319 30
425 569
109 283
433 490
600 570
540 578
695 214
248 703
527 356
207 322
715 304
435 625
710 552
378 674
793 796
251 737
721 40
777 764
750 346
756 487
114 615
42 543
150 109
274 81
79 266
237 557
519 57
464 524
140 21
495 183
417 720
102 107
566 334
336 110
348 323
105 667
519 490
12 165
60 554
107 601
357 133
91 650
39 264
641 211
709 687
305 680
387 43
407 85
59 49
634 22
75 523
723 498
260 300
323 531
530 528
494 434
382 357
486 90
395 368
697 534
180 184
799 427
135 57
498 157
670 618
99 21
428 54
680 506
516 295
101 506
46 695
720 583
801 58
170 708
744 217
751 228
665 129
378 452
144 789
638 308
408 237
391 446
441 216
784 161
331 533
382 296
291 725
597 545
126 76
653 655
536 667
147 655
238 76
333 717
434 292
512 396
137 721
451 670
65 800
314 222
574 279
720 776
54 421
223 772
526 68
304 5
177 387
108 157
756 382
567 261
512 677
352 438
65 706
163 227
488 664
791 714
155 33
129 665
630 699
627 623
316 356
668 208
389 637
408 759
104 480
557 754
562 78
746 347
78 576
727 284
142 569
310 416
796 725
597 75
363 627
482 700
249 92
42 327
126 504
732 130
433 508
768 32
642 328
66 622
719 26
707 522
379 665
805 288
251 410
390 522
94 456
715 618
280 692
72 71
182 597
246 780
299 92
263 532
259 352
300 172
182 207
795 625
743 663
606 534
571 120
29 238
330 438
765 568
53 447
243 369
662 689
653 275
125 183
315 506
587 77
366 65
95 744
52 504
291 563
536 330
172 209
478 485
34 450
443 677
231 527
749 500
281 15
517 77
452 323
730 675
452 194
764 696
617 22
511 647
462 478
726 350
341 770
402 650
748 192
457 268
138 133
87 480
554 352
693 242
346 39
305 3
72 577
761 110
133 64
782 432
738 143
355 755
580 477
37 706
489 790
743 476
273 776
175 589
28 143
45 50
701 572
754 442
386 351
520 371
764 741
503 719
509 657
618 767
257 48
329 132
345 691
116 371
82 165
473 513
25 51
113 239
313 177
25 799
481 184
771 542
107 165
492 71
232 614
333 549
492 571
306 730
401 498
201 33
623 214
334 733
193 368
542 373
107 408
403 470
664 171
678 709
355 416
43 684
612 579
454 530
215 220
638 741
453 640
172 480
554 658
625 744
597 275
493 38
178 740
342 143
591 68
796 64
698 454
103 59
549 664
190 451
536 488
263 285
358 155
341 631
671 59
505 44
219 264
376 465
713 309
732 762
258 789
9 70
727 159
67 717
491 80
546 241
2 338
675 598
235 618
145 138
199 235
658 491
469 585
678 804
704 101
663 208
587 658
9 536
465 289
383 323
375 716
304 238
587 313
117 600
40 401
637 505
256 3
445 408
21 766
204 78
2 557
189 722
234 194
748 728
3 311
16 394
90 383
302 173
792 556
292 360
644 635
258 46
314 461
757 86
800 741
43 752
570 376
431 759
520 624
141 489
645 643
335 681
573 420
794 120
366 771
188 431
215 309
413 113
237 558
685 599
305 277
271 617
479 444
784 69
502 538
392 480
571 307
29 463
461 748
696 781
278 790
460 95
486 121
62 647
325 318
110 451
355 642
488 253
404 376
130 660
314 171
458 165
322 442
607 805
552 33
49 267
447 436
74 140
641 145
699 630
695 219
255 567
448 532
388 614
307 358
211 80
174 7
503 269
621 579
177 581
753 554
504 14
164 762
404 163
571 1
294 384
451 788
480 294
563 398
729 12
809 303
399 637
233 171
403 437
382 644
760 147
568 708
775 491
361 381
407 190
73 255
531 36
541 767
668 137
146 337
167 336
416 695
419 758
455 417
307 351
21 562
488 499
513 113
75 518
65 58
197 415
696 436
308 758
776 312
477 9
233 714
670 264
736 495
216 471
213 585
163 722
652 179
742 173
796 241
117 483
306 426
570 732
739 784
481 474
55 389
62 20
512 301
67 632
654 162
547 237
624 498
487 148
121 309
560 686
105 704
545 601
303 595
4 574
154 335
716 481
77 527
721 258
25 802
654 366
314 131
335 352
757 660
806 470
400 461
631 63
592 549
695 495
48 464
390 285
519 305
424 782
482 780
25 365
806 621
548 564
795 135
649 412
2 120
566 290
474 33
741 780
804 727
408 10
145 466
407 396
393 124
48 225
129 511
183 101
30 40
305 706
284 54
425 140
501 573
175 606
701 135
10 714
703 490
248 15
210 716
457 236
497 807
528 385
420 30
786 659
3 794
266 236
732 19
325 792
513 685
352 372
53 349
283 312
622 127
692 455
659 653
507 707
247 339
99 529
540 634
577 487
495 447
189 672
794 49
241 63
287 684
550 270
316 698
63 536
243 556
215 112
449 189
569 242
705 182
743 186
327 767
290 313
136 140
322 203
217 154
805 556
436 678
579 145
777 300
220 153
2 133
292 653
736 280
350 340
390 83
742 633
355 295
547 280
670 402
789 793
416 4
31 336
86 529
671 559
394 408
124 276
601 252
572 765
481 641
124 370
214 698
794 185
15 545
227 51
87 225
495 704
649 686
62 311
49 646
109 9
472 494
198 541
636 225
294 762
651 4
460 651
161 349
69 101
659 11
658 335
416 42
330 457
462 620
63 495
44 601
694 260
765 39
675 86
47 124
776 143
408 630
577 741
199 84
420 423
334 215
196 119
396 414
791 20
775 430
252 73
742 660
780 579
682 502
474 61
710 722
82 303
786 504
121 637
333 67
57 304
405 801
409 765
265 71
210 487
604 589
246 605
256 539
775 14
598 391
689 382
461 6
90 228
699 470
210 374
174 591
633 645
420 135
363 344
731 169
122 462
550 25
479 561
803 263
153 546
685 621
795 215
706 335
212 157
455 45
323 394
77 701
411 465
349 350
243 340
327 566
655 567
315 567
476 299
714 115
0 35
355 278
10 134
674 768
211 413
1 488
456 212
753 527
504 110
245 276
706 403
392 594
543 398
451 233
174 797
261 774
592 477
159 343
750 18
396 494
596 571
69 462
806 586
703 186
172 37
285 246
511 662
780 410
592 416
415 43
128 23
508 682
808 403
404 285
98 414
167 411
39 99
153 504
564 158
348 605
366 751
145 94
502 573
1 220
766 354
427 686
105 420
372 570
176 368
290 580
272 469
564 33
594 627
752 188
132 772
697 646
589 360
86 567
553 728
574 641
190 333
205 28
537 31
751 115
522 453
256 190
682 77
128 344
434 563
163 529
348 283
454 22
269 2
689 712
338 166
612 613
106 793
190 699
476 287
551 719
782 277
786 320
619 637
718 87
416 766
605 605
210 401
463 195
776 214
271 304
56 462
786 265
481 60
186 343
257 176
96 735
309 30
348 335
264 725
403 492
349 197
304 194
342 112
704 186
332 173
790 86
272 502
244 451
605 393
312 26
745 151
138 622
202 284
131 34
553 487
615 623
389 538
658 632
438 37
485 135
140 443
168 66
792 86
208 539
341 629
756 602
352 14
257 259
778 75
506 659
617 312
591 187
789 238
307 264
316 310
1 427
341 70
492 351
410 728
299 548
753 150
599 739
755 336
295 484
242 107
276 665
728 243
250 448
448 138
108 659
554 777
530 439
473 745
498 708
306 131
594 743
576 542
432 529
72 653
226 677
696 492
370 431
76 14
479 234
284 728
147 222
325 352
690 239
722 78
527 687
474 658
427 217
447 643
711 575
599 184
780 39
749 684
361 451
765 507
214 9
454 491
421 632
71 271
144 793
302 551
731 121
452 721
697 170
550 287
641 608
737 145
665 777
700 435
272 426
206 345
301 652
716 289
79 445
627 277
540 661
760 300
382 200
400 628
547 721
161 303
284 281
393 62
466 132
89 435
629 449
606 694
777 4
312 26
554 126
523 658
125 127
779 449
213 85
70 117
447 75
369 168
403 111
65 474
679 657
306 324
168 712
269 420
530 677
507 205
744 572
758 442
416 393
762 384
502 346
165 85
107 91
375 238
46 587
94 612
522 484
799 398
436 523
339 745
654 193
802 262
29 230
674 436
643 750
608 533
39 541
266 30
565 646
797 568
350 522
592 464
135 665
324 509
198 271
632 250
616 755
102 512
711 513
216 730
316 575
172 590
526 334
647 757
675 543
712 336
523 218
690 156
464 671
585 361
806 131
399 458
700 505
43 347
356 99
401 791
474 9
612 781
333 667
684 672
37 705
623 402
349 4
445 202
328 458
638 323
752 460
718 609
673 70
78 381
695 406
727 708
1 538
144 411
420 387
46 3
518 334
466 605
334 93
243 278
788 733
103 178
269 713
474 103
114 197
582 288
192 516
801 760
388 57
214 682
395 662
793 709
751 796
77 607
223 502
694 227
239 252
170 407
574 116
529 157
356 296
73 189
590 691
560 286
343 573
480 713
806 5
83 363
644 602
662 793
490 187
683 470
168 620
247 160
677 323
743 148
542 590
336 564
515 581
612 498
180 626
529 310
792 2
487 543
108 513
49 606
492 51
457 135
107 699
533 697
526 383
310 710
616 750
399 121
784 275
336 511
295 100
30 711
754 352
487 435
737 390
208 161
799 446
690 647
404 601
590 5
200 301
305 177
366 550
328 267
541 703
125 417
5 485
353 326
218 331
194 535
360 614
564 350
673 807
333 27
751 541
616 771
97 124
311 255
370 261
656 622
594 404
205 506
232 533
90 804
435 164
806 502
648 15
285 620
426 668
352 722
16 229
67 676
217 693
384 174
268 275
184 767
436 257
219 535
805 122
117 171
514 600
377 217
419 750
140 572
283 132
321 214
686 574
554 268
259 219
271 588
325 600
647 413
262 436
120 303
627 467
240 718
405 779
309 590
752 546
220 748
74 200
423 261
727 274
135 627
318 213
407 767
284 209
508 566
769 497
447 50
544 114
426 575
353 306
522 292
412 807
98 693
227 759
403 775
210 95
280 335
512 617
162 151
74 4
418 378
771 149
14 347
27 486
507 506
520 171
722 11
36 317
313 281
187 620
69 114
654 81
543 580
646 106
424 775
654 379
756 623
427 122
807 229
783 441
67 315
532 305
802 793
167 427
659 765
599 326
790 269
367 743
736 305
507 491
806 310
530 321
767 123
625 628
105 620
260 539
686 157
216 703
606 546
511 723
667 605
65 247
428 198
198 553
50 592
324 560
270 257
707 459
12 374
68 253
270 315
42 452
783 577
149 716
764 11
166 673
587 33
372 686
721 71
446 376
86 535
149 516
29 538
507 109
656 132
285 738
75 734
496 70
588 71
785 763
468 565
164 480
675 742
207 540
67 441
623 599
682 310
434 735
663 652
455 746
393 621
199 123
539 199
383 37
660 696
403 561
347 341
506 800
0 301
117 686
353 618
268 696
130 253
52 345
474 90
133 226
370 105
124 417
219 542
302 751
238 401
70 335
75 284
741 383
298 673
607 772
409 735
455 407
593 408
241 368
573 599
752 43
416 33
111 335
637 487
225 210
2 660
455 496
682 684
410 749
306 610
111 443
96 119
725 565
89 271
477 304
692 314
298 631
535 433
741 579
416 144
10 508
419 91
401 87
220 561
602 227
711 437
493 581
774 644
346 791
632 592
532 385
804 232
195 732
334 49
264 293
77 620
32 33
794 240
418 550
715 380
766 733
627 411
518 322
6 472
296 717
352 798
658 50
40 131
485 687
159 293
601 430
329 793
754 393
611 420
366 2
177 381
80 388
13 75
469 774
301 714
4 44
767 800
467 59
141 494
415 487
716 395
693 547
22 448
731 383
181 1
131 618
601 223
750 743
553 413
241 193
255 563
772 318
9 277
671 286
341 805
699 514
774 648
137 396
168 568
547 374
652 578
423 43
448 758
728 785
792 248
203 652
86 18
129 705
761 591
563 109
669 123
252 39
280 748
18 616
586 476
41 587
55 357
237 694
392 471
173 383
763 390
486 615
499 78
178 36
284 139
446 560
322 107
695 800
249 586
103 79
127 383
256 192
234 747
627 775
111 372
668 452
748 222
371 107
434 9
620 187
643 82
86 293
786 42
349 285
153 38
581 327
127 718
746 96
719 272
603 120
149 524
670 315
221 145
370 215
396 506
571 365
168 222
752 293
373 759
557 226
392 2
398 463
165 402
223 127
150 635
286 71
595 487
441 668
10 239
73 182
430 565
470 203
434 12
496 185
417 649
237 97
307 27
133 738
304 280
667 618
432 616
642 549
368 462
358 220
261 366
355 693
147 450
656 405
158 75
552 319
294 474
259 340
764 357
683 578
165 738
567 2
714 461
77 402
771 271
267 349
711 203
201 299
387 322
762 17
216 524
208 667
7 170
723 297
226 807
739 565
740 617
674 15
8 154
317 764
453 70
251 511
532 732
13 464
364 186
94 744
668 334
110 24
82 802
594 667
492 388
4 479
220 362
489 243
16 281
775 735
85 318
544 614
519 48
776 285
74 482
105 605
88 458
54 359
434 363
738 723
41 586
123 705
657 665
223 26
316 457
250 472
149 521
292 341
231 353
760 600
302 617
665 779
264 150
337 266
242 342
233 118
761 360
234 111
751 676
2 458
221 439
165 683
426 159
136 592
46 384
93 742
326 397
251 204
617 598
89 112
494 33
58 366
709 407
631 562
409 725
57 271
396 210
419 308
227 433
805 661
445 775
643 171
500 553
615 156
457 465
341 593
306 150
786 477
162 172
530 576
358 481
776 571
521 502
621 256
635 181
582 568
151 457
687 609
755 553
789 719
87 552
675 296
173 671
226 85
682 15
82 459
51 714
732 370
425 438
719 261
787 531
27 781
474 297
18 75
514 542
266 617
52 245
714 295
4 385
149 579
541 108
61 662
312 122
126 76
380 144
266 232
749 113
10 500
411 569
718 274
355 250
523 191
210 603
365 316
699 348
661 564
540 704
349 307
339 415
53 712
316 457
117 316
662 580
626 453
717 67
529 614
110 230
624 417
465 74
760 707
2 148
546 26
662 384
723 124
487 682
805 209
599 217
1 712
484 95
322 15
645 506
17 22
743 715
521 421
128 242
339 481
519 579
79 620
587 213
134 436
259 768
690 578
334 675
771 65
246 485
102 361
553 180
303 77
739 381
40 220
258 272
311 533
540 739
27 317
721 331
27 806
452 109
665 790
509 8
373 685
471 95
556 689
560 740
32 519
553 325
217 612
201 17
42 382
328 145
466 468
7 577
506 595
52 609
285 271
325 198
702 134
137 210
4 326
369 551
317 575
303 549
460 783
684 263
125 797
543 777
534 667
688 404
102 8
316 99
729 241
66 130
394 448
530 732
349 234
729 335
153 35
345 88
801 591
807 725
443 55
433 705
403 760
268 159
87 380
580 16
793 513
765 398
304 750
634 347
234 494
250 346
648 188
224 195
248 246
206 751
84 465
747 254
546 346
458 673
38 633
690 159
644 304
396 565
592 125
322 51
612 692
374 105
229 524
220 230
144 607
704 764
232 161
400 695
801 715
103 301
654 694
349 439
23 147
326 767
514 95
526 712
630 225
363 731
182 513
312 332
757 451
785 758
208 104
208 547
601 91
547 538
678 135
569 535
264 34
452 380
202 97
113 567
569 705
538 776
783 476
499 76
585 628
788 656
503 114
180 453
102 469
711 49
569 303
132 745
750 631
105 755
502 65
764 545
705 654
712 187
424 508
188 280
115 409
60 357
220 74
682 622
375 185
735 738
45 665
622 792
284 68
625 807
553 534
375 131
525 752
201 651
25 218
448 168
640 543
727 185
686 610
160 373
589 210
274 453
94 179
367 126
436 339
18 533
741 776
327 552
43 185
348 247
730 442
38 753
525 271
706 445
330 258
541 199
386 383
32 58
13 433
618 285
692 100
490 583
306 81
770 478
623 46
514 337
716 430
82 529
738 548
782 43
486 798
14 809
121 603
94 377
648 556
191 577
107 433
533 450
290 61
448 534
61 558
110 273
246 206
752 93
809 387
406 0
384 39
491 142
357 246
772 377
433 262
464 510
479 48
646 396
362 562
107 604
259 752
306 574
255 210
348 192
605 581
725 59
453 158
115 267
32 797
389 355
254 676
176 521
260 575
734 542
383 755
584 144
145 167
230 16
614 89
698 382
778 121
329 207
129 256
778 222
609 43
459 648
157 201
95 696
128 795
572 587
339 786
3 3
186 12
295 318
363 314
507 650
636 97
304 5
44 384
396 140
752 654
319 721
268 139
654 306
269 170
702 51
251 779
652 748
805 466
546 51
168 742
288 462
422 24
693 303
737 398
580 345
136 731
347 582
538 526
707 478
72 497
800 499
76 303
260 540
572 755
133 694
569 66
754 720
664 802
748 3
264 693
48 68
484 214
621 719
70 264
160 802
348 62
357 415
715 685
624 413
680 753
44 400
289 426
799 439
44 308
790 727
798 424
66 217
126 713
671 214
177 737
144 725
808 707
651 107
204 123
705 396
651 104
242 164
516 11
360 13
265 444
668 109
664 553
741 687
442 113
69 170
307 291
480 602
159 450
395 717
654 514
112 658
559 168
333 426
505 799
82 425
470 26
64 708
95 671
474 743
383 749
242 520
786 172
613 384
137 247
657 400
14 296
374 14
472 261
533 466
20 712
743 257
180 97
419 506
540 790
716 294
157 400
410 95
160 78
549 345
297 125
570 543
359 365
568 469
591 20
509 3
447 120
217 191
780 624
247 432
30 224
512 369
561 513
450 243
431 591
267 353
767 165
657 349
194 201
220 611
580 700
230 646
710 491
221 188
801 795
688 778
260 198
172 92
81 373
732 773
689 796
103 559
343 543
539 407
395 666
665 591
75 257
271 460
285 353
465 656
399 648
782 246
93 778
633 200
574 376
134 759
701 110
759 610
219 290
427 592
23 408
95 329
746 798
199 689
495 8
725 429
209 777
299 56
569 747
269 204
632 337
138 622
353 345
779 701
466 603
690 375
129 505
283 314
702 697
586 355
317 169
675 519
661 312
350 754
474 304
160 652
674 575
625 423
722 250
800 582
497 767
674 491
304 195
650 97
63 98
611 47
179 663
124 336
70 9
209 749
384 741
440 193
107 755
412 575
331 526
602 552
389 177
390 216
450 451
659 125
185 667
405 576
17 498
621 211
527 737
526 322
362 75
664 359
484 764
55 692
767 618
163 591
696 138
518 193
203 602
96 807
736 620
28 576
123 522
68 79
344 346
46 465
252 394
502 532
161 725
498 463
674 355
688 291
702 152
85 496
302 578
479 539
453 335
711 473
398 517
97 149
275 166
49 198
778 192
530 615
644 262
72 704
346 55
662 333
589 220
548 789
212 205
465 780
586 125
758 459
564 206
214 365
563 171
751 68
351 594
751 456
272 383
678 368
164 587
727 394
239 61
91 242
382 245
701 68
437 369
403 269
713 407
160 440
63 442
126 589
48 282
85 49
765 578
379 473
392 608
297 520
792 125
696 147
499 325
711 451
286 340
129 260
217 691
550 651
403 429
355 635
793 51
726 267
92 84
175 582
146 380
319 584
6 501
195 429
194 82
713 262
494 675
746 233
76 742
5 780
384 113
644 415
696 406
593 385
483 468
535 456
267 670
290 433
797 178
476 167
116 741
762 394
639 291
419 11
356 287
389 323
581 482
692 150
51 656
690 661
488 222
590 151
248 86
465 75
737 520
661 756
482 524
726 177
127 716
58 585
414 267
573 216
288 477
369 287
668 693
250 333
645 515
675 395
309 71
644 674
638 757
716 400
762 37
320 669
64 223
564 467
464 643
39 687
72 41
791 506
338 544
78 790
346 283
786 400
141 472
236 527
201 449
606 676
774 464
490 585
246 224
291 303
48 426
309 34
728 18
181 470
222 426
779 592
84 358
776 295
720 653
572 637
17 390
241 347
478 632
548 255
248 195
137 764
121 742
703 803
687 687
66 589
12 141
400 36
660 618
154 53
526 790
424 285
521 557
626 572
460 803
370 395
16 96
79 284
557 586
528 593
339 427
387 555
378 136