82
409
0,
1,
2,
3,
4,
5,
6,
7,
8,
9,
10,
11,
12,
13,
14,
15,
16,
17,
18,
19,
20,
21,
22,
23,
24,
25,
26,
27,
28,
29,
30,
31,
32,
33,
34,
35,
36,
37,
38,
39,
40,
41,
42,
43,
44,
45,
46,
47,
48,
49,
50,
51,
52,
53,
54,
55,
56,
57,
58,
59,
60,
61,
62,
63,
64,
65,
66,
67,
68,
69,
70,
71,
72,
73,
74,
75,
76,
77,
78,
79,
80,
81
81 47
47 54
54 12
12 79
79 34
34 5
5 65
65 17
17 66
66 13
13 48
48 70
70 55
55 40
40 68
68 51
51 56
56 7
7 21
21 52
52 28
28 60
60 20
20 36
36 33
33 29
29 27
27 25
25 14
14 4
4 58
58 76
76 16
16 59
59 23
23 50
50 64
64 42
42 18
18 41
41 6
6 62
62 78
78 80
80 44
44 72
72 37
37 45
45 35
35 0
0 43
43 2
2 71
71 39
39 63
63 38
38 75
75 26
26 49
49 8
8 69
69 74
74 61
61 1
1 11
11 67
67 3
3 24
24 77
77 53
53 30
30 57
57 31
31 15
15 9
9 22
22 32
32 19
19 73
73 46
46 10
68 9
76 4
47 42
26 13
7 68
31 67
51 39
13 51
79 5
48 22
47 32
18 69
54 21
32 32
11 42
35 2
25 36
81 79
70 19
74 5
27 76
69 4
47 77
53 54
35 46
8 37
62 46
81 40
4 9
6 68
46 13
56 50
60 56
14 6
69 35
49 28
1 28
29 68
46 57
68 24
33 4
20 12
30 21
46 77
22 43
40 56
80 78
75 41
4 32
81 71
42 58
42 76
51 61
32 26
46 45
55 6
23 73
10 53
47 39
9 58
76 9
13 71
57 15
42 57
76 24
71 45
53 50
66 8
63 65
7 54
12 29
50 35
39 22
52 51
28 70
80 40
69 44
46 12
46 32
57 35
76 39
73 75
14 21
47 41
8 38
15 76
51 53
31 38
23 69
18 79
16 45
58 77
75 23
32 55
25 38
36 58
16 11
69 67
22 49
71 23
62 61
61 80
21 79
28 25
40 63
34 46
73 77
20 50
63 16
12 23
37 57
8 3
54 20
58 62
2 19
61 26
2 36
8 25
61 16
68 74
33 37
6 49
50 65
78 29
13 8
13 22
37 17
71 55
48 3
0 31
42 23
2 55
59 59
50 12
28 54
6 75
69 19
67 2
49 23
15 15
76 35
49 18
15 3
78 22
11 32
28 69
29 42
14 21
25 48
30 33
6 44
73 70
78 26
77 63
9 71
16 70
40 44
25 34
51 13
6 61
4 73
36 21
12 0
77 81
35 6
3 32
71 25
42 48
74 25
64 47
57 73
10 32
27 14
59 50
64 5
67 5
10 27
46 45
37 45
13 39
25 51
0 0
9 43
38 67
8 7
29 15
10 64
67 71
77 14
45 76
68 66
71 60
73 44
69 80
12 74
47 13
44 13
72 26
46 14
4 77
81 4
16 26
59 77
31 75
22 78
9 18
81 71
49 42
72 54
29 64
17 9
52 62
49 42
15 11
40 40
46 18
28 47
79 69
57 67
59 57
2 68
1 64
45 47
19 32
11 48
14 5
63 23
2 24
57 78
42 71
76 61
48 24
15 37
70 57
43 42
73 76
75 1
23 57
39 22
79 69
68 52
66 21
53 28
8 29
31 46
29 68
72 4
12 26
55 28
45 44
11 15
44 60
34 6
40 32
31 18
73 21
22 45
19 19
14 19
73 80
46 45
46 2
35 49
10 20
27 73
39 61
77 9
4 31
19 34
76 72
20 56
22 10
34 18
68 60
47 33
1 41
39 8
2 69
13 11
58 6
1 34
1 79
57 13
72 37
49 63
79 0
17 14
8 64
15 44
40 48
31 44
23 1
15 53
13 68
15 0
71 47
16 61
28 37
7 10
44 11
18 29
2 68
9 69
19 37
37 35
48 3
35 47
78 53
67 62
42 61
30 18
3 50
72 78
71 47
9 33
14 39
22 61
45 25
29 8
52 75
46 80
17 54
20 35
41 70
22 53
24 1
53 13
46 17