830
4149
0,
1,
2,
3,
4,
5,
6,
7,
8,
9,
10,
11,
12,
13,
14,
15,
16,
17,
18,
19,
20,
21,
22,
23,
24,
25,
26,
27,
28,
29,
30,
31,
32,
33,
34,
35,
36,
37,
38,
39,
40,
41,
42,
43,
44,
45,
46,
47,
48,
49,
50,
51,
52,
53,
54,
55,
56,
57,
58,
59,
60,
61,
62,
63,
64,
65,
66,
67,
68,
69,
70,
71,
72,
73,
74,
75,
76,
77,
78,
79,
80,
81,
82,
83,
84,
85,
86,
87,
88,
89,
90,
91,
92,
93,
94,
95,
96,
97,
98,
99,
100,
101,
102,
103,
104,
105,
106,
107,
108,
109,
110,
111,
112,
113,
114,
115,
116,
117,
118,
119,
120,
121,
122,
123,
124,
125,
126,
127,
128,
129,
130,
131,
132,
133,
134,
135,
136,
137,
138,
139,
140,
141,
142,
143,
144,
145,
146,
147,
148,
149,
150,
151,
152,
153,
154,
155,
156,
157,
158,
159,
160,
161,
162,
163,
164,
165,
166,
167,
168,
169,
170,
171,
172,
173,
174,
175,
176,
177,
178,
179,
180,
181,
182,
183,
184,
185,
186,
187,
188,
189,
190,
191,
192,
193,
194,
195,
196,
197,
198,
199,
200,
201,
202,
203,
204,
205,
206,
207,
208,
209,
210,
211,
212,
213,
214,
215,
216,
217,
218,
219,
220,
221,
222,
223,
224,
225,
226,
227,
228,
229,
230,
231,
232,
233,
234,
235,
236,
237,
238,
239,
240,
241,
242,
243,
244,
245,
246,
247,
248,
249,
250,
251,
252,
253,
254,
255,
256,
257,
258,
259,
260,
261,
262,
263,
264,
265,
266,
267,
268,
269,
270,
271,
272,
273,
274,
275,
276,
277,
278,
279,
280,
281,
282,
283,
284,
285,
286,
287,
288,
289,
290,
291,
292,
293,
294,
295,
296,
297,
298,
299,
300,
301,
302,
303,
304,
305,
306,
307,
308,
309,
310,
311,
312,
313,
314,
315,
316,
317,
318,
319,
320,
321,
322,
323,
324,
325,
326,
327,
328,
329,
330,
331,
332,
333,
334,
335,
336,
337,
338,
339,
340,
341,
342,
343,
344,
345,
346,
347,
348,
349,
350,
351,
352,
353,
354,
355,
356,
357,
358,
359,
360,
361,
362,
363,
364,
365,
366,
367,
368,
369,
370,
371,
372,
373,
374,
375,
376,
377,
378,
379,
380,
381,
382,
383,
384,
385,
386,
387,
388,
389,
390,
391,
392,
393,
394,
395,
396,
397,
398,
399,
400,
401,
402,
403,
404,
405,
406,
407,
408,
409,
410,
411,
412,
413,
414,
415,
416,
417,
418,
419,
420,
421,
422,
423,
424,
425,
426,
427,
428,
429,
430,
431,
432,
433,
434,
435,
436,
437,
438,
439,
440,
441,
442,
443,
444,
445,
446,
447,
448,
449,
450,
451,
452,
453,
454,
455,
456,
457,
458,
459,
460,
461,
462,
463,
464,
465,
466,
467,
468,
469,
470,
471,
472,
473,
474,
475,
476,
477,
478,
479,
480,
481,
482,
483,
484,
485,
486,
487,
488,
489,
490,
491,
492,
493,
494,
495,
496,
497,
498,
499,
500,
501,
502,
503,
504,
505,
506,
507,
508,
509,
510,
511,
512,
513,
514,
515,
516,
517,
518,
519,
520,
521,
522,
523,
524,
525,
526,
527,
528,
529,
530,
531,
532,
533,
534,
535,
536,
537,
538,
539,
540,
541,
542,
543,
544,
545,
546,
547,
548,
549,
550,
551,
552,
553,
554,
555,
556,
557,
558,
559,
560,
561,
562,
563,
564,
565,
566,
567,
568,
569,
570,
571,
572,
573,
574,
575,
576,
577,
578,
579,
580,
581,
582,
583,
584,
585,
586,
587,
588,
589,
590,
591,
592,
593,
594,
595,
596,
597,
598,
599,
600,
601,
602,
603,
604,
605,
606,
607,
608,
609,
610,
611,
612,
613,
614,
615,
616,
617,
618,
619,
620,
621,
622,
623,
624,
625,
626,
627,
628,
629,
630,
631,
632,
633,
634,
635,
636,
637,
638,
639,
640,
641,
642,
643,
644,
645,
646,
647,
648,
649,
650,
651,
652,
653,
654,
655,
656,
657,
658,
659,
660,
661,
662,
663,
664,
665,
666,
667,
668,
669,
670,
671,
672,
673,
674,
675,
676,
677,
678,
679,
680,
681,
682,
683,
684,
685,
686,
687,
688,
689,
690,
691,
692,
693,
694,
695,
696,
697,
698,
699,
700,
701,
702,
703,
704,
705,
706,
707,
708,
709,
710,
711,
712,
713,
714,
715,
716,
717,
718,
719,
720,
721,
722,
723,
724,
725,
726,
727,
728,
729,
730,
731,
732,
733,
734,
735,
736,
737,
738,
739,
740,
741,
742,
743,
744,
745,
746,
747,
748,
749,
750,
751,
752,
753,
754,
755,
756,
757,
758,
759,
760,
761,
762,
763,
764,
765,
766,
767,
768,
769,
770,
771,
772,
773,
774,
775,
776,
777,
778,
779,
780,
781,
782,
783,
784,
785,
786,
787,
788,
789,
790,
791,
792,
793,
794,
795,
796,
797,
798,
799,
800,
801,
802,
803,
804,
805,
806,
807,
808,
809,
810,
811,
812,
813,
814,
815,
816,
817,
818,
819,
820,
821,
822,
823,
824,
825,
826,
827,
828,
829
87 596
596 268
268 640
640 201
201 37
37 739
739 577
577 446
446 714
714 635
635 605
605 797
797 687
687 511
511 527
527 144
144 584
584 33
33 667
667 624
624 735
735 382
382 639
639 416
416 262
262 251
251 594
594 227
227 170
170 266
266 354
354 519
519 434
434 592
592 109
109 757
757 314
314 291
291 359
359 470
470 677
677 689
689 773
773 224
224 287
287 753
753 774
774 448
448 341
341 601
601 358
358 675
675 432
432 779
779 190
190 212
212 271
271 440
440 433
433 365
365 181
181 282
282 413
413 70
70 409
409 77
77 542
542 34
34 698
698 552
552 81
81 138
138 751
751 125
125 267
267 83
83 696
696 762
762 218
218 116
116 127
127 25
25 216
216 604
604 544
544 510
510 320
320 228
228 673
673 712
712 140
140 417
417 59
59 617
617 587
587 654
654 616
616 304
304 275
275 450
450 152
152 38
38 460
460 12
12 302
302 104
104 200
200 290
290 816
816 193
193 503
503 177
177 546
546 517
517 483
483 80
80 782
782 540
540 119
119 189
189 241
241 223
223 443
443 497
497 17
17 467
467 710
710 535
535 424
424 445
445 791
791 232
232 360
360 272
272 128
128 242
242 132
132 196
196 210
210 298
298 264
264 111
111 755
755 521
521 415
415 692
692 112
112 484
484 488
488 442
442 219
219 496
496 555
555 406
406 129
129 149
149 159
159 430
430 397
397 372
372 756
756 124
124 456
456 679
679 390
390 532
532 378
378 396
396 536
536 91
91 683
683 524
524 606
606 431
431 556
556 367
367 156
156 678
678 114
114 408
408 506
506 738
738 818
818 646
646 160
160 819
819 141
141 500
500 607
607 351
351 60
60 593
593 198
198 288
288 411
411 495
495 161
161 736
736 454
454 197
197 47
47 798
798 817
817 663
663 821
821 804
804 185
185 338
338 754
754 610
610 295
295 55
55 686
686 813
813 324
324 258
258 374
374 619
619 571
571 399
399 110
110 21
21 792
792 563
563 531
531 312
312 363
363 464
464 249
249 486
486 815
815 682
682 715
715 514
514 771
771 316
316 477
477 335
335 614
614 53
53 85
85 706
706 203
203 362
362 553
553 84
84 346
346 130
130 737
737 603
603 313
313 801
801 330
330 526
526 307
307 775
775 641
641 620
620 626
626 660
660 645
645 215
215 475
475 629
629 294
294 547
547 505
505 799
799 494
494 344
344 652
652 349
349 186
186 560
560 582
582 420
420 554
554 558
558 40
40 613
613 681
681 22
22 325
325 672
672 705
705 373
373 137
137 476
476 244
244 286
286 811
811 79
79 405
405 29
29 824
824 661
661 812
812 336
336 380
380 180
180 211
211 66
66 368
368 28
28 723
723 597
597 574
574 670
670 345
345 5
5 252
252 589
589 76
76 263
263 708
708 318
318 578
578 57
57 651
651 718
718 573
573 306
306 410
410 19
19 213
213 388
388 371
371 310
310 308
308 229
229 727
727 269
269 146
146 790
790 88
88 427
427 407
407 98
98 45
45 101
101 422
422 370
370 151
151 97
97 513
513 364
364 763
763 184
184 247
247 493
493 142
142 289
289 823
823 389
389 36
36 238
238 522
522 643
643 199
199 150
150 412
412 767
767 733
733 609
609 770
770 248
248 650
650 347
347 665
665 27
27 234
234 3
3 257
257 647
647 126
126 828
828 293
293 106
106 1
1 455
455 570
570 803
803 729
729 551
551 726
726 567
567 598
598 42
42 784
784 398
398 697
697 16
16 35
35 575
575 564
564 176
176 222
222 447
447 166
166 148
148 680
680 145
145 795
795 458
458 666
666 528
528 825
825 561
561 231
231 637
637 780
780 711
711 237
237 579
579 284
284 800
800 78
78 758
758 557
557 631
631 809
809 668
668 92
92 103
103 549
549 722
722 96
96 239
239 695
695 49
49 163
163 72
72 444
444 334
334 255
255 376
376 355
355 99
99 157
157 254
254 285
285 662
662 278
278 23
23 490
490 173
173 356
356 102
102 788
788 375
375 15
15 171
171 283
283 179
179 386
386 20
20 206
206 95
95 453
453 319
319 118
118 270
270 217
217 633
633 783
783 353
353 329
329 400
400 794
794 392
392 709
709 74
74 748
748 167
167 611
611 807
807 352
352 337
337 786
786 50
50 235
235 657
657 529
529 379
379 588
588 13
13 387
387 381
381 724
724 700
700 572
572 745
745 305
305 808
808 627
627 457
457 94
94 543
543 209
209 348
348 776
776 482
482 466
466 43
43 147
147 769
769 599
599 52
52 174
174 221
221 321
321 402
402 628
628 208
208 46
46 468
468 473
473 41
41 260
260 340
340 716
716 713
713 707
707 183
183 58
58 117
117 279
279 246
246 459
459 436
436 135
135 638
638 317
317 154
154 615
615 24
24 105
105 518
518 644
644 744
744 636
636 236
236 332
332 169
169 115
115 608
608 688
688 391
391 64
64 0
0 655
655 39
39 68
68 250
250 438
438 51
51 509
509 452
452 261
261 576
576 339
339 277
277 787
787 439
439 191
191 385
385 300
300 403
403 580
580 342
342 585
585 214
214 545
545 537
537 559
559 195
195 699
699 165
165 7
7 113
113 516
516 512
512 204
204 133
133 207
207 172
172 121
121 4
4 10
10 671
671 515
515 2
2 701
701 489
489 520
520 188
188 642
642 630
630 548
548 182
182 498
498 280
280 827
827 168
168 586
586 426
426 9
9 187
187 719
719 230
230 276
276 590
590 684
684 728
728 595
595 383
383 550
550 796
796 793
793 612
612 717
717 233
233 136
136 501
501 826
826 583
583 303
303 421
421 462
462 469
469 814
814 534
534 487
487 822
822 309
309 326
326 725
725 474
474 600
600 749
749 693
693 243
243 478
478 562
562 752
752 281
281 632
632 685
685 734
734 202
202 471
471 746
746 82
82 618
618 395
395 299
299 158
158 481
481 32
32 781
781 732
732 747
747 664
664 730
730 404
404 89
89 499
499 508
508 226
226 394
394 71
71 327
327 56
56 602
602 30
30 54
54 741
741 61
61 479
479 428
428 18
18 485
485 648
648 357
357 401
401 768
768 802
802 721
721 761
761 328
328 419
419 256
256 691
691 143
143 90
90 14
14 625
625 622
622 740
740 435
435 465
465 65
65 122
122 323
323 120
120 507
507 311
311 437
437 175
175 333
333 393
393 634
634 591
591 153
153 274
274 11
11 658
658 100
100 674
674 63
63 491
491 139
139 743
743 523
523 441
441 656
656 26
26 62
62 530
530 418
418 108
108 414
414 194
194 810
810 820
820 425
425 44
44 75
75 69
69 162
162 504
504 581
581 690
690 86
86 694
694 785
785 6
6 480
480 525
525 192
192 361
361 245
245 350
350 48
48 265
265 766
766 301
301 67
67 750
750 676
676 472
472 502
502 461
461 220
220 623
623 765
765 384
384 296
296 649
649 31
31 704
704 759
759 533
533 343
343 492
492 423
423 760
760 451
451 225
225 731
731 703
703 569
569 331
331 829
829 805
805 315
315 134
134 653
653 541
541 566
566 621
621 772
772 123
123 669
669 8
8 789
789 253
253 565
565 702
702 292
292 538
538 539
539 742
742 449
449 107
107 131
131 155
155 322
322 240
240 463
463 429
429 568
568 205
205 297
297 764
764 377
377 369
369 93
93 778
778 273
273 659
659 720
720 777
777 73
73 366
366 806
806 164
164 178
178 259
466 137
627 38
772 135
360 77
410 357
710 685
613 66
433 800
203 461
665 170
675 537
596 539
226 788
789 89
734 10
614 141
621 159
483 84
141 494
142 109
654 19
121 774
358 26
302 142
752 712
175 594
609 133
721 341
458 221
234 546
192 303
696 624
215 274
514 80
45 707
99 566
427 617
339 544
476 229
652 551
637 413
20 316
795 773
742 388
642 540
364 711
223 310
797 374
711 628
456 728
449 829
772 593
620 720
675 401
650 318
236 493
97 242
48 826
442 186
691 394
141 692
420 340
775 103
422 206
580 664
379 820
105 615
647 662
69 729
606 768
130 331
309 647
773 231
637 172
581 604
581 19
459 41
85 827
205 366
651 636
22 516
827 204
321 40
785 744
6 385
798 8
442 325
612 326
642 769
150 148
127 259
438 575
672 69
25 783
698 636
769 671
590 258
255 28
452 239
331 488
658 291
522 328
651 147
503 219
793 824
787 652
423 136
802 715
135 163
542 767
199 251
275 611
283 548
566 427
753 219
567 446
65 560
83 570
488 429
228 544
796 244
753 235
581 357
534 37
33 540
196 625
20 345
245 434
619 483
386 387
294 654
720 663
252 114
224 301
174 384
673 316
808 614
375 310
491 416
136 72
446 1
470 458
102 572
276 823
391 501
806 666
361 165
150 533
800 210
823 549
547 553
552 170
500 334
300 462
212 438
35 343
207 10
110 473
247 499
810 178
758 647
350 537
646 360
471 665
478 735
1 399
35 55
703 51
790 256
312 168
814 338
423 357
343 764
372 274
198 559
169 490
823 523
166 820
190 52
308 509
123 327
469 148
775 405
262 787
381 383
95 473
705 442
742 534
209 571
203 478
599 409
469 822
313 396
708 58
246 591
723 245
494 789
142 443
83 780
645 457
553 448
270 161
404 291
645 153
437 818
669 810
336 139
251 0
736 72
109 190
515 785
0 570
693 500
595 239
120 93
751 23
365 234
389 306
382 611
271 363
760 195
828 392
376 86
182 504
326 634
486 169
177 307
303 579
281 628
594 150
196 772
450 602
652 679
456 596
758 755
610 279
495 699
540 491
457 736
815 504
91 496
305 309
64 639
452 359
190 637
438 673
801 546
501 415
130 724
603 192
253 792
49 797
179 137
478 828
16 26
376 623
797 307
183 412
697 349
428 306
289 42
410 657
527 490
11 249
189 214
616 667
627 166
641 746
198 359
22 635
428 774
84 550
633 525
471 782
257 465
502 167
680 345
811 687
609 423
400 101
792 82
546 271
500 343
768 122
178 361
736 671
384 113
207 80
80 792
31 206
372 126
238 758
45 237
294 236
789 151
282 165
682 66
256 612
95 477
472 654
707 401
684 481
145 253
540 121
574 279
173 402
298 568
312 221
63 456
66 288
352 201
691 513
486 160
411 344
318 143
479 259
387 748
231 818
675 475
706 336
73 253
184 162
231 77
72 157
418 818
512 726
629 542
438 462
785 774
354 34
133 231
759 680
26 25
806 642
43 327
401 303
588 231
781 562
465 671
263 665
606 45
805 90
403 513
336 36
608 11
635 427
428 542
393 688
414 332
471 443
346 34
790 166
97 483
662 441
568 757
178 548
531 653
549 612
490 240
370 310
101 737
714 194
228 152
359 711
418 226
431 173
659 378
157 794
557 698
701 431
345 197
654 603
430 137
816 502
663 823
50 261
319 66
190 281
217 280
127 379
768 573
432 432
806 200
526 380
519 752
747 560
496 73
661 154
108 184
114 175
43 577
64 74
542 706
744 283
520 728
726 455
632 95
768 277
212 7
68 39
224 224
570 142
138 627
600 329
737 3
789 327
538 133
9 250
600 189
173 712
357 680
405 276
611 282
35 201
320 465
163 791
47 472
142 761
283 195
204 329
191 691
195 358
273 544
659 482
635 119
705 480
512 161
627 449
69 819
327 184
442 209
315 341
606 46
616 5
377 228
662 237
26 545
216 110
805 775
61 783
6 176
647 210
360 556
346 509
75 447
604 651
216 543
5 531
665 829
590 725
2 403
389 381
773 794
471 486
115 549
125 75
553 400
149 782
254 241
572 242
691 576
40 172
290 360
89 790
295 323
785 470
595 432
563 681
743 196
79 342
129 259
663 348
602 350
129 413
27 185
523 411
236 131
50 537
58 172
391 654
77 664
249 301
806 567
257 722
203 806
330 418
602 108
218 261
131 381
426 333
513 50
813 169
496 447
285 347
432 798
560 558
661 176
164 15
342 432
710 355
739 381
798 720
794 333
427 348
379 576
218 77
737 95
533 414
433 705
228 533
787 97
260 291
550 660
501 83
403 196
294 66
606 128
580 511
309 99
395 413
77 114
557 434
135 823
358 449
687 377
165 409
497 422
38 749
417 457
554 599
542 808
535 346
722 565
6 72
422 508
431 6
678 695
689 586
512 682
439 584
486 54
644 501
513 753
434 349
9 757
347 776
829 713
331 640
488 609
591 604
335 792
702 86
578 676
24 431
483 269
718 46
385 430
303 751
544 317
304 639
816 193
300 114
683 574
402 29
408 168
343 287
239 354
623 177
208 189
115 333
26 444
9 368
779 772
419 159
818 660
827 798
282 367
556 371
586 673
531 795
632 528
207 481
138 335
38 46
287 241
146 571
189 595
0 708
135 652
444 707
816 818
373 307
712 729
151 723
701 565
254 365
720 238
573 404
138 716
761 413
492 392
129 125
84 53
638 170
0 565
525 740
214 95
565 20
231 537
467 86
638 522
776 694
520 495
620 780
318 10
103 255
147 76
717 770
70 243
350 417
717 420
132 775
398 196
47 674
785 712
407 683
750 637
388 351
749 784
747 116
617 219
31 88
795 804
287 56
552 442
270 620
23 101
621 223
42 410
764 541
229 129
598 195
106 392
32 161
744 15
178 275
259 604
577 372
517 6
297 175
370 729
112 449
658 427
47 388
33 702
132 745
375 358
385 757
693 705
43 532
355 456
700 598
56 29
543 639
22 402
581 655
129 58
227 28
602 254
85 419
106 414
826 641
42 586
490 242
479 157
229 110
486 125
740 617
179 290
39 251
563 678
301 229
176 726
225 171
351 289
78 149
160 579
10 823
675 169
681 739
122 821
582 95
252 555
183 587
814 604
217 73
311 576
24 701
276 572
256 64
85 385
146 752
403 263
605 280
352 574
769 670
265 784
659 757
715 336
259 802
179 800
796 76
240 291
412 229
503 249
582 70
616 490
322 401
303 395
812 695
767 602
427 159
545 795
774 4
759 397
783 752
434 452
372 80
123 806
188 569
432 561
651 41
194 69
240 146
730 534
472 466
347 397
741 753
439 175
391 276
472 410
451 646
485 57
607 648
132 343
687 408
790 624
50 210
749 688
465 81
40 38
492 260
765 681
786 318
530 122
141 462
706 146
259 38
249 475
24 782
796 491
322 414
394 34
679 414
273 802
583 140
733 556
413 182
46 540
100 568
414 222
156 790
4 297
51 293
542 419
672 262
343 510
92 21
373 480
519 175
140 30
732 365
126 229
380 82
168 553
337 33
19 186
120 98
424 415
357 338
0 391
785 780
437 381
352 614
627 32
40 523
230 376
203 287
686 682
537 418
249 429
328 587
304 501
702 274
808 568
16 161
408 170
11 171
781 668
118 570
723 650
633 535
510 521
511 61
75 307
326 688
30 31
412 699
702 573
732 521
483 14
598 352
437 624
630 338
481 517
797 345
769 574
334 433
201 133
734 557
101 203
111 16
584 545
403 304
115 323
621 195
501 152
397 499
173 505
20 265
119 592
318 691
749 555
354 213
198 689
487 287
492 123
451 247
572 228
803 616
177 409
770 823
767 117
137 276
179 484
295 220
618 507
168 330
142 472
523 157
43 60
376 16
382 27
403 355
814 636
575 812
399 325
301 175
287 5
325 272
745 387
20 34
612 425
713 113
633 652
545 206
820 98
135 314
541 113
306 552
330 810
258 272
577 284
36 798
709 578
615 278
683 349
228 413
730 616
276 64
16 506
56 209
13 578
615 561
246 701
10 457
625 608
192 407
291 347
490 347
702 477
61 319
72 768
699 86
269 784
560 264
375 515
750 539
332 172
782 594
544 35
431 599
308 259
586 666
107 139
689 666
179 688
128 479
817 745
723 643
794 75
477 570
451 714
191 358
609 196
577 331
189 134
211 398
792 751
591 699
519 165
468 714
754 124
446 309
103 695
778 655
474 207
320 22
812 240
682 431
729 113
449 324
227 25
677 213
364 284
214 126
648 665
722 821
492 482
309 364
698 402
112 184
244 634
49 373
335 676
663 88
157 725
564 216
487 212
95 707
468 53
295 161
472 717
455 114
20 464
418 798
5 615
318 16
557 471
506 530
517 25
607 388
273 566
208 514
31 771
521 517
658 427
338 165
418 721
716 22
120 454
455 5
684 75
486 298
629 346
217 150
57 616
627 698
369 626
502 452
469 103
491 707
84 340
526 528
303 774
238 256
666 305
543 143
781 622
433 23
498 192
675 278
195 544
46 686
172 166
480 470
629 253
386 270
644 361
104 533
435 201
525 305
446 571
804 605
392 256
308 732
3 42
42 354
368 714
529 391
107 622
83 749
394 294
342 514
596 387
280 301
317 573
69 572
318 450
568 579
71 168
604 135
302 400
657 187
777 646
333 618
704 818
250 318
484 815
603 404
649 63
544 606
48 381
532 349
624 551
237 492
552 88
581 204
327 616
489 306
298 278
326 474
348 560
804 333
559 686
349 493
609 380
332 224
180 594
734 629
654 181
428 188
144 560
805 420
778 733
531 348
197 563
500 19
625 68
654 366
510 345
329 540
644 427
288 649
660 747
256 594
453 551
475 197
688 491
145 824
554 721
370 284
24 606
426 622
129 607
12 92
320 274
58 255
260 260
105 490
433 371
338 445
559 145
98 618
103 741
463 755
163 202
647 295
456 164
734 101
500 33
698 90
395 513
194 350
592 304
156 273
697 573
48 575
564 36
821 749
553 771
288 208
696 755
753 786
739 206
436 733
110 410
694 254
466 176
671 438
436 514
746 613
120 544
223 694
13 242
423 131
806 591
320 347
310 659
590 141
800 397
352 609
691 514
820 788
162 483
396 103
504 650
235 131
412 274
816 235
35 234
392 490
651 686
181 448
188 776
480 473
417 774
772 795
530 369
510 216
426 430
282 688
108 12
254 244
335 828
200 502
648 455
92 591
52 328
369 646
486 601
74 29
791 5
212 597
130 366
413 251
97 104
443 50
505 273
734 558
6 271
34 180
644 133
551 570
255 413
42 515
147 280
86 224
73 357
23 451
590 487
473 417
40 94
458 37
234 445
780 10
47 728
621 161
276 483
359 65
173 714
557 61
128 250
405 108
482 209
493 163
705 583
42 132
149 432
340 326
554 168
347 516
370 647
41 85
807 24
204 737
401 743
66 779
746 468
46 716
437 418
133 412
142 250
335 703
712 380
531 433
162 415
590 172
690 34
545 781
462 114
404 705
752 557
393 746
642 807
236 82
318 148
107 761
581 630
217 687
613 481
492 790
77 800
481 578
106 192
57 335
392 137
325 283
772 662
799 748
697 373
441 363
677 171
71 633
30 551
143 763
677 782
747 560
774 474
722 576
201 669
603 476
14 751
792 480
301 482
451 165
137 656
3 394
67 577
484 244
616 810
752 642
622 469
755 752
215 472
378 626
489 653
197 501
409 277
590 418
297 45
339 724
643 80
648 265
815 103
768 671
663 680
436 600
756 59
642 121
370 665
621 39
232 142
27 470
792 545
562 541
394 178
161 593
425 550
175 486
492 344
553 473
344 304
468 554
18 468
617 658
343 784
25 575
175 611
98 332
323 169
263 775
325 258
682 545
214 676
764 673
596 387
62 451
101 171
791 601
193 525
819 396
727 817
199 675
595 552
53 344
30 766
411 126
158 383
324 199
183 560
87 251
289 333
453 797
307 38
825 49
740 395
734 818
64 571
313 45
262 213
783 711
442 483
525 649
429 776
313 464
347 669
556 732
128 710
712 84
186 426
727 189
715 319
716 375
823 52
546 346
526 95
48 155
701 270
314 198
112 723
36 51
246 331
587 511
627 566
209 779
323 550
773 708
714 29
204 331
531 442
82 287
4 655
105 804
540 547
16 627
291 44
163 782
422 350
140 561
390 753
352 568
771 211
460 490
125 761
592 633
798 201
191 732
44 508
520 764
89 166
18 479
715 563
652 62
373 476
154 69
825 821
785 110
513 105
287 822
633 381
805 381
43 645
647 803
768 37
244 302
784 401
466 87
444 346
321 295
80 330
186 393
812 157
746 768
549 267
273 40
824 89
434 85
425 406
177 271
56 628
5 192
376 219
534 612
414 329
396 247
229 618
652 363
481 208
121 517
757 545
268 661
786 589
812 821
533 198
408 443
276 386
749 630
17 484
431 340
192 113
53 761
199 570
528 315
712 586
65 169
426 415
229 3
818 111
629 461
779 105
578 569
241 535
328 671
344 526
207 675
810 204
817 43
731 569
208 421
391 684
62 178
409 601
567 435
265 747
525 387
151 333
508 551
225 92
790 87
494 45
34 509
264 116
208 757
65 741
646 371
62 345
129 796
575 180
727 196
691 338
41 151
153 550
647 339
636 19
269 586
93 98
729 811
551 350
608 206
120 322
20 114
88 773
422 616
687 708
198 722
489 506
786 15
86 386
140 31
327 7
580 696
740 626
251 630
610 662
528 716
85 632
358 258
389 196
338 142
640 237
171 150
636 521
762 812
464 55
255 410
165 241
754 420
280 522
38 195
534 291
630 534
455 443
62 824
253 393
422 691
791 89
343 407
703 141
320 322
554 430
462 686
272 542
76 222
510 110
533 306
170 91
618 116
346 702
785 261
634 81
335 807
600 173
64 488
721 654
706 177
471 503
540 110
85 5
191 674
821 612
736 141
272 619
226 260
802 785
190 524
696 342
645 298
253 737
496 84
333 292
259 248
531 135
809 685
239 477
308 671
490 508
115 470
145 47
705 361
817 45
604 257
382 92
701 718
314 486
634 479
609 380
684 821
435 720
829 97
164 274
349 683
275 118
723 617
65 599
5 23
418 257
745 506
328 26
365 537
298 428
776 717
577 426
117 382
812 503
663 589
134 47
9 725
298 80
790 42
184 374
416 398
306 703
316 515
66 448
218 444
90 509
99 203
679 217
789 681
235 541
490 778
591 511
488 66
597 662
56 531
550 592
694 569
547 700
150 385
680 711
686 258
751 478
744 165
597 79
239 772
816 100
399 218
102 598
733 782
652 259
83 269
608 583
139 605
299 198
605 523
427 259
552 472
312 501
313 64
124 20
622 323
820 654
130 739
364 688
612 571
490 142
396 175
619 109
542 514
726 727
158 431
462 340
81 69
386 174
53 612
282 316
446 374
359 487
292 135
338 23
757 82
631 805
71 620
562 250
159 284
703 105
142 520
714 487
287 220
711 64
515 610
522 462
650 260
744 237
253 484
763 274
20 70
355 89
372 252
368 52
558 451
235 610
411 789
27 664
47 392
781 633
567 814
122 530
410 157
813 647
176 748
425 628
597 618
594 266
367 161
374 729
270 734
166 229
523 414
768 598
277 347
822 267
92 79
18 203
251 250
718 48
774 815
226 688
796 769
644 620
430 8
15 206
33 354
573 823
557 703
35 601
89 77
362 559
718 477
252 360
465 399
726 55
745 776
567 728
674 379
272 653
85 708
508 815
266 285
570 404
790 207
93 449
374 131
268 47
151 207
543 483
203 300
133 332
797 153
629 399
633 101
660 73
745 717
165 375
542 319
90 95
740 364
491 361
196 604
352 370
368 148
808 171
194 395
476 758
799 464
445 763
364 81
513 73
42 131
36 451
428 471
43 112
132 170
826 600
368 414
214 565
537 98
24 615
305 478
176 8
566 40
632 705
336 228
573 736
46 579
179 310
457 410
364 475
732 699
49 10
816 560
707 214
600 422
663 223
234 774
186 149
778 261
462 529
453 319
613 340
378 373
609 124
771 698
396 468
803 434
696 717
758 164
812 720
304 727
503 766
507 521
189 747
277 191
638 657
6 28
418 539
611 337
290 290
379 795
318 433
194 265
341 476
22 565
594 739
159 244
410 570
150 413
656 571
718 716
526 118
251 513
477 1
620 161
255 536
639 307
372 434
602 434
778 472
637 489
675 462
150 585
249 19
210 687
580 130
61 385
250 559
630 694
246 76
810 92
667 342
218 409
107 16
26 61
152 13
821 149
533 352
735 120
218 788
226 670
670 180
421 643
699 588
749 390
332 549
349 761
513 462
528 596
355 221
779 389
221 96
665 375
48 159
699 16
556 273
356 227
70 36
361 367
796 712
146 712
482 367
499 466
508 43
188 396
670 418
826 722
392 614
664 288
95 550
193 495
685 478
457 432
483 404
133 124
38 696
528 649
324 689
507 603
122 767
76 456
267 172
136 821
75 642
104 561
415 141
148 540
590 338
415 448
482 529
489 478
76 201
163 464
767 798
213 683
94 658
422 411
358 124
767 362
177 192
127 568
632 369
142 241
182 79
205 414
236 194
356 538
25 644
421 285
653 187
404 379
155 410
8 112
349 242
481 683
670 153
690 645
13 778
46 369
651 175
198 85
189 669
120 241
804 789
516 469
687 671
44 819
659 708
814 268
350 321
746 210
421 754
511 739
672 17
259 362
528 425
626 226
764 221
665 552
39 698
124 779
321 489
60 47
648 459
301 85
701 538
679 36
137 396
797 155
203 39
267 664
471 202
319 437
563 680
771 475
43 198
590 235
41 207
655 161
134 197
287 301
486 111
44 137
73 633
54 632
403 372
354 525
312 85
185 352
701 375
265 577
698 499
634 206
429 483
559 429
795 691
570 722
114 101
510 630
420 103
707 554
769 418
221 768
469 157
615 101
666 182
299 507
502 589
646 344
487 808
443 93
577 535
399 289
797 392
648 748
98 24
248 802
41 372
477 545
202 601
574 527
61 437
645 510
166 31
473 726
652 424
793 537
406 9
724 489
190 190
27 37
774 746
263 778
374 128
622 783
253 696
553 161
334 624
364 467
682 703
401 345
7 729
551 520
140 268
58 700
686 795
396 792
414 531
439 621
678 143
372 623
373 775
571 641
803 704
774 400
404 440
798 443
807 26
307 260
32 194
86 359
7 148
453 46
337 543
789 605
406 124
581 534
434 315
205 26
792 299
596 436
681 427
204 312
155 571
72 84
457 650
632 262
257 15
816 773
351 180
402 223
323 616
189 771
764 768
739 321
368 822
462 755
498 776
328 148
566 382
580 328
716 553
749 728
521 499
481 667
229 174
487 818
496 196
255 575
36 217
827 548
611 753
372 335
425 67
292 485
258 563
218 324
56 824
668 240
526 54
298 576
484 277
103 197
327 225
106 560
728 677
43 171
374 399
411 302
148 230
765 239
384 747
449 721
594 773
590 633
280 417
780 230
734 306
526 386
722 210
94 22
316 623
442 203
115 285
796 334
569 82
551 5
250 669
162 386
214 571
108 547
746 687
320 740
157 13
352 191
383 706
277 669
677 235
432 543
105 587
827 411
581 729
617 56
473 695
447 452
301 95
755 509
336 288
48 676
209 416
376 642
60 298
295 228
565 439
363 814
174 66
544 525
664 552
381 622
267 90
464 21
497 419
707 257
16 99
326 157
815 165
698 40
79 729
194 502
69 340
305 800
610 334
248 564
627 241
454 385
811 410
422 70
649 246
111 75
749 800
347 825
829 65
258 174
368 137
447 52
815 243
572 360
661 303
200 250
91 118
371 148
385 583
178 581
116 746
198 674
361 546
459 593
176 462
130 58
170 197
229 163
607 652
746 333
408 632
551 405
275 688
434 400
778 118
434 463
691 468
274 419
352 500
656 182
492 645
804 656
380 495
420 117
534 822
447 772
497 601
76 470
583 521
567 280
814 319
715 133
223 366
761 268
637 645
611 145
161 504
512 37
519 44
753 285
575 743
120 568
126 542
487 107
774 397
749 728
475 503
722 426
746 30
604 753
360 192
829 107
772 173
233 296
167 362
98 751
799 401
142 134
470 566
417 84
667 240
581 148
740 361
487 813
120 698
426 740
210 488
602 645
253 247
59 737
345 739
534 109
753 360
689 198
623 18
532 529
78 6
775 645
104 418
736 483
339 241
643 292
72 649
179 340
515 731
567 153
715 326
573 740
100 127
618 134
172 599
725 9
460 207
358 39
33 31
641 689
383 456
667 172
485 287
162 151
19 189
370 266
400 164
126 300
107 615
453 673
29 626
298 349
41 158
255 610
370 25
273 25
75 1
770 636
417 673
639 137
221 326
828 668
135 358
530 776
668 449
552 765
226 389
396 210
749 479
290 802
797 276
41 341
755 469
233 340
101 432
332 460
375 136
771 457
299 504
136 486
336 238
151 763
786 734
105 645
648 382
404 604
268 139
280 559
111 783
740 772
235 535
461 665
785 613
576 486
266 87
598 796
50 397
199 391
78 702
523 408
651 763
376 55
8 455
537 183
231 222
533 146
122 617
117 233
583 592
390 437
67 166
597 81
641 337
599 267
71 776
638 732
81 560
748 438
147 310
153 104
336 252
194 137
119 215
321 43
495 828
171 607
55 354
433 733
350 428
532 81
339 221
645 189
607 462
95 502
371 699
394 761
53 286
541 539
669 187
610 159
769 393
560 306
421 266
552 609
275 329
580 218
483 449
127 527
3 675
222 701
56 183
671 651
6 508
502 23
44 446
409 293
342 718
416 3
248 249
322 562
569 112
395 486
237 691
758 366
423 664
553 213
673 612
306 448
200 720
278 807
183 40
246 463
535 685
722 519
119 326
298 359
135 93
670 464
494 172
96 539
503 215
388 812
385 639
815 110
674 363
238 404
237 191
428 550
536 228
444 224
512 93
388 483
103 713
636 116
329 287
310 815
578 740
339 768
493 678
222 773
530 601
19 515
77 546
83 628
714 579
589 291
139 652
668 189
295 598
294 772
480 130
211 330
476 297
664 1
72 291
720 335
525 394
483 723
255 171
693 22
774 341
711 285
404 326
205 52
755 269
805 268
319 54
661 469
485 506
623 238
536 814
535 394
266 244
163 482
285 620
786 204
122 480
91 596
557 360
615 290
99 500
784 79
209 416
751 558
541 321
343 691
560 97
336 92
427 416
509 344
56 598
610 748
168 813
783 535
595 554
377 773
505 107
590 640
155 73
238 176
385 599
347 696
30 825
64 293
789 772
754 329
55 561
421 0
713 98
334 11
276 471
160 447
163 77
21 104
514 740
109 123
88 715
53 673
807 331
201 402
739 688
304 480
308 26
281 488
113 118
588 451
588 720
821 352
271 599
368 131
759 185
153 246
575 208
602 608
272 761
389 34
624 795
603 335
534 303
468 245
801 713
271 90
46 94
47 619
102 447
198 821
295 489
151 440
484 128
510 62
167 378
175 510
659 754
58 275
307 426
734 710
27 717
516 209
451 814
191 588
648 83
815 652
667 153
512 303
744 265
496 210
443 648
583 742
811 526
778 491
50 751
816 779
669 400
56 18
284 809
580 455
799 476
759 644
308 176
489 373
649 257
581 766
267 695
106 75
126 704
100 312
546 35
278 688
28 690
230 218
634 628
271 617
105 534
645 74
525 200
776 412
313 739
575 242
486 299
720 121
115 87
452 403
698 620
523 267
588 813
644 300
433 623
762 696
355 726
203 585
512 159
10 626
767 304
410 434
610 808
29 339
496 409
440 94
645 161
9 460
110 5
397 38
711 799
263 502
699 189
457 4
175 342
728 546
828 610
369 698
663 596
422 768
41 188
653 439
558 53
82 310
232 576
714 52
37 418
203 707
380 662
2 296
305 264
777 167
386 793
353 52
432 532
15 204
338 272
112 544
531 817
408 167
155 131
475 177
685 802
297 756
630 11
714 124
78 521
515 188
313 55
144 305
702 103
503 803
259 204
660 770
134 550
471 260
360 817
517 374
595 413
642 543
495 87
519 551
587 729
746 240
200 760
319 607
640 372
778 724
228 34
654 229
636 791
820 484
624 356
444 567
256 459
19 478
307 369
732 696
816 519
683 206
492 0
706 539
497 426
523 258
635 402
339 609
439 11
401 675
303 282
234 43
408 134
100 423
516 699
704 374
402 562
760 629
563 699
436 176
51 11
304 540
345 62
366 220
630 305
606 340
811 478
822 697
285 15
349 624
24 349
355 325
444 634
79 296
327 658
607 609
619 464
593 316
471 671
376 708
158 720
625 94
407 186
578 808
625 284
806 382
258 590
11 548
518 759
713 668
271 36
778 710
427 590
42 5
622 746
583 86
4 72
476 486
51 776
398 144
479 489
107 415
193 624
307 724
564 17
238 157
57 741
338 73
283 52
717 682
41 302
133 437
676 277
122 558
370 398
36 570
314 352
556 78
225 248
341 352
232 556
274 646
450 405
514 114
14 453
577 741
667 442
14 298
727 551
562 260
418 328
318 231
72 247
272 712
458 644
288 185
668 389
22 164
165 714
694 632
97 550
340 375
8 396
155 57
5 520
652 144
663 74
365 194
779 485
435 40
200 572
444 199
223 480
50 136
475 50
644 35
198 552
2 157
380 659
355 625
353 402
543 231
709 128
591 579
390 470
818 112
401 494
545 482
294 147
290 789
14 231
478 776
128 103
349 695
270 497
263 495
209 437
318 351
195 455
609 51
815 667
280 627
654 646
683 705
806 629
42 802
210 675
302 237
543 216
746 820
580 256
93 128
731 370
148 402
662 303
808 805
485 547
136 446
354 155
5 383
708 138
464 180
651 687
401 301
447 82
424 481
742 511
380 281
634 173
339 241
498 353
147 82
591 144
647 131
825 256
357 793
580 449
266 8
476 177
442 261
683 698
787 219
590 219
152 274
807 783
256 660
703 214
489 501
787 172
616 410
200 493
117 476
691 93
459 629
818 412
26 661
537 67
560 695
684 266
313 662
57 336
65 215
420 785
303 90
413 565
117 541
134 299
545 185
172 413
590 649
264 665
602 463
470 785
310 405
177 109
814 566
183 731
196 475
743 99
581 354
29 389
295 659
478 540
792 375
198 583
658 728
450 2
413 333
638 597
724 706
141 632
40 272
210 807
517 292
694 232
317 2
492 49
102 432
639 313
211 413
475 595
635 784
279 437
647 579
328 625
406 567
534 39
182 126
824 603
46 0
38 710
433 315
416 271
790 376
61 107
791 687
633 630
137 192
714 829
403 605
782 377
360 17
762 362
196 95
307 636
576 525
730 799
270 407
28 445
55 60
705 116
460 324
487 528
619 146
175 157
595 801
94 44
336 292
165 747
270 735
443 672
53 592
289 19
58 566
824 114
804 102
449 155
330 427
800 755
158 615
94 191
461 48
382 411
14 273
759 317
74 308
725 27
108 190
378 283
825 588
387 794
286 435
366 332
310 337
659 669
327 562
667 322
24 351
761 599
513 43
62 545
229 197
187 54
183 260
262 797
298 91
300 387
172 543
529 544
511 444
517 725
697 774
239 533
429 490
451 233
619 763
257 669
469 447
808 210
786 143
69 505
465 89
272 795
691 689
535 54
586 413
374 760
671 551
269 623
488 242
268 656
63 60
341 277
194 240
123 323
443 780
664 222
680 434
306 703
567 277
743 776
590 160
449 420
405 195
141 829
477 294
602 802
615 805
545 695
682 492
541 260
323 90
422 453
818 399
21 83
341 140
682 580
779 468
509 1
249 652
44 28
755 151
605 202
201 629
125 483
636 424
358 649
190 228
62 157
571 130
145 314
19 458
676 181
374 319
287 782
177 508
10 267
582 477
81 750
300 166
53 739
615 339
139 223
101 300
365 752
170 508
35 536
522 574
621 199
229 168
397 547
199 377
394 521
636 780
72 508
804 302
158 113
273 94
39 334
95 819
573 750
789 301
823 288
373 577
406 344
322 88
425 226
389 627
310 188
531 348
448 37
118 827
825 119
316 749
341 262
149 325
670 631
109 450
496 737
344 679
109 509
496 704
284 146
587 139
26 531
508 719
540 642
283 427
285 667
204 644
672 13
186 315
510 82
181 279
726 744
19 571
165 678
316 530
88 632
546 760
611 49
510 806
173 803
167 292
199 395
486 273
44 16
231 65
473 264
445 612
421 548
63 712
94 261
465 526
260 64
103 238
194 38
357 535
541 358
437 499
6 31
32 143
154 611
525 533
671 132
247 340
117 30
326 620
669 813
241 592
802 454
281 533
130 713
733 347
746 730
347 480
802 446
228 696
124 387
427 348
96 555
746 443
245 512
122 380
828 504
578 201
493 725
397 156
575 380
606 94
174 151
493 314
593 508
736 568
66 248
118 644
449 284
222 86
416 675
692 759
330 584
489 145
190 325
650 309
129 508
748 101
820 737
393 564
313 789
10 31
574 336
26 358
128 824
812 644
707 611
317 126
118 524
507 353
186 280
714 590
643 257
744 122
788 425
756 546
157 548
562 426
137 269
482 766
123 175
285 742
25 564
686 694
183 441
190 307
679 234
600 76
437 747
211 481
552 778
402 605
458 771
437 52
417 611
305 537
154 634
150 803
617 820
69 632
57 342
543 153
132 89
590 104
772 595
509 469
733 191
691 397
462 113
378 460
228 211
746 671
189 740
128 150
5 526
484 635
239 248
54 4
204 572
110 224
81 741
475 658
140 728
351 232
776 758
560 303
509 137
756 97
306 629
97 139
764 154
606 393
478 624
242 464
502 41
478 727
568 558
45 561
807 203
110 702
560 255
86 311
677 433
465 645
777 93
101 381
798 190
178 536
770 407
332 97
506 704
582 773
426 284
172 151
396 273
172 84
616 220
378 790
331 519
13 21
57 603
457 598
303 652
680 148
766 615
787 636
543 621
472 275
377 380
481 414
138 810
391 599
534 600
405 101