840
4199
0,
1,
2,
3,
4,
5,
6,
7,
8,
9,
10,
11,
12,
13,
14,
15,
16,
17,
18,
19,
20,
21,
22,
23,
24,
25,
26,
27,
28,
29,
30,
31,
32,
33,
34,
35,
36,
37,
38,
39,
40,
41,
42,
43,
44,
45,
46,
47,
48,
49,
50,
51,
52,
53,
54,
55,
56,
57,
58,
59,
60,
61,
62,
63,
64,
65,
66,
67,
68,
69,
70,
71,
72,
73,
74,
75,
76,
77,
78,
79,
80,
81,
82,
83,
84,
85,
86,
87,
88,
89,
90,
91,
92,
93,
94,
95,
96,
97,
98,
99,
100,
101,
102,
103,
104,
105,
106,
107,
108,
109,
110,
111,
112,
113,
114,
115,
116,
117,
118,
119,
120,
121,
122,
123,
124,
125,
126,
127,
128,
129,
130,
131,
132,
133,
134,
135,
136,
137,
138,
139,
140,
141,
142,
143,
144,
145,
146,
147,
148,
149,
150,
151,
152,
153,
154,
155,
156,
157,
158,
159,
160,
161,
162,
163,
164,
165,
166,
167,
168,
169,
170,
171,
172,
173,
174,
175,
176,
177,
178,
179,
180,
181,
182,
183,
184,
185,
186,
187,
188,
189,
190,
191,
192,
193,
194,
195,
196,
197,
198,
199,
200,
201,
202,
203,
204,
205,
206,
207,
208,
209,
210,
211,
212,
213,
214,
215,
216,
217,
218,
219,
220,
221,
222,
223,
224,
225,
226,
227,
228,
229,
230,
231,
232,
233,
234,
235,
236,
237,
238,
239,
240,
241,
242,
243,
244,
245,
246,
247,
248,
249,
250,
251,
252,
253,
254,
255,
256,
257,
258,
259,
260,
261,
262,
263,
264,
265,
266,
267,
268,
269,
270,
271,
272,
273,
274,
275,
276,
277,
278,
279,
280,
281,
282,
283,
284,
285,
286,
287,
288,
289,
290,
291,
292,
293,
294,
295,
296,
297,
298,
299,
300,
301,
302,
303,
304,
305,
306,
307,
308,
309,
310,
311,
312,
313,
314,
315,
316,
317,
318,
319,
320,
321,
322,
323,
324,
325,
326,
327,
328,
329,
330,
331,
332,
333,
334,
335,
336,
337,
338,
339,
340,
341,
342,
343,
344,
345,
346,
347,
348,
349,
350,
351,
352,
353,
354,
355,
356,
357,
358,
359,
360,
361,
362,
363,
364,
365,
366,
367,
368,
369,
370,
371,
372,
373,
374,
375,
376,
377,
378,
379,
380,
381,
382,
383,
384,
385,
386,
387,
388,
389,
390,
391,
392,
393,
394,
395,
396,
397,
398,
399,
400,
401,
402,
403,
404,
405,
406,
407,
408,
409,
410,
411,
412,
413,
414,
415,
416,
417,
418,
419,
420,
421,
422,
423,
424,
425,
426,
427,
428,
429,
430,
431,
432,
433,
434,
435,
436,
437,
438,
439,
440,
441,
442,
443,
444,
445,
446,
447,
448,
449,
450,
451,
452,
453,
454,
455,
456,
457,
458,
459,
460,
461,
462,
463,
464,
465,
466,
467,
468,
469,
470,
471,
472,
473,
474,
475,
476,
477,
478,
479,
480,
481,
482,
483,
484,
485,
486,
487,
488,
489,
490,
491,
492,
493,
494,
495,
496,
497,
498,
499,
500,
501,
502,
503,
504,
505,
506,
507,
508,
509,
510,
511,
512,
513,
514,
515,
516,
517,
518,
519,
520,
521,
522,
523,
524,
525,
526,
527,
528,
529,
530,
531,
532,
533,
534,
535,
536,
537,
538,
539,
540,
541,
542,
543,
544,
545,
546,
547,
548,
549,
550,
551,
552,
553,
554,
555,
556,
557,
558,
559,
560,
561,
562,
563,
564,
565,
566,
567,
568,
569,
570,
571,
572,
573,
574,
575,
576,
577,
578,
579,
580,
581,
582,
583,
584,
585,
586,
587,
588,
589,
590,
591,
592,
593,
594,
595,
596,
597,
598,
599,
600,
601,
602,
603,
604,
605,
606,
607,
608,
609,
610,
611,
612,
613,
614,
615,
616,
617,
618,
619,
620,
621,
622,
623,
624,
625,
626,
627,
628,
629,
630,
631,
632,
633,
634,
635,
636,
637,
638,
639,
640,
641,
642,
643,
644,
645,
646,
647,
648,
649,
650,
651,
652,
653,
654,
655,
656,
657,
658,
659,
660,
661,
662,
663,
664,
665,
666,
667,
668,
669,
670,
671,
672,
673,
674,
675,
676,
677,
678,
679,
680,
681,
682,
683,
684,
685,
686,
687,
688,
689,
690,
691,
692,
693,
694,
695,
696,
697,
698,
699,
700,
701,
702,
703,
704,
705,
706,
707,
708,
709,
710,
711,
712,
713,
714,
715,
716,
717,
718,
719,
720,
721,
722,
723,
724,
725,
726,
727,
728,
729,
730,
731,
732,
733,
734,
735,
736,
737,
738,
739,
740,
741,
742,
743,
744,
745,
746,
747,
748,
749,
750,
751,
752,
753,
754,
755,
756,
757,
758,
759,
760,
761,
762,
763,
764,
765,
766,
767,
768,
769,
770,
771,
772,
773,
774,
775,
776,
777,
778,
779,
780,
781,
782,
783,
784,
785,
786,
787,
788,
789,
790,
791,
792,
793,
794,
795,
796,
797,
798,
799,
800,
801,
802,
803,
804,
805,
806,
807,
808,
809,
810,
811,
812,
813,
814,
815,
816,
817,
818,
819,
820,
821,
822,
823,
824,
825,
826,
827,
828,
829,
830,
831,
832,
833,
834,
835,
836,
837,
838,
839
372 402
402 746
746 33
33 77
77 324
324 73
73 700
700 536
536 707
707 672
672 623
623 759
759 381
381 569
569 765
765 629
629 808
808 697
697 313
313 418
418 539
539 180
180 419
419 678
678 81
81 500
500 560
560 592
592 743
743 173
173 506
506 378
378 839
839 653
653 349
349 492
492 704
704 37
37 213
213 17
17 319
319 812
812 458
458 819
819 616
616 438
438 475
475 568
568 206
206 771
771 804
804 517
517 244
244 333
333 799
799 53
53 108
108 131
131 163
163 2
2 23
23 165
165 228
228 186
186 485
485 51
51 719
719 41
41 370
370 658
658 573
573 664
664 74
74 321
321 817
817 789
789 823
823 813
813 289
289 10
10 130
130 288
288 278
278 122
122 251
251 162
162 447
447 219
219 113
113 198
198 231
231 96
96 200
200 673
673 649
649 311
311 580
580 170
170 637
637 493
493 363
363 54
54 374
374 290
290 6
6 369
369 24
24 400
400 432
432 331
331 279
279 642
642 287
287 15
15 570
570 4
4 36
36 97
97 172
172 557
557 524
524 249
249 83
83 690
690 463
463 99
99 13
13 410
410 59
59 406
406 523
523 274
274 98
98 614
614 281
281 328
328 705
705 356
356 666
666 265
265 422
422 820
820 491
491 217
217 174
174 424
424 49
49 470
470 788
788 241
241 211
211 767
767 167
167 674
674 327
327 805
805 770
770 534
534 738
738 486
486 484
484 769
769 749
749 780
780 640
640 595
595 552
552 745
745 482
482 834
834 263
263 546
546 112
112 21
21 632
632 520
520 68
68 540
540 395
395 76
76 187
187 530
530 79
79 529
529 605
605 613
613 397
397 28
28 713
713 483
483 646
646 489
489 598
598 822
822 665
665 597
597 147
147 635
635 114
114 587
587 730
730 30
30 412
412 798
798 455
455 255
255 617
617 467
467 762
762 748
748 556
556 208
208 782
782 376
376 268
268 32
32 480
480 250
250 384
384 416
416 351
351 307
307 20
20 648
648 423
423 80
80 314
314 740
740 448
448 691
691 342
342 760
760 44
44 442
442 7
7 254
254 575
575 453
453 628
628 609
609 65
65 554
554 232
232 495
495 199
199 768
768 175
175 139
139 132
132 89
89 830
830 757
757 323
323 553
553 143
143 226
226 742
742 728
728 814
814 630
630 479
479 341
341 521
521 169
169 216
216 405
405 146
146 435
435 695
695 56
56 660
660 142
142 499
499 75
75 579
579 615
615 497
497 283
283 153
153 477
477 543
543 225
225 67
67 619
619 394
394 359
359 116
116 726
726 452
452 210
210 779
779 325
325 621
621 326
326 571
571 109
109 550
550 764
764 151
151 551
551 90
90 388
388 103
103 511
511 832
832 751
751 304
304 702
702 686
686 714
714 52
52 360
360 301
301 547
547 343
343 414
414 625
625 401
401 42
42 273
273 478
478 562
562 22
22 127
127 194
194 460
460 393
393 358
358 71
71 128
128 25
25 160
160 833
833 681
681 831
831 256
256 505
505 824
824 354
354 481
481 192
192 656
656 62
62 784
784 827
827 610
610 721
721 618
618 456
456 420
420 533
533 297
297 267
267 508
508 340
340 87
87 338
338 364
364 816
816 756
756 829
829 561
561 513
513 176
176 375
375 3
3 425
425 434
434 14
14 5
5 564
564 207
207 95
95 754
754 825
825 272
272 750
750 581
581 189
189 367
367 91
91 488
488 641
641 427
427 368
368 601
601 271
271 725
725 766
766 348
348 366
366 134
134 308
308 264
264 362
362 461
461 100
100 810
810 538
538 652
652 786
786 18
18 382
382 157
157 572
572 773
773 345
345 821
821 243
243 504
504 350
350 514
514 361
361 792
792 596
596 357
357 92
92 159
159 335
335 583
583 800
800 708
708 166
166 502
502 63
63 755
755 137
137 221
221 586
586 379
379 183
183 466
466 626
626 66
66 145
145 161
161 164
164 141
141 155
155 133
133 685
685 433
433 526
526 305
305 684
684 709
709 836
836 806
806 716
716 220
220 82
82 654
654 9
9 237
237 421
421 390
390 724
724 439
439 380
380 320
320 711
711 744
744 807
807 449
449 310
310 584
584 16
16 417
417 443
443 797
797 795
795 329
329 50
50 330
330 158
158 747
747 269
269 150
150 111
111 184
184 316
316 245
245 790
790 276
276 574
574 215
215 774
774 302
302 591
591 512
512 85
85 437
437 26
26 659
659 527
527 776
776 723
723 106
106 69
69 78
78 373
373 12
12 223
223 794
794 802
802 703
703 385
385 487
487 57
57 518
518 1
1 676
676 46
46 126
126 292
292 699
699 687
687 647
647 365
365 286
286 312
312 399
399 298
298 494
494 828
828 476
476 535
535 48
48 259
259 371
371 64
64 318
318 818
818 261
261 474
474 712
712 315
315 193
193 559
559 741
741 578
578 266
266 214
214 772
772 55
55 718
718 58
58 178
178 532
532 188
188 509
509 409
409 555
555 88
88 446
446 190
190 387
387 677
677 516
516 787
787 317
317 761
761 593
593 156
156 734
734 577
577 600
600 582
582 227
227 462
462 785
785 102
102 238
238 519
519 240
240 611
611 777
777 671
671 260
260 501
501 815
815 669
669 270
270 701
701 576
576 179
179 107
107 299
299 195
195 355
355 236
236 436
436 590
590 811
811 135
135 154
154 212
212 783
783 27
27 655
655 60
60 675
675 826
826 404
404 8
8 496
496 246
246 284
284 631
631 693
693 542
542 303
303 257
257 663
663 205
205 451
451 177
177 407
407 567
567 209
209 121
121 585
585 604
604 729
729 682
682 428
428 43
43 440
440 230
230 0
0 144
144 70
70 594
594 408
408 498
498 229
229 415
415 182
182 522
522 29
29 222
222 639
639 19
19 668
668 503
503 588
588 377
377 204
204 203
203 606
606 736
736 643
643 775
775 84
84 507
507 731
731 224
224 733
733 280
280 120
120 722
722 688
688 40
40 386
386 346
346 710
710 294
294 650
650 353
353 510
510 444
444 262
262 661
661 781
781 612
612 835
835 607
607 739
739 104
104 277
277 413
413 218
218 337
337 201
201 531
531 392
392 181
181 473
473 431
431 634
634 696
696 119
119 472
472 793
793 599
599 275
275 322
322 636
636 295
295 791
791 197
197 727
727 38
38 148
148 450
450 47
47 291
291 347
347 168
168 300
300 191
191 645
645 117
117 627
627 293
293 94
94 45
45 465
465 565
565 296
296 758
758 124
124 589
589 528
528 334
334 468
468 336
336 622
622 396
396 464
464 344
344 717
717 101
101 185
185 667
667 233
233 123
123 332
332 171
171 809
809 445
445 801
801 242
242 61
61 662
662 129
129 34
34 558
558 136
136 138
138 689
689 544
544 140
140 471
471 234
234 391
391 196
196 31
31 644
644 115
115 306
306 670
670 763
763 680
680 692
692 752
752 39
39 548
548 837
837 620
620 72
72 651
651 608
608 603
603 715
715 152
152 253
253 352
352 566
566 683
683 411
411 457
457 105
105 247
247 118
118 753
753 638
638 309
309 282
282 537
537 429
429 258
258 778
778 285
285 383
383 454
454 838
838 803
803 549
549 624
624 735
735 679
679 235
235 525
525 86
86 657
657 389
389 796
796 110
110 541
541 694
694 339
339 149
149 248
248 732
732 35
35 633
633 459
459 93
93 441
441 426
426 469
469 515
515 490
490 602
602 545
545 430
430 706
706 202
202 737
737 252
252 698
698 563
563 720
720 403
403 398
398 11
11 125
125 239
789 383
468 638
226 481
641 407
250 104
90 70
479 152
492 393
196 136
784 97
723 493
327 730
258 829
696 568
138 788
158 90
111 534
74 440
773 452
357 690
305 522
311 150
464 802
595 316
750 513
698 540
528 731
320 830
789 137
299 178
770 732
63 152
838 648
643 130
533 759
547 766
712 653
92 494
222 583
176 801
598 64
230 816
671 331
220 444
18 579
136 443
273 246
793 282
58 545
623 189
297 126
651 218
393 407
286 251
760 358
655 162
317 128
656 81
415 22
749 134
44 311
81 548
531 146
361 405
172 387
747 246
65 809
370 157
571 573
487 656
825 24
124 281
486 408
484 76
312 59
683 471
477 747
548 21
288 74
241 697
164 78
304 378
636 679
18 231
729 717
254 374
731 436
621 196
628 379
686 502
754 268
610 534
133 603
118 331
729 737
522 287
358 188
200 288
497 785
704 217
336 709
399 540
55 250
474 399
284 577
2 755
52 588
100 817
592 583
371 636
335 539
713 360
703 150
197 588
532 369
493 415
412 90
63 595
500 350
10 535
69 567
772 246
250 353
634 372
554 21
461 693
17 479
651 18
507 556
527 708
386 599
499 268
83 226
779 742
213 247
525 468
251 824
212 345
243 461
137 57
33 187
265 223
165 769
209 327
462 334
566 275
691 465
387 146
293 720
500 272
228 589
19 35
290 368
371 403
5 467
807 692
324 777
637 655
329 173
662 801
683 774
528 707
452 634
833 81
14 764
9 652
74 180
139 121
463 499
248 711
706 450
213 87
159 121
477 687
99 22
412 488
599 557
105 566
500 413
717 272
473 218
533 257
174 604
464 312
354 178
379 764
249 290
112 229
569 153
506 264
666 89
397 1
259 609
198 38
560 306
370 506
798 622
115 749
418 781
223 612
292 226
675 625
3 476
451 574
623 756
832 150
165 693
266 126
673 735
196 689
113 754
101 788
612 232
720 259
466 445
497 608
219 823
311 147
360 707
331 345
364 504
101 771
359 475
730 30
718 403
323 812
251 172
437 295
192 386
413 573
317 465
520 569
495 264
42 31
23 136
684 648
612 20
181 595
764 33
396 260
511 597
755 109
399 369
347 581
154 740
36 780
134 731
522 225
771 49
705 126
14 443
767 146
659 545
1 740
428 627
195 777
148 807
674 85
815 107
510 834
493 534
37 358
179 584
506 289
248 226
628 554
254 242
565 139
755 52
656 299
589 413
294 729
701 267
768 172
3 77
28 433
814 688
567 45
132 515
675 336
666 465
652 704
354 102
463 745
383 503
601 724
309 549
4 619
401 25
760 459
472 219
611 404
546 548
195 26
703 371
59 632
220 93
115 640
645 35
499 833
826 646
149 298
834 503
459 498
818 175
534 52
95 98
129 422
611 624
734 532
752 347
594 621
546 300
503 204
535 159
140 443
402 306
652 73
555 738
241 666
112 275
833 728
806 422
302 792
451 733
613 679
594 446
825 6
583 463
238 172
251 777
641 527
306 6
223 327
441 221
398 157
816 626
28 165
55 831
181 411
508 453
373 461
333 215
798 223
775 255
328 156
495 240
174 605
573 794
71 768
266 98
781 226
288 621
690 209
345 626
36 416
71 313
64 293
398 237
529 576
38 98
838 340
514 461
497 153
84 696
751 481
306 525
277 735
569 263
516 667
267 241
587 518
468 812
745 432
44 502
79 711
237 653
102 370
159 344
636 597
131 44
539 443
208 488
213 697
799 509
576 787
435 730
658 372
103 480
294 746
154 236
96 192
496 782
563 606
536 593
601 364
345 246
296 66
283 742
123 322
55 340
253 516
374 598
717 215
55 649
431 825
366 817
745 360
193 734
377 111
597 259
771 548
727 749
789 678
825 652
277 323
283 585
557 12
735 773
717 251
4 46
399 545
277 4
376 262
329 225
765 469
191 9
731 35
456 715
572 712
792 558
575 626
137 756
280 98
515 56
781 5
118 296
811 603
718 224
19 780
803 643
487 699
387 563
549 420
255 106
561 93
550 189
482 788
505 120
815 365
766 72
199 556
755 606
292 556
594 316
826 320
122 288
173 525
10 11
751 545
147 598
260 633
244 390
607 204
804 282
380 656
417 700
619 26
631 705
228 654
830 112
558 551
323 246
629 138
345 256
116 380
373 270
715 661
269 437
743 125
210 514
483 498
439 455
401 375
178 284
559 293
536 662
795 468
572 368
44 397
248 6
746 103
542 443
215 453
150 176
500 801
301 334
637 541
173 606
19 295
380 775
23 753
407 174
483 412
327 435
688 384
553 101
152 51
129 664
771 721
273 368
757 721
764 186
762 113
806 700
373 432
253 290
249 789
670 828
343 459
225 824
389 683
548 77
66 312
84 639
378 819
683 712
545 353
290 299
497 454
70 475
525 9
289 791
149 130
107 777
216 591
148 318
649 465
100 759
662 487
727 49
635 760
431 481
520 710
386 685
224 272
141 816
378 501
643 433
634 391
41 555
465 43
453 558
622 723
812 733
18 481
81 810
189 275
826 583
127 358
769 744
59 808
497 10
768 57
823 157
588 283
414 615
761 420
797 69
697 308
483 622
80 717
499 420
415 410
135 139
89 314
538 469
706 732
690 20
371 228
389 722
146 519
469 582
240 745
582 524
368 578
614 810
678 54
345 803
646 357
193 370
74 525
662 308
124 252
467 127
168 569
580 490
806 138
56 401
759 161
674 146
101 654
134 353
504 15
362 122
499 704
79 681
131 37
502 22
12 607
113 371
290 78
824 597
585 277
125 6
304 526
590 833
817 650
663 164
191 291
147 207
496 798
421 285
466 601
502 624
515 319
463 414
411 718
397 201
172 608
493 218
504 458
326 361
730 557
42 505
467 657
118 255
767 291
347 163
155 696
222 134
750 689
726 709
467 434
660 390
269 794
88 151
256 255
764 580
321 93
93 513
274 160
712 123
456 502
351 424
763 628
637 131
520 71
447 781
126 272
456 199
683 217
328 360
75 317
628 328
539 493
546 776
102 344
321 338
289 692
735 508
607 766
415 632
560 609
430 303
63 609
373 65
58 496
243 6
281 585
793 51
195 612
795 432
313 407
270 523
183 367
81 177
236 171
311 776
798 401
653 769
638 411
573 659
444 581
607 528
763 304
708 222
555 826
16 555
87 26
721 124
641 782
124 779
570 329
296 104
487 740
562 233
472 490
785 820
722 464
55 112
40 520
737 75
40 514
625 428
130 490
440 761
815 203
551 425
528 727
768 229
796 467
608 106
780 561
717 786
604 258
691 295
294 787
115 766
803 25
314 155
76 227
318 746
410 172
87 379
558 44
236 79
763 628
207 392
228 76
477 779
624 381
19 736
116 183
155 191
529 57
244 776
643 42
282 806
346 442
45 678
190 756
238 225
135 785
751 650
310 38
580 235
756 204
274 486
63 300
766 86
229 413
7 547
800 740
467 558
497 816
831 564
619 68
747 576
159 566
528 408
56 229
18 457
826 156
767 659
290 555
441 534
23 738
510 91
505 559
443 626
580 167
743 634
375 268
675 510
165 112
314 212
138 499
715 254
121 78
702 155
224 237
382 718
833 246
411 730
712 137
685 320
350 837
292 281
69 528
432 63
443 634
373 314
53 664
359 204
223 521
468 7
276 346
89 24
604 417
135 457
344 205
800 100
769 321
199 151
42 308
566 646
530 624
39 293
123 657
42 613
635 403
64 354
673 113
176 189
792 598
236 586
187 287
166 712
562 325
99 72
371 103
527 285
72 607
665 325
401 522
394 218
644 76
768 305
702 196
303 167
370 678
817 478
512 583
675 213
343 303
24 720
79 616
405 590
709 706
643 314
781 526
640 9
817 72
779 374
790 470
294 688
97 761
32 484
764 55
684 404
551 313
671 126
796 158
790 790
510 243
779 632
570 233
391 670
312 771
10 603
229 467
19 404
800 571
556 584
771 222
101 438
211 288
228 543
549 193
222 385
65 833
1 96
697 188
761 427
553 126
812 546
617 492
610 715
41 231
485 142
493 166
533 291
322 481
355 714
601 374
688 556
353 596
85 240
476 252
240 433
278 634
672 268
369 708
798 466
406 463
629 354
573 148
159 747
793 785
692 805
64 769
214 259
497 496
586 159
643 373
737 213
829 438
504 26
459 572
828 699
229 364
727 294
49 116
762 682
554 720
321 481
598 187
122 14
552 375
213 451
260 722
176 784
790 368
400 718
616 109
527 513
463 830
96 251
258 603
393 763
569 208
333 480
831 835
393 300
470 503
378 129
692 35
274 565
762 806
665 363
211 319
200 650
78 175
467 783
720 440
92 85
514 539
266 814
172 716
664 699
684 487
488 599
669 757
179 416
372 798
67 787
768 809
692 4
541 659
654 702
583 758
45 399
314 393
37 380
727 300
344 764
833 646
628 466
788 531
450 34
316 341
314 347
257 718
352 135
358 77
199 718
417 141
67 497
165 514
733 320
183 818
572 170
704 765
384 779
363 31
178 821
363 166
408 363
461 721
571 306
683 707
786 109
516 238
231 173
792 466
3 119
468 57
569 639
425 670
676 148
36 432
316 138
740 513
330 652
522 380
663 562
420 324
569 266
547 685
225 459
770 239
30 796
732 566
605 580
255 776
69 304
339 611
157 298
797 592
729 120
13 63
461 211
30 592
606 782
393 199
554 123
445 649
219 73
716 83
797 602
587 424
377 609
526 177
146 389
185 825
819 790
405 819
266 403
435 544
105 767
510 103
370 783
388 74
391 479
723 688
778 445
315 726
640 134
306 549
331 593
333 673
9 166
217 1
585 832
75 260
685 44
168 15
136 209
708 427
455 570
671 58
415 305
457 824
665 717
468 557
448 130
673 117
307 702
360 502
249 701
8 50
91 128
706 249
34 537
614 280
694 48
179 350
529 433
264 718
149 444
196 257
470 456
755 141
93 334
395 780
440 564
250 358
532 313
253 481
568 249
654 354
397 557
117 65
778 374
678 394
693 134
311 6
652 265
795 92
521 276
808 32
738 594
499 452
1 476
139 411
12 156
417 583
484 153
481 300
662 465
207 597
815 305
407 670
91 557
289 381
694 313
26 814
36 514
246 752
795 665
446 378
106 234
418 258
397 372
71 27
619 689
809 332
515 838
698 743
556 446
158 524
445 693
790 198
551 529
200 503
450 208
207 388
213 635
776 267
400 814
285 458
358 667
341 371
175 144
154 135
55 114
229 449
306 346
228 160
350 698
5 689
311 8
632 819
572 763
123 556
47 404
826 49
383 307
704 687
554 32
412 44
153 308
21 321
457 227
323 330
151 735
441 514
831 756
668 151
374 62
200 691
678 73
67 706
60 277
314 230
542 744
833 204
103 310
330 331
825 731
329 128
140 89
663 263
761 549
410 556
742 70
392 372
495 238
206 800
790 607
97 145
18 756
542 379
576 556
64 321
265 761
645 541
695 719
293 616
459 73
612 773
789 566
92 603
40 619
6 243
365 523
364 575
161 301
259 743
84 25
74 355
181 530
436 556
481 756
657 435
160 448
491 823
20 276
796 270
370 458
124 324
110 720
379 630
280 319
29 267
715 347
782 165
609 698
34 827
709 383
279 380
640 220
15 336
365 251
686 584
708 418
612 546
604 74
660 556
285 180
589 244
566 822
580 450
536 718
117 410
748 411
34 417
358 570
766 711
557 186
718 181
392 694
756 133
556 512
66 570
103 367
13 208
300 128
817 236
347 815
155 787
587 537
329 828
47 587
751 72
79 47
31 257
795 179
406 443
540 427
778 414
553 732
575 536
497 217
158 64
616 822
546 547
79 530
700 129
315 506
719 636
262 160
147 750
591 565
720 77
329 202
576 530
137 567
654 262
95 403
424 56
159 813
622 24
88 747
757 79
250 791
348 781
602 278
614 7
231 515
108 9
458 179
767 421
835 200
28 22
528 71
107 809
77 551
114 747
378 285
317 175
316 666
110 104
769 763
49 202
178 417
586 63
211 796
99 288
88 365
57 601
781 232
56 468
756 650
10 499
789 727
311 427
522 418
249 491
836 144
391 500
510 607
288 820
96 540
62 101
462 457
436 726
575 728
79 796
468 304
438 467
536 428
259 63
260 707
619 718
255 824
815 336
719 275
406 413
830 345
417 690
415 436
207 162
481 435
339 306
3 594
19 201
230 233
223 529
175 246
68 61
473 832
289 482
383 336
706 808
524 90
358 83
115 545
678 18
7 185
423 424
615 360
391 670
769 311
516 88
423 355
21 799
734 197
717 638
85 384
422 257
705 815
721 83
435 639
158 744
312 589
243 167
649 65
201 740
793 290
114 180
638 615
803 616
221 764
664 771
45 276
372 560
281 53
825 47
461 5
153 418
584 640
645 672
740 467
544 340
674 493
598 96
112 150
41 209
302 94
45 214
115 702
668 379
236 341
567 445
748 393
375 715
464 292
726 827
124 231
498 35
401 578
587 638
7 216
583 368
481 463
720 273
260 717
703 550
309 679
519 313
823 719
340 620
578 225
133 64
788 95
373 34
500 769
565 583
10 372
262 588
582 517
658 312
82 212
134 701
369 166
259 4
668 504
607 382
17 7
384 660
726 740
586 607
509 177
769 734
711 80
232 361
264 701
721 373
620 685
800 640
39 493
476 561
713 612
437 198
433 103
257 476
440 403
189 651
451 193
480 797
430 109
401 800
536 711
50 71
77 614
314 261
814 296
551 49
57 457
499 19
364 35
457 441
616 679
148 708
607 124
770 548
442 607
45 455
773 113
450 282
540 235
744 22
275 624
750 48
99 47
159 557
470 436
592 48
543 475
413 311
247 839
746 603
229 265
783 627
286 557
273 263
52 813
823 581
638 749
410 59
411 618
525 633
715 216
772 798
79 48
454 187
542 62
698 353
662 380
124 686
672 139
694 403
248 112
664 424
602 208
338 199
616 414
801 508
609 124
334 333
293 460
364 753
806 214
470 744
209 232
778 352
392 132
370 786
617 515
626 77
179 616
342 658
539 738
585 192
42 276
173 259
345 381
62 263
74 418
440 320
286 428
177 11
447 242
330 703
514 312
568 245
231 125
87 522
723 761
91 106
83 219
46 42
232 3
440 782
806 709
757 182
462 359
400 257
663 389
725 44
343 468
147 314
355 524
739 729
747 159
396 233
801 674
94 129
266 485
374 18
88 587
620 429
320 602
6 145
751 632
426 732
32 672
279 540
771 133
186 816
369 235
127 129
382 384
336 590
545 766
833 563
194 809
407 361
242 655
424 629
475 390
659 58
193 5
323 698
362 455
436 306
673 303
724 651
291 223
637 748
549 352
822 479
370 654
199 137
105 433
839 717
706 713
807 205
412 27
358 511
833 566
182 221
135 474
401 256
580 638
594 736
738 818
791 452
94 97
79 169
271 524
20 667
571 826
505 62
823 189
65 595
635 221
350 797
651 228
408 573
603 49
207 438
715 611
16 813
305 286
99 110
383 241
178 582
618 149
351 237
296 757
215 475
527 156
704 609
335 78
658 662
403 152
789 177
675 605
651 601
79 753
88 614
461 801
313 479
769 114
206 440
376 117
725 493
658 633
303 99
745 437
152 824
346 756
700 281
832 518
28 674
278 271
264 676
98 159
737 716
18 52
610 295
68 244
330 74
115 97
218 347
623 311
188 243
193 810
148 748
174 583
428 3
155 10
176 205
596 76
448 589
273 762
379 765
467 379
121 112
131 57
515 308
456 704
136 382
430 140
384 787
560 449
579 73
429 307
592 106
113 233
636 705
166 389
361 736
365 600
199 259
627 764
615 681
706 225
745 752
193 568
64 491
707 815
506 488
64 583
522 774
603 362
336 165
378 831
68 75
626 242
422 224
423 190
583 825
126 369
400 682
787 47
731 363
447 2
274 341
478 259
829 328
392 533
738 459
299 384
59 68
497 326
108 805
804 776
742 350
184 270
813 417
736 270
382 132
601 9
17 614
716 327
693 483
560 823
144 448
366 4
294 532
547 11
814 220
796 525
184 11
598 280
220 598
128 217
358 296
239 148
327 639
85 815
21 391
579 167
614 700
230 659
521 75
152 725
308 761
66 621
4 37
677 797
812 98
831 288
608 789
154 668
523 274
618 529
194 165
370 171
668 193
741 377
390 89
777 506
730 555
452 193
239 189
637 772
506 741
37 126
507 529
657 333
590 562
491 298
728 610
801 515
264 675
311 274
838 639
9 619
213 203
727 285
244 565
27 51
541 624
199 812
665 11
143 569
808 542
190 705
517 706
664 686
543 638
597 541
825 90
563 493
595 45
827 770
817 546
711 243
833 72
510 839
166 584
542 133
600 43
441 397
148 84
380 688
377 412
374 836
450 745
173 266
670 482
639 461
4 108
48 537
417 22
757 438
152 726
522 135
647 494
601 623
758 99
639 328
537 331
574 548
238 311
680 36
711 748
694 489
306 131
727 243
261 616
184 148
796 361
603 628
268 116
320 802
610 473
574 763
614 397
388 125
642 807
209 336
239 574
353 504
576 352
145 263
233 664
121 579
198 446
743 174
718 479
565 500
304 51
401 647
838 551
125 20
781 691
534 127
167 195
461 459
524 401
476 529
31 387
305 124
419 424
587 683
568 659
159 445
614 223
629 449
102 361
448 411
729 589
307 579
837 686
52 752
399 661
312 146
345 4
529 34
160 346
35 31
706 383
221 44
495 446
492 278
364 106
776 505
257 539
205 733
547 473
360 240
123 84
94 356
45 718
771 660
640 813
212 363
667 416
98 707
151 751
745 520
635 250
674 207
281 105
504 284
21 781
786 604
47 829
710 36
345 357
680 581
516 299
155 32
391 810
131 302
308 651
575 509
255 774
654 628
60 583
232 657
113 438
765 541
56 408
631 739
602 839
397 541
423 682
187 353
434 151
697 474
568 27
838 122
350 235
506 760
399 57
384 576
838 469
403 602
829 193
221 236
679 54
251 691
394 811
539 327
252 204
593 709
803 734
638 452
614 631
442 134
262 247
738 688
444 140
832 442
309 430
731 287
186 32
759 177
740 385
627 384
112 68
103 607
756 752
829 381
540 627
188 822
261 292
574 357
697 174
799 549
10 725
634 281
170 415
281 685
71 56
499 88
417 566
440 339
266 93
166 460
564 454
753 390
452 276
30 653
265 609
718 279
14 19
49 730
792 706
319 250
145 747
384 52
709 160
686 205
82 573
471 220
762 189
118 641
318 470
669 91
435 261
23 416
74 316
705 307
565 199
491 619
418 689
188 580
178 784
366 647
677 395
739 347
210 692
54 438
773 121
404 481
765 12
367 365
615 705
627 360
752 530
818 463
58 623
698 39
35 56
58 326
492 504
161 711
535 751
630 681
133 179
785 827
313 618
335 641
618 425
219 194
651 369
678 254
759 208
127 416
561 360
4 456
45 643
392 189
634 220
203 558
197 388
136 23
124 464
10 244
494 3
472 775
745 805
615 832
421 205
508 424
244 272
420 611
83 588
136 604
112 655
548 575
354 137
216 243
419 158
591 26
265 609
240 78
60 159
240 70
306 741
90 257
756 81
653 333
519 367
768 269
162 314
183 122
146 138
818 733
280 363
209 499
345 191
579 479
632 266
109 776
726 796
236 617
455 619
639 613
167 422
27 302
294 577
277 410
273 359
329 195
80 411
59 113
645 728
572 796
614 59
301 833
652 277
820 671
409 618
170 796
475 197
635 819
105 198
161 580
174 393
731 9
571 275
501 318
329 540
582 543
389 491
536 256
584 821
122 375
41 709
43 337
166 615
272 115
165 508
475 564
221 811
419 23
343 205
797 291
127 143
657 232
209 367
351 211
756 457
599 552
599 337
511 575
114 746
618 58
31 821
812 779
670 92
194 463
343 336
154 238
81 467
695 57
59 473
413 457
708 473
507 104
20 380
27 151
356 274
469 238
455 58
139 670
351 227
233 253
762 47
644 794
523 629
351 33
174 291
760 123
549 731
574 261
221 409
740 379
525 480
265 8
374 442
184 46
621 106
766 92
768 439
289 335
184 555
572 355
373 715
554 317
597 747
324 619
338 307
207 723
768 718
644 170
522 10
654 135
653 158
239 521
537 749
187 776
699 799
486 683
29 118
510 434
125 775
18 71
762 136
735 820
55 592
834 502
777 741
11 349
334 738
805 714
314 826
9 249
125 404
220 3
393 436
121 288
583 335
540 116
253 688
524 162
178 110
382 438
73 133
343 675
635 730
365 617
454 771
30 624
330 308
151 427
441 153
136 347
811 809
712 665
437 667
211 675
455 104
322 666
3 200
524 18
112 413
702 107
368 801
8 36
723 22
189 170
19 301
803 364
655 282
765 639
526 634
19 75
172 195
119 817
85 623
768 24
395 314
309 427
729 380
340 532
599 155
602 671
170 326
810 793
290 585
562 260
154 725
523 445
617 342
86 501
45 591
8 777
672 660
76 64
295 522
654 693
680 496
348 793
560 699
226 457
50 353
563 328
166 322
341 465
174 152
65 774
414 441
271 435
462 245
627 417
281 761
680 326
2 645
760 609
159 463
542 109
637 282
94 316
551 27
249 813
650 827
820 529
199 645
187 259
56 405
232 150
353 550
241 753
709 159
564 740
242 420
727 414
560 704
16 390
657 759
227 696
151 16
479 839
307 53
390 295
66 745
646 352
658 396
309 97
131 214
370 179
625 169
638 114
284 161
589 390
827 266
45 312
140 9
251 136
768 76
52 190
684 263
831 8
379 263
389 703
638 53
792 780
80 678
2 235
314 592
35 331
497 169
811 430
225 564
301 300
308 505
1 333
239 363
293 196
665 712
496 148
561 472
193 243
370 96
186 672
471 260
419 6
812 811
433 726
263 134
599 238
600 837
408 580
392 603
38 402
749 236
271 761
542 731
329 152
94 51
821 152
190 65
311 45
342 216
138 177
611 101
90 152
7 507
666 163
691 96
809 497
541 444
505 57
555 822
612 135
205 738
378 188
268 198
280 150
436 766
713 177
662 662
100 138
268 779
825 727
536 588
419 409
368 752
16 92
647 618
748 193
48 767
685 637
86 824
250 688
566 422
404 242
372 525
434 580
251 649
510 800
673 827
816 316
731 640
154 177
750 532
128 103
804 261
169 52
342 67
14 614
119 3
552 217
509 42
567 584
591 135
514 481
31 823
226 154
816 464
356 784
47 278
732 236
268 237
313 580
373 22
340 87
288 240
705 345
137 452
603 30
334 744
210 220
605 126
326 579
504 364
383 603
774 801
831 531
390 264
241 154
184 373
768 672
156 146
667 66
306 736
225 817
455 290
79 173
465 560
354 678
829 616
435 744
136 669
495 60
612 762
671 113
214 405
531 724
784 441
687 139
40 260
12 405
826 301
541 177
121 139
96 530
265 753
324 145
86 735
673 380
829 387
383 779
417 459
434 763
567 480
579 720
767 256
743 529
796 512
135 1
276 31
8 473
764 209
778 84
236 595
596 616
485 201
354 605
563 137
401 563
524 247
115 500
657 578
41 55
213 259
214 609
811 294
460 809
489 470
15 648
569 138
340 101
548 225
6 203
804 311
432 95
140 137
112 211
494 699
606 775
509 299
140 600
130 483
154 103
53 572
34 735
349 110
342 125
258 319
267 837
769 593
455 349
723 697
127 496
409 654
425 776
570 541
158 642
192 631
156 484
326 108
373 183
49 254
654 582
707 628
766 804
28 185
580 184
669 524
715 287
437 512
198 645
511 621
696 97
738 165
475 491
620 569
428 748
746 165
649 148
560 633
527 573
271 500
584 699
93 568
652 607
522 526
368 430
397 807
553 681
739 374
593 833
346 323
317 12
636 478
559 548
18 120
276 756
763 527
774 270
217 219
25 250
813 114
180 366
822 546
785 237
323 189
822 171
345 114
384 507
661 259
11 102
707 633
534 133
635 181
79 278
793 141
499 656
390 482
510 594
643 459
53 205
242 60
0 743
567 669
810 684
616 813
187 633
480 531
102 829
214 209
24 565
386 838
193 235
812 741
209 651
83 764
176 560
597 452
629 686
102 785
754 757
709 517
283 256
306 449
212 422
782 714
755 219
87 198
176 368
24 616
286 200
155 214
533 63
776 187
76 789
595 136
752 513
232 480
801 631
681 441
334 774
718 601
82 503
272 102
115 700
247 238
40 251
585 502
160 772
793 385
182 812
606 498
743 65
26 733
278 260
412 164
814 243
21 607
340 458
47 584
176 761
806 373
18 209
671 647
688 312
33 761
170 145
344 39
584 706
744 521
691 595
354 764
557 778
58 714
21 260
386 799
279 613
224 534
474 536
821 753
345 290
690 645
393 480
710 576
536 533
507 384
789 371
838 550
96 388
204 532
170 742
680 438
503 97
680 112
639 288
355 193
36 32
532 398
53 778
742 115
636 485
594 403
548 72
390 608
43 808
375 586
526 681
178 673
374 822
434 528
424 162
490 407
599 535
165 550
47 520
82 741
284 488
362 731
147 560
17 351
260 322
288 624
409 213
160 585
663 1
823 776
98 336
31 159
207 426
283 376
9 344
653 148
624 419
18 64
692 65
301 818
101 268
705 594
232 623
307 826
394 473
392 725
367 379
119 116
509 12
145 383
509 217
658 489
325 306
757 363
722 76
600 387
27 33
399 392
7 486
711 470
331 96
346 736
44 235
157 409
784 406
485 297
182 416
558 175
725 189
789 251
575 596
366 567
464 484
603 10
676 264
820 398
560 702
629 727
391 690
416 381
212 578
776 355
533 787
328 407
547 72
583 437
258 35
539 549
581 731
78 323
745 799
243 565
288 713
251 90
566 798
795 305
451 237
353 584
115 545
216 827
392 446
61 174
463 492
7 5
830 663
637 187
6 108
173 241
650 95
182 419
349 755
109 487
519 805
243 465
502 36
131 127
681 745
800 621
268 784
415 292
115 35
447 146
809 212
656 433
297 630
788 142
792 782
262 680
425 421
554 755
748 543
773 583
384 101
526 772
537 654
618 545
408 716
698 237
660 696
732 679
710 111
616 802
626 260
692 330
479 626
113 21
301 825
701 243
79 455
617 653
686 468
763 740
581 643
674 82
770 481
243 313
161 159
340 150
257 809
213 617
454 196
464 68
379 109
785 229
203 820
61 104
578 31
605 523
380 460
769 806
454 220
520 334
356 321
265 396
282 151
5 248
191 409
287 587
459 683
294 263
503 465
50 737
249 467
710 142
834 209
277 28
814 50
85 43
815 59
531 703
214 227
397 5
528 268
19 450
830 790
823 358
617 257
611 435
661 84
372 186
27 492
408 200
202 311
16 388
310 830
17 661
394 663
130 431
196 704
31 276
541 36
372 773
470 48
611 307
345 244
211 178
83 383
656 835
122 292
813 691
603 573
55 810
260 337
435 237
87 548
582 337
727 367
297 61
679 398
774 216
137 123
405 476
760 20
380 613
797 631
727 398
591 566
151 629
318 788
384 445
833 187
785 755
556 383
51 808
349 499
839 213
503 215
645 213
207 804
97 615
96 595
374 189
19 635
717 596
237 492
268 710
444 439
713 476
468 832
25 220
60 572
580 696
471 288
587 224
456 351
286 834
299 668
598 646
125 805
510 2
250 27
812 108
40 675
468 302
452 445
37 143
283 440
481 351
756 31
110 168
325 31
598 725
137 431
42 660
242 676
414 364
403 424
356 98
563 667
459 378
756 803
617 637
308 210
106 375
224 13
78 727
659 429
576 614
271 419
305 162
724 312
631 276
690 725
482 375
344 201
590 215
710 355
183 266
516 215
284 14
26 563
306 0
585 376
532 412
206 676
159 190
749 384
770 336
317 545
542 546
441 727
469 590
16 480
624 163
270 193
235 632
98 437
796 297
327 305
784 37
91 825
207 151
738 73
310 541
573 185
670 552
20 518
687 620
820 617
10 213
210 691
704 568
501 471
392 463
493 798
576 159
539 667
386 131
632 530
645 390
430 820
332 240
544 708
239 9
314 444
42 482
265 157
772 323
650 120
493 231
550 734
838 659
611 63
213 723
1 836
325 315
703 659
306 194
488 644
699 437
462 758
318 538
713 599
366 624
430 84
461 398
795 494
824 56
201 104
639 359
356 52
528 338
115 25
495 469
388 791
811 13
204 158
224 633
690 685
347 521
380 63
655 512
474 622
433 216
500 121
201 370
92 125
272 291
68 512
581 182
680 412
358 828
542 222
56 585
443 19
543 482
321 250
753 75
309 396
501 683
113 51
98 672
641 216
152 791
309 703
94 55
816 42
633 68
462 766
240 678
591 393
641 606
637 174
705 484
117 710
524 486
326 171
609 123
686 416
67 805
565 349
786 436
584 448
408 623
797 383
220 576
707 307
405 208
425 242
349 381
149 736
38 193
407 261
708 439
473 334
75 175
551 782
819 428
150 143
147 260
526 132
449 237
735 106
536 24
427 835
816 780
487 724
659 94
225 35
277 244
539 108
760 208
614 811
166 246
755 10
303 305
438 536
622 312
331 241
586 791
737 71
628 303
555 585
520 648
615 640
104 704
486 608
559 63
694 299
601 23
168 671
196 277
449 457
451 477
48 272
793 752
531 324
758 827
103 319
750 53
229 662
364 681
370 497
125 759
181 50
409 644
444 676
830 433
665 183
507 608
335 658
816 693
326 272
124 773
33 60
592 77
176 43
272 828
340 449
293 517
86 505
555 550
592 757
785 428
18 349
689 228
431 473
655 145
600 510
567 246
644 476
548 629
503 563
830 758
628 462
242 786
130 816
402 457
169 453
291 184
494 252
41 372
482 281
479 814
281 146
646 133
146 834
379 803
41 755
489 259
405 718
635 617
484 534
655 381
684 28
107 407
759 558
583 164
103 586
165 602
280 525
625 227
332 257
129 142
545 735
472 214
405 765
648 19
35 329
708 563
465 718
669 255
407 500
752 536
1 528
424 397
775 503
176 358
115 579
438 333
68 500
261 788
760 710
323 461
440 37
357 246
144 205
671 559
561 367
800 309
710 738
130 428
585 17
89 397
327 574
719 168
543 257
753 589
544 28
598 87
589 561
248 302
464 704
209 102
195 788
212 314
487 260
262 199
838 316
217 832
411 300
191 674
612 159
151 504
822 788
705 231
95 620
420 374
504 783
578 8
744 745
676 781