880
4399
0,
1,
2,
3,
4,
5,
6,
7,
8,
9,
10,
11,
12,
13,
14,
15,
16,
17,
18,
19,
20,
21,
22,
23,
24,
25,
26,
27,
28,
29,
30,
31,
32,
33,
34,
35,
36,
37,
38,
39,
40,
41,
42,
43,
44,
45,
46,
47,
48,
49,
50,
51,
52,
53,
54,
55,
56,
57,
58,
59,
60,
61,
62,
63,
64,
65,
66,
67,
68,
69,
70,
71,
72,
73,
74,
75,
76,
77,
78,
79,
80,
81,
82,
83,
84,
85,
86,
87,
88,
89,
90,
91,
92,
93,
94,
95,
96,
97,
98,
99,
100,
101,
102,
103,
104,
105,
106,
107,
108,
109,
110,
111,
112,
113,
114,
115,
116,
117,
118,
119,
120,
121,
122,
123,
124,
125,
126,
127,
128,
129,
130,
131,
132,
133,
134,
135,
136,
137,
138,
139,
140,
141,
142,
143,
144,
145,
146,
147,
148,
149,
150,
151,
152,
153,
154,
155,
156,
157,
158,
159,
160,
161,
162,
163,
164,
165,
166,
167,
168,
169,
170,
171,
172,
173,
174,
175,
176,
177,
178,
179,
180,
181,
182,
183,
184,
185,
186,
187,
188,
189,
190,
191,
192,
193,
194,
195,
196,
197,
198,
199,
200,
201,
202,
203,
204,
205,
206,
207,
208,
209,
210,
211,
212,
213,
214,
215,
216,
217,
218,
219,
220,
221,
222,
223,
224,
225,
226,
227,
228,
229,
230,
231,
232,
233,
234,
235,
236,
237,
238,
239,
240,
241,
242,
243,
244,
245,
246,
247,
248,
249,
250,
251,
252,
253,
254,
255,
256,
257,
258,
259,
260,
261,
262,
263,
264,
265,
266,
267,
268,
269,
270,
271,
272,
273,
274,
275,
276,
277,
278,
279,
280,
281,
282,
283,
284,
285,
286,
287,
288,
289,
290,
291,
292,
293,
294,
295,
296,
297,
298,
299,
300,
301,
302,
303,
304,
305,
306,
307,
308,
309,
310,
311,
312,
313,
314,
315,
316,
317,
318,
319,
320,
321,
322,
323,
324,
325,
326,
327,
328,
329,
330,
331,
332,
333,
334,
335,
336,
337,
338,
339,
340,
341,
342,
343,
344,
345,
346,
347,
348,
349,
350,
351,
352,
353,
354,
355,
356,
357,
358,
359,
360,
361,
362,
363,
364,
365,
366,
367,
368,
369,
370,
371,
372,
373,
374,
375,
376,
377,
378,
379,
380,
381,
382,
383,
384,
385,
386,
387,
388,
389,
390,
391,
392,
393,
394,
395,
396,
397,
398,
399,
400,
401,
402,
403,
404,
405,
406,
407,
408,
409,
410,
411,
412,
413,
414,
415,
416,
417,
418,
419,
420,
421,
422,
423,
424,
425,
426,
427,
428,
429,
430,
431,
432,
433,
434,
435,
436,
437,
438,
439,
440,
441,
442,
443,
444,
445,
446,
447,
448,
449,
450,
451,
452,
453,
454,
455,
456,
457,
458,
459,
460,
461,
462,
463,
464,
465,
466,
467,
468,
469,
470,
471,
472,
473,
474,
475,
476,
477,
478,
479,
480,
481,
482,
483,
484,
485,
486,
487,
488,
489,
490,
491,
492,
493,
494,
495,
496,
497,
498,
499,
500,
501,
502,
503,
504,
505,
506,
507,
508,
509,
510,
511,
512,
513,
514,
515,
516,
517,
518,
519,
520,
521,
522,
523,
524,
525,
526,
527,
528,
529,
530,
531,
532,
533,
534,
535,
536,
537,
538,
539,
540,
541,
542,
543,
544,
545,
546,
547,
548,
549,
550,
551,
552,
553,
554,
555,
556,
557,
558,
559,
560,
561,
562,
563,
564,
565,
566,
567,
568,
569,
570,
571,
572,
573,
574,
575,
576,
577,
578,
579,
580,
581,
582,
583,
584,
585,
586,
587,
588,
589,
590,
591,
592,
593,
594,
595,
596,
597,
598,
599,
600,
601,
602,
603,
604,
605,
606,
607,
608,
609,
610,
611,
612,
613,
614,
615,
616,
617,
618,
619,
620,
621,
622,
623,
624,
625,
626,
627,
628,
629,
630,
631,
632,
633,
634,
635,
636,
637,
638,
639,
640,
641,
642,
643,
644,
645,
646,
647,
648,
649,
650,
651,
652,
653,
654,
655,
656,
657,
658,
659,
660,
661,
662,
663,
664,
665,
666,
667,
668,
669,
670,
671,
672,
673,
674,
675,
676,
677,
678,
679,
680,
681,
682,
683,
684,
685,
686,
687,
688,
689,
690,
691,
692,
693,
694,
695,
696,
697,
698,
699,
700,
701,
702,
703,
704,
705,
706,
707,
708,
709,
710,
711,
712,
713,
714,
715,
716,
717,
718,
719,
720,
721,
722,
723,
724,
725,
726,
727,
728,
729,
730,
731,
732,
733,
734,
735,
736,
737,
738,
739,
740,
741,
742,
743,
744,
745,
746,
747,
748,
749,
750,
751,
752,
753,
754,
755,
756,
757,
758,
759,
760,
761,
762,
763,
764,
765,
766,
767,
768,
769,
770,
771,
772,
773,
774,
775,
776,
777,
778,
779,
780,
781,
782,
783,
784,
785,
786,
787,
788,
789,
790,
791,
792,
793,
794,
795,
796,
797,
798,
799,
800,
801,
802,
803,
804,
805,
806,
807,
808,
809,
810,
811,
812,
813,
814,
815,
816,
817,
818,
819,
820,
821,
822,
823,
824,
825,
826,
827,
828,
829,
830,
831,
832,
833,
834,
835,
836,
837,
838,
839,
840,
841,
842,
843,
844,
845,
846,
847,
848,
849,
850,
851,
852,
853,
854,
855,
856,
857,
858,
859,
860,
861,
862,
863,
864,
865,
866,
867,
868,
869,
870,
871,
872,
873,
874,
875,
876,
877,
878,
879
328 613
613 770
770 17
17 19
19 541
541 279
279 273
273 384
384 764
764 139
139 692
692 280
280 869
869 329
329 662
662 61
61 201
201 50
50 161
161 724
724 623
623 610
610 721
721 755
755 746
746 470
470 266
266 702
702 247
247 376
376 795
795 264
264 456
456 513
513 720
720 840
840 576
576 690
690 326
326 385
385 727
727 637
637 287
287 589
589 686
686 252
252 355
355 444
444 687
687 7
7 645
645 54
54 751
751 815
815 220
220 203
203 458
458 620
620 134
134 568
568 489
489 135
135 621
621 53
53 251
251 693
693 126
126 283
283 122
122 23
23 222
222 841
841 85
85 51
51 653
653 305
305 250
250 128
128 827
827 454
454 808
808 64
64 94
94 381
381 519
519 290
290 150
150 337
337 98
98 819
819 260
260 417
417 198
198 347
347 678
678 56
56 498
498 672
672 797
797 45
45 24
24 649
649 427
427 480
480 668
668 6
6 836
836 510
510 535
535 481
481 646
646 213
213 239
239 748
748 701
701 664
664 206
206 83
83 631
631 236
236 465
465 218
218 666
666 601
601 112
112 740
740 420
420 314
314 227
227 632
632 859
859 348
348 170
170 506
506 763
763 15
15 436
436 177
177 564
564 743
743 12
12 300
300 598
598 241
241 781
781 528
528 211
211 504
504 173
173 557
557 133
133 407
407 635
635 418
418 432
432 606
606 523
523 293
293 447
447 500
500 575
575 574
574 387
387 422
422 62
62 723
723 600
600 486
486 194
194 16
16 816
816 439
439 285
285 319
319 558
558 185
185 604
604 440
440 874
874 237
237 160
160 467
467 832
832 33
33 691
691 549
549 654
654 286
286 403
403 182
182 643
643 172
172 207
207 445
445 718
718 787
787 4
4 421
421 561
561 660
660 739
739 155
155 512
512 696
696 44
44 863
863 730
730 361
361 546
546 131
131 199
199 167
167 709
709 86
86 490
490 205
205 580
580 322
322 72
72 82
82 865
865 509
509 831
831 157
157 628
628 81
81 479
479 853
853 517
517 618
618 534
534 482
482 605
605 451
451 20
20 542
542 569
569 430
430 184
184 581
581 688
688 411
411 783
783 638
638 452
452 400
400 533
533 749
749 424
424 76
76 532
532 715
715 396
396 448
448 159
159 386
386 158
158 73
73 226
226 340
340 804
804 809
809 52
52 766
766 657
657 121
121 63
63 619
619 518
518 28
28 640
640 844
844 812
812 753
753 728
728 151
151 845
845 391
391 124
124 263
263 302
302 388
388 603
603 101
101 595
595 275
275 712
712 77
77 471
471 527
527 614
614 230
230 91
91 25
25 449
449 215
215 492
492 716
716 346
346 147
147 428
428 414
414 297
297 658
658 870
870 559
559 641
641 609
609 372
372 181
181 111
111 529
529 179
179 754
754 745
745 491
491 379
379 830
830 243
243 592
592 594
594 582
582 719
719 374
374 363
363 330
330 779
779 412
412 299
299 29
29 472
472 793
793 55
55 733
733 769
769 572
572 208
208 106
106 806
806 694
694 127
127 476
476 474
474 310
310 710
710 828
828 278
278 32
32 536
536 350
350 152
152 146
146 786
786 223
223 103
103 767
767 860
860 761
761 67
67 433
433 579
579 43
43 851
851 799
799 790
790 511
511 475
475 336
336 137
137 525
525 752
752 699
699 835
835 651
651 216
216 759
759 312
312 321
321 262
262 138
138 108
108 356
356 483
483 680
680 89
89 802
802 825
825 587
587 168
168 114
114 248
248 553
553 856
856 357
357 508
508 501
501 566
566 875
875 735
735 270
270 21
21 849
849 331
331 200
200 402
402 801
801 717
717 3
3 1
1 132
132 522
522 839
839 636
636 289
289 0
0 119
119 642
642 364
364 219
219 49
49 627
627 811
811 810
810 71
71 284
284 565
565 401
401 599
599 9
9 866
866 669
669 879
879 573
573 341
341 93
93 616
616 413
413 585
585 18
18 431
431 741
741 377
377 282
282 90
90 468
468 667
667 320
320 334
334 437
437 351
351 69
69 674
674 539
539 665
665 87
87 524
524 514
514 362
362 756
756 99
99 639
639 608
608 249
249 700
700 344
344 813
813 711
711 540
540 846
846 551
551 584
584 79
79 858
858 354
354 593
593 267
267 277
277 805
805 367
367 193
193 60
60 622
622 597
597 675
675 256
256 175
175 2
2 563
563 477
477 31
31 704
704 358
358 154
154 189
189 544
544 771
771 145
145 183
183 42
42 228
228 306
306 382
382 102
102 488
488 676
676 125
125 872
872 140
140 75
75 136
136 416
416 141
141 291
291 857
857 493
493 187
187 164
164 736
736 245
245 571
571 591
591 697
697 545
545 156
156 760
760 855
855 246
246 269
269 410
410 204
204 434
434 325
325 276
276 656
656 624
624 35
35 311
311 308
308 393
393 626
626 871
871 862
862 196
196 327
327 209
209 404
404 567
567 461
461 409
409 775
775 323
323 41
41 254
254 292
292 464
464 294
294 225
225 460
460 773
773 298
298 295
295 301
301 11
11 399
399 698
698 392
392 342
342 629
629 214
214 774
774 397
397 365
365 339
339 88
88 785
785 503
503 307
307 762
762 824
824 722
722 13
13 663
663 729
729 68
68 531
531 419
419 873
873 829
829 40
40 834
834 34
34 27
27 84
84 725
725 335
335 644
644 738
738 26
26 588
588 370
370 734
734 268
268 714
714 854
854 459
459 438
438 526
526 586
586 197
197 186
186 650
650 37
37 485
485 796
796 129
129 313
313 221
221 732
732 96
96 538
538 689
689 507
507 38
38 366
366 110
110 768
768 259
259 630
630 441
441 14
14 36
36 484
484 353
353 647
647 48
48 426
426 521
521 499
499 195
195 395
395 143
143 473
473 497
497 530
530 316
316 780
780 39
39 611
611 288
288 703
703 435
435 281
281 117
117 707
707 163
163 843
843 304
304 878
878 415
415 371
371 463
463 791
791 837
837 554
554 681
681 46
46 661
661 505
505 166
166 607
607 47
47 670
670 240
240 369
369 303
303 257
257 343
343 868
868 272
272 107
107 192
192 423
423 537
537 590
590 744
744 338
338 80
80 78
78 671
671 253
253 74
74 612
612 555
555 583
583 104
104 617
617 443
443 113
113 776
776 368
368 162
162 333
333 144
144 142
142 360
360 180
180 95
95 789
789 550
550 682
682 149
149 708
708 820
820 655
655 823
823 191
191 455
455 556
556 5
5 847
847 814
814 826
826 446
446 469
469 800
800 750
750 496
496 577
577 57
57 833
833 765
765 120
120 731
731 747
747 494
494 130
130 864
864 877
877 389
389 838
838 547
547 153
153 457
457 772
772 570
570 562
562 648
648 244
244 115
115 861
861 818
818 466
466 625
625 66
66 784
784 548
548 425
425 174
174 852
852 758
758 442
442 352
352 822
822 378
378 178
178 876
876 383
383 271
271 202
202 684
684 406
406 30
30 359
359 453
453 148
148 242
242 803
803 394
394 405
405 713
713 596
596 317
317 706
706 165
165 274
274 373
373 232
232 258
258 324
324 8
8 217
217 212
212 560
560 123
123 234
234 70
70 309
309 58
58 390
390 315
315 345
345 726
726 118
118 821
821 792
792 210
210 695
695 235
235 116
116 737
737 782
782 22
22 261
261 408
408 231
231 188
188 296
296 487
487 807
807 495
495 659
659 109
109 100
100 685
685 543
543 552
552 65
65 798
798 190
190 673
673 238
238 578
578 867
867 679
679 380
380 398
398 105
105 255
255 757
757 502
502 602
602 634
634 10
10 97
97 794
794 677
677 848
848 652
652 171
171 229
229 429
429 478
478 615
615 59
59 176
176 788
788 450
450 233
233 169
169 520
520 633
633 349
349 462
462 516
516 778
778 224
224 777
777 683
683 375
375 850
850 742
742 515
515 332
332 92
92 318
318 842
842 817
817 705
705 265
537 618
417 238
555 138
313 498
22 581
319 724
755 772
393 526
739 712
554 725
224 324
428 630
191 871
168 274
874 155
93 36
501 381
618 470
234 536
390 483
284 206
625 730
751 351
721 534
551 332
545 317
146 145
496 146
43 534
97 667
784 403
601 332
849 270
21 38
394 244
581 379
72 297
737 285
11 331
788 452
708 441
664 384
179 643
414 789
345 25
795 11
517 523
451 561
379 436
125 871
548 340
630 237
327 851
320 793
805 335
205 69
800 301
661 289
372 480
52 293
711 801
546 63
704 115
545 718
153 187
253 159
222 480
450 685
264 659
617 96
806 32
678 189
487 432
789 379
595 567
828 205
493 258
876 119
817 402
303 239
157 682
104 593
301 155
489 814
534 281
159 203
556 554
208 699
71 39
569 342
263 494
731 21
855 90
228 13
678 27
140 99
452 843
298 645
164 209
363 800
301 203
82 82
573 46
764 776
388 654
118 207
744 191
501 128
451 145
564 310
279 270
471 717
504 232
611 871
616 593
747 230
686 246
411 186
366 565
350 243
116 400
797 652
249 408
244 180
491 453
347 386
203 358
388 770
514 258
574 166
597 48
444 424
672 601
834 510
773 655
163 108
314 280
496 127
9 558
450 281
678 764
214 259
71 178
725 215
525 351
586 515
576 327
878 755
572 760
397 863
173 144
504 518
861 298
644 487
452 632
782 819
168 40
505 716
532 460
823 761
836 469
192 433
638 833
661 677
655 497
734 86
447 150
581 25
196 824
680 584
847 283
270 425
40 463
632 666
509 394
249 787
320 31
98 221
602 608
433 396
722 641
766 312
429 510
788 52
66 701
641 701
700 743
739 520
476 376
284 297
7 422
82 875
418 749
614 182
806 678
77 726
268 499
834 190
824 861
591 573
248 788
222 214
305 288
782 293
76 870
416 677
723 573
304 618
713 99
260 757
464 1
68 147
193 570
215 88
25 779
504 326
724 689
433 554
746 16
247 845
256 561
531 192
106 795
24 540
256 802
723 120
734 562
227 179
465 570
72 180
505 408
855 157
491 559
784 35
189 745
637 765
261 49
47 246
756 308
533 97
828 49
183 317
36 449
236 874
30 260
760 1
819 573
754 159
55 79
333 331
92 198
401 97
726 198
108 458
521 511
799 429
227 298
752 455
387 425
566 261
147 176
191 612
685 450
486 636
363 59
558 739
146 87
64 83
575 56
17 550
578 178
824 573
324 652
396 539
192 34
793 611
159 758
113 65
149 692
854 785
549 731
860 41
735 878
660 581
494 99
783 536
873 649
141 133
557 95
336 825
644 42
806 286
74 185
429 86
639 870
138 459
165 483
172 129
558 641
186 362
264 321
551 311
393 96
596 737
454 125
542 765
758 483
476 794
798 254
351 61
352 79
663 337
461 437
163 420
612 37
337 445
294 283
455 750
451 178
540 580
320 620
747 640
542 59
784 176
877 657
367 456
677 316
13 714
604 373
660 157
470 63
650 417
770 342
13 225
828 363
799 772
603 266
378 52
30 419
430 637
668 109
870 600
429 741
694 94
39 68
743 752
472 606
463 229
276 47
2 218
78 240
64 613
720 867
65 420
502 35
840 493
4 778
104 709
599 479
519 527
391 439
777 757
62 870
69 84
235 317
256 699
88 606
673 446
848 635
135 111
410 424
193 429
263 773
24 437
144 611
541 765
255 799
682 214
787 20
872 863
816 649
876 251
202 625
150 599
153 596
56 446
788 862
60 295
341 225
758 865
225 233
440 457
433 248
328 284
629 632
806 642
541 285
521 147
1 819
431 649
39 254
657 225
22 627
188 137
484 158
645 602
517 116
825 467
126 272
334 686
724 407
526 801
514 526
717 408
283 846
232 359
375 103
42 538
60 149
308 149
692 695
603 616
290 48
823 276
154 99
340 357
627 12
238 194
155 713
754 453
303 93
341 876
267 39
860 457
660 158
709 535
66 330
411 405
660 37
541 29
512 23
122 730
284 604
204 404
533 281
551 280
798 631
871 59
307 856
623 592
540 250
576 251
458 756
125 177
226 618
508 138
613 194
242 627
438 549
472 580
724 476
223 228
481 780
114 30
617 113
764 755
285 513
587 323
7 805
652 451
542 786
42 823
553 357
845 832
620 701
637 676
593 626
234 366
21 697
614 540
24 517
284 159
464 330
22 97
640 232
367 820
16 722
133 491
769 5
806 35
181 552
90 483
345 257
129 228
340 344
23 600
520 564
288 338
684 131
648 118
381 473
628 33
178 113
749 782
680 796
25 860
623 595
710 280
565 515
96 28
369 423
418 509
797 862
357 366
420 329
623 410
654 401
8 422
531 649
609 557
710 131
577 427
459 475
758 485
754 554
91 506
257 458
38 844
364 47
692 460
20 303
12 200
324 399
29 233
585 871
561 718
498 301
33 113
113 441
598 302
852 653
262 814
98 415
415 3
335 339
69 433
430 551
348 723
230 620
442 540
412 342
25 467
544 421
113 356
535 208
445 539
365 615
620 259
295 31
353 812
214 816
41 444
307 177
235 824
159 99
783 343
186 159
265 300
217 247
813 519
701 868
199 258
854 63
813 555
92 737
359 531
836 575
493 565
107 842
326 133
52 792
334 773
65 522
301 22
444 312
567 295
515 252
446 173
281 631
645 303
441 436
327 430
323 83
92 861
338 734
120 804
8 274
719 488
528 113
507 185
496 721
624 365
232 819
746 257
360 846
36 788
167 215
142 677
679 85
348 203
164 222
645 873
645 791
502 829
256 271
598 552
320 744
544 107
45 622
571 233
741 260
47 584
305 652
423 500
580 226
68 746
328 211
740 401
443 368
547 401
802 500
499 673
136 419
25 239
172 872
478 91
287 102
773 460
686 440
619 795
6 66
318 559
89 644
589 396
271 878
694 284
33 223
59 44
744 216
42 67
132 247
571 61
301 341
20 278
286 589
530 68
519 302
487 549
484 707
699 692
868 657
516 370
651 616
471 745
624 137
497 683
553 625
669 822
792 862
778 22
707 91
161 214
37 277
494 770
427 526
668 669
128 70
848 435
352 71
108 66
66 361
761 670
177 92
528 137
834 213
47 601
790 597
681 566
405 848
49 247
106 316
717 803
715 289
205 709
511 707
441 681
123 673
517 64
511 104
708 577
224 466
697 697
813 171
797 152
518 314
52 462
168 245
159 453
237 771
300 86
539 591
175 221
47 867
661 22
23 847
473 872
749 191
859 879
172 2
662 454
600 506
688 513
57 651
309 194
84 87
704 534
729 82
807 320
878 37
65 180
418 536
414 359
817 198
634 412
625 585
391 720
473 288
415 153
410 502
386 509
385 384
229 714
55 788
355 788
832 491
619 355
378 462
775 418
171 365
259 831
854 784
879 577
155 5
745 728
291 533
651 565
149 426
92 352
285 631
399 4
184 703
302 342
828 567
601 141
660 578
293 714
744 872
313 649
585 133
207 176
56 438
513 278
183 0
454 134
659 16
125 859
452 343
564 529
529 625
444 119
228 118
511 18
436 253
477 243
299 9
575 374
464 398
503 749
723 857
657 471
20 579
375 797
525 779
749 563
657 100
653 848
567 489
458 811
364 40
771 585
26 737
670 513
583 419
703 463
691 851
708 156
314 244
287 153
863 781
653 511
794 314
344 445
673 640
690 508
46 39
464 653
83 596
499 321
766 95
432 448
349 254
754 161
124 705
232 183
117 206
142 417
708 211
2 380
867 696
167 603
173 871
321 436
428 530
626 609
877 543
448 719
869 373
364 500
456 228
262 55
48 553
426 710
97 747
848 740
724 145
499 510
216 321
123 557
249 856
779 401
209 90
8 622
855 548
266 234
788 417
593 55
68 303
515 104
639 184
349 833
784 600
701 95
355 621
124 854
222 329
854 307
779 832
666 621
809 586
839 452
153 308
358 838
143 589
19 667
668 326
875 214
452 668
351 354
522 607
862 302
326 710
276 633
638 497
584 420
77 858
754 160
138 498
655 300
171 744
18 126
452 158
47 131
790 551
154 736
237 805
11 852
236 300
563 414
615 682
875 716
12 862
618 162
794 456
166 322
729 499
531 401
224 42
162 529
61 382
781 362
640 268
470 269
698 764
776 586
818 790
569 15
517 756
281 816
74 370
254 314
284 766
210 672
381 583
176 585
574 464
221 659
251 368
637 574
108 754
46 358
760 466
795 728
732 332
23 765
325 98
590 378
62 683
586 81
345 583
274 212
555 131
552 466
412 761
121 717
204 863
345 708
271 141
822 82
509 376
475 513
863 160
501 825
164 607
344 200
434 386
441 117
172 72
87 708
321 330
46 559
469 581
441 445
301 623
877 213
364 374
177 849
31 329
636 192
609 394
782 496
421 25
109 571
7 809
802 809
90 736
80 646
227 650
205 826
845 242
371 647
475 689
782 446
127 336
576 845
530 155
161 395
838 634
295 473
608 101
97 581
364 649
353 571
256 468
469 221
734 477
440 282
587 834
575 84
129 213
472 477
176 122
386 596
45 213
873 137
152 480
319 371
777 144
824 246
422 844
100 547
554 183
241 94
437 209
149 69
305 789
550 539
625 184
752 705
620 869
670 36
598 870
255 55
363 322
342 145
609 802
265 800
699 872
582 664
820 405
712 117
829 276
460 260
451 832
310 868
602 287
641 591
814 505
805 177
871 348
713 873
775 468
137 796
730 480
464 780
436 546
24 802
532 809
671 299
746 549
762 822
166 270
703 740
598 58
849 857
598 788
530 33
386 272
437 818
413 473
80 448
820 424
63 109
724 858
48 134
260 689
741 47
706 500
102 34
67 134
853 360
664 27
828 841
116 857
431 389
337 730
526 661
672 144
254 326
710 473
9 467
853 730
30 565
654 180
326 616
242 17
519 572
814 137
879 45
191 634
164 869
178 697
147 478
241 555
239 306
236 233
723 398
79 410
218 205
92 224
470 684
132 382
843 369
830 170
349 145
508 752
219 577
245 64
746 364
546 518
101 217
569 341
164 161
77 693
233 617
327 855
275 832
539 550
132 567
316 100
116 797
107 855
722 743
160 261
625 385
351 673
466 498
866 404
113 587
731 533
74 427
612 555
274 419
167 718
734 873
366 148
117 462
769 857
565 240
273 710
408 530
446 648
231 183
102 337
219 114
672 83
564 205
42 354
431 382
24 367
541 826
649 302
70 591
298 675
390 250
839 11
172 388
181 255
271 170
847 206
872 260
7 70
755 161
542 264
250 324
182 749
259 872
2 31
868 321
672 640
188 363
425 295
154 275
842 790
320 139
422 289
680 265
811 620
780 364
431 499
835 841
606 118
253 558
307 733
192 846
249 815
91 798
158 87
489 616
848 304
7 819
727 610
664 289
249 745
708 14
73 708
386 874
175 528
24 19
147 371
818 870
473 502
393 709
123 263
743 796
408 612
324 232
512 131
139 391
628 142
624 111
427 820
333 279
798 233
643 392
43 463
290 109
351 46
782 462
492 745
64 481
415 830
256 873
811 725
215 524
530 35
79 808
150 255
185 634
249 398
550 839
471 118
717 259
788 615
249 442
375 711
81 538
708 851
567 281
527 626
349 135
143 747
467 713
853 77
277 643
407 793
862 744
169 868
644 332
376 230
295 551
862 359
312 376
792 800
830 185
389 774
81 373
38 103
425 546
152 258
195 721
257 50
203 801
203 767
724 617
359 234
265 157
686 365
466 599
783 747
578 805
412 129
410 297
27 860
166 808
139 777
514 387
649 602
322 309
792 656
711 721
870 598
238 571
743 455
604 259
355 547
206 870
603 269
798 121
111 226
630 19
129 199
418 768
381 0
533 843
812 841
501 70
291 784
629 723
232 506
552 456
419 645
750 784
65 168
833 348
641 831
662 531
262 75
563 715
170 229
609 219
430 520
89 665
153 327
786 703
295 127
423 381
833 496
101 602
650 690
808 712
419 181
29 43
686 493
267 807
436 188
303 136
552 846
365 704
834 171
138 631
854 394
843 640
252 230
166 202
94 131
555 625
483 273
186 855
423 220
475 507
124 422
333 130
532 138
229 560
812 519
238 39
461 591
649 553
431 400
420 694
691 317
163 411
526 185
784 159
778 705
313 150
797 347
640 417
574 621
600 427
360 571
685 317
742 507
617 159
608 579
331 326
790 736
451 827
42 491
390 865
15 788
846 651
787 626
335 338
189 831
260 575
778 208
766 517
402 452
71 698
196 439
486 303
417 657
308 493
122 188
181 723
208 587
582 649
867 818
805 58
354 168
406 397
769 399
161 257
417 407
762 163
711 553
270 400
480 568
643 224
420 515
495 103
585 546
624 777
297 694
573 581
73 309
784 873
24 801
537 572
572 438
323 807
543 213
113 821
174 47
548 858
42 240
671 65
539 684
371 774
228 339
432 131
489 563
524 831
784 1
397 234
764 680
48 456
355 520
495 715
709 799
646 391
418 809
781 141
536 276
532 799
397 755
373 728
78 595
2 65
328 746
232 171
813 602
741 375
711 202
658 221
755 232
202 71
562 523
167 601
639 512
630 799
152 743
305 539
782 678
289 834
873 596
273 486
201 25
52 508
864 736
423 424
3 303
289 415
377 872
125 422
89 642
211 810
611 263
533 576
864 135
50 437
279 293
617 624
251 635
77 227
443 186
460 618
774 350
467 811
640 758
272 297
572 706
624 295
109 692
315 112
739 129
592 814
412 539
639 560
78 527
343 378
275 611
329 751
523 878
280 625
703 260
664 788
403 406
209 69
700 797
376 461
614 316
666 380
308 819
508 611
2 364
105 84
768 715
156 695
464 375
65 67
551 27
472 104
181 154
283 333
118 312
487 305
464 157
181 261
813 409
814 374
94 152
101 159
427 92
828 259
257 27
814 657
344 33
49 88
528 535
384 849
663 572
829 865
583 569
562 542
165 560
796 467
17 636
337 193
135 55
166 714
28 25
704 866
610 246
264 501
112 576
565 361
111 822
526 683
112 549
672 793
257 506
38 290
100 135
133 716
636 527
459 440
22 544
793 54
680 681
34 672
873 69
861 841
537 748
169 488
651 28
183 344
183 309
216 795
408 140
709 760
782 808
291 411
626 663
125 666
23 685
417 130
782 507
478 570
577 32
646 99
161 551
345 600
489 815
870 19
591 840
456 244
258 669
170 512
291 148
540 463
744 794
535 548
322 158
526 639
609 826
468 247
342 737
288 392
619 80
194 826
111 202
387 309
250 283
612 669
90 63
50 464
788 502
23 36
874 565
533 399
65 76
268 227
10 161
667 558
792 479
153 439
340 11
193 319
502 314
371 840
244 761
328 414
231 751
59 705
338 702
721 335
758 628
121 68
101 33
425 69
773 863
498 585
395 579
472 741
352 309
134 379
283 335
629 500
663 526
99 615
155 235
590 191
416 471
208 414
111 767
874 68
131 128
657 552
877 180
461 183
241 213
835 732
726 111
708 539
784 495
452 747
875 601
311 396
46 212
616 153
178 591
16 166
138 600
781 100
565 802
581 663
599 654
431 52
5 132
353 141
143 81
56 540
432 55
751 466
74 845
752 22
221 681
20 501
12 571
866 157
230 558
755 798
49 736
451 36
818 799
338 720
131 875
179 860
162 209
684 293
384 504
728 858
687 578
495 139
782 339
567 613
583 162
561 17
221 821
101 70
807 752
196 119
687 842
92 476
311 804
336 629
479 872
865 330
131 726
642 526
639 725
444 823
160 609
609 693
46 411
89 188
848 91
568 404
376 823
139 832
423 864
823 400
108 828
58 470
212 312
60 482
407 599
392 454
34 433
825 262
111 120
378 231
31 371
872 381
594 285
238 747
816 728
655 148
784 118
44 657
235 721
393 65
594 564
791 377
333 101
276 404
731 837
610 132
874 873
489 281
173 855
843 234
511 611
611 700
684 209
393 270
53 386
75 45
562 187
568 730
684 419
100 795
667 376
606 497
752 9
867 43
77 84
562 481
252 68
619 773
246 471
89 452
856 613
11 470
516 451
702 212
16 458
573 580
657 97
85 677
63 162
202 870
523 171
382 351
244 195
417 517
128 507
752 478
425 824
626 67
448 21
440 577
565 257
50 595
54 613
744 722
800 701
49 374
35 25
702 598
110 311
38 726
648 816
667 362
364 466
264 530
181 444
669 734
876 568
405 616
849 124
343 379
201 292
372 49
448 227
587 175
738 489
543 75
22 11
385 163
844 230
730 843
630 619
619 568
165 296
120 728
650 573
297 451
522 844
359 727
102 741
147 793
720 646
479 359
406 91
171 669
248 22
77 273
182 832
348 563
549 33
112 340
443 265
98 374
281 88
551 330
197 769
692 651
717 197
674 588
206 603
594 248
814 710
874 847
557 555
181 797
313 354
592 337
132 368
680 330
176 574
614 338
25 506
160 63
506 405
359 438
738 565
406 592
425 734
561 247
844 281
732 232
382 641
591 445
388 147
114 230
565 249
678 604
95 748
52 338
407 32
829 272
808 166
213 810
562 316
228 432
98 35
792 42
210 69
146 25
689 842
818 850
637 583
350 517
301 769
577 156
277 166
762 862
63 314
223 251
700 100
825 506
417 190
841 585
313 192
407 24
32 309
629 874
833 710
153 659
616 439
678 834
205 781
616 124
564 656
160 595
265 658
349 614
617 762
213 755
737 785
581 864
590 580
701 400
99 679
54 671
51 859
180 754
114 463
439 756
262 812
88 0
851 805
345 397
767 190
769 130
73 339
351 43
772 224
726 592
154 26
288 544
194 377
186 761
525 286
871 574
736 784
824 295
143 800
651 861
867 284
90 518
215 831
792 879
191 401
26 476
862 706
132 476
624 651
681 573
599 408
348 429
361 388
669 240
190 266
83 545
584 435
756 103
522 298
247 842
209 62
137 711
806 557
241 270
624 338
597 546
229 19
406 516
443 200
439 386
157 860
66 332
652 733
484 327
98 471
137 529
579 789
645 439
124 59
737 708
835 270
276 856
680 27
452 577
11 347
479 180
133 794
724 195
488 546
750 159
311 516
23 856
472 340
719 627
742 125
788 432
564 128
64 761
691 56
555 158
322 749
406 525
706 284
879 859
102 751
480 322
390 123
667 163
528 105
99 95
719 235
592 361
72 384
327 118
130 794
336 165
472 574
284 606
310 318
241 15
61 250
148 479
403 31
690 660
29 388
158 529
515 180
45 873
721 369
773 410
571 211
696 440
573 317
421 427
805 826
237 714
264 160
226 678
116 237
822 47
807 1
198 607
768 2
58 649
687 220
314 568
755 681
233 76
387 437
484 341
21 205
593 260
149 261
261 487
438 739
875 595
699 159
28 855
863 550
251 145
262 529
583 424
745 340
611 536
646 688
838 704
328 699
83 117
185 748
400 314
713 807
281 293
53 90
6 251
764 506
805 52
251 86
499 157
674 391
387 302
706 97
504 795
387 841
854 44
619 146
152 736
536 302
586 233
505 52
735 277
638 566
745 302
436 234
548 271
568 61
365 414
113 590
413 743
438 417
248 748
674 739
280 811
65 802
87 400
701 766
371 594
674 119
747 558
572 687
188 301
376 166
59 91
610 840
815 794
87 25
238 782
173 601
16 194
546 758
761 228
0 227
826 541
563 91
81 870
266 272
282 20
517 875
351 461
470 158
561 714
11 560
327 620
603 754
493 403
458 352
73 875
867 221
88 257
507 876
173 147
255 839
329 86
391 89
367 860
319 612
778 350
795 366
696 757
388 129
183 295
596 522
531 836
232 56
463 454
743 721
21 5
273 478
30 131
338 488
290 793
371 688
148 236
472 119
552 145
450 440
790 287
53 518
391 9
490 346
420 303
660 752
711 762
553 298
238 547
632 517
387 795
345 33
133 693
170 640
510 108
628 466
543 127
572 458
477 356
337 73
558 611
234 162
226 753
495 39
447 447
879 629
612 340
508 221
828 461
210 429
305 485
210 849
723 81
755 577
114 290
449 492
495 489
386 379
679 304
813 307
460 39
774 365
379 517
254 514
252 867
648 631
233 593
75 552
871 393
709 542
730 238
261 401
173 472
438 870
439 580
380 69
781 737
65 63
337 392
659 100
314 738
237 267
531 524
274 211
247 394
276 589
671 80
589 519
586 630
695 866
171 243
792 24
606 542
762 91
318 851
562 115
852 269
130 689
636 96
651 415
509 135
847 328
355 171
609 631
826 479
450 281
255 496
608 373
421 693
566 735
876 190
593 335
632 2
294 648
501 276
206 493
422 660
4 565
92 482
68 369
825 470
625 51
448 614
344 309
28 739
364 279
367 739
837 46
604 72
805 714
177 731
252 578
410 756
200 488
307 357
758 185
817 378
684 728
352 588
673 509
633 200
632 424
407 48
451 780
587 833
564 89
701 121
835 773
528 585
586 172
420 296
879 351
693 130
439 853
297 215
413 679
641 764
232 169
490 99
251 199
91 72
166 107
7 407
806 103
159 801
697 422
448 351
878 872
506 387
145 498
49 226
542 99
634 764
335 23
262 120
753 118
762 293
525 278
372 118
452 406
680 537
629 245
393 701
404 730
251 270
116 432
435 37
518 194
342 152
86 148
224 280
293 162
134 827
772 197
25 300
846 357
23 647
582 344
548 697
855 357
31 709
165 432
410 698
331 487
811 523
302 385
568 411
6 312
540 280
502 28
466 673
226 8
292 50
168 258
405 270
340 59
531 762
458 468
328 107
496 420
256 287
474 246
668 410
502 122
313 112
117 830
19 800
557 307
615 685
274 673
87 189
622 702
466 399
251 533
566 453
349 439
651 227
548 246
482 296
659 245
834 529
581 591
134 157
777 738
538 324
441 372
14 611
365 697
680 624
381 473
297 482
506 535
70 181
138 429
467 584
734 12
419 138
111 856
759 633
832 332
291 521
595 75
554 672
81 293
745 369
301 447
53 630
826 331
290 422
303 279
108 108
561 314
209 76
587 671
654 191
96 348
778 372
660 877
74 684
813 22
737 399
48 800
449 733
82 836
121 488
364 750
509 240
150 62
170 471
278 9
357 442
226 185
189 383
420 842
567 709
518 816
494 434
428 138
357 473
840 506
368 242
713 122
549 6
874 695
796 653
80 556
226 525
608 256
416 481
379 108
563 274
14 29
797 589
376 679
685 587
8 239
753 702
499 558
172 642
539 308
805 794
756 100
38 398
370 554
530 868
362 31
800 76
532 196
656 133
224 854
9 876
838 88
433 53
337 553
315 259
519 718
185 106
632 350
529 19
629 435
770 136
740 471
204 822
696 821
764 232
468 402
344 634
351 471
595 275
435 402
621 876
526 793
733 603
646 670
552 335
746 295
204 502
799 567
430 621
633 147
520 38
555 155
781 406
277 431
98 373
576 671
199 268
688 262
801 165
527 680
244 272
503 817
444 275
839 237
121 255
791 827
612 429
508 330
85 577
714 395
309 39
433 2
789 474
223 419
652 352
798 767
385 489
838 779
281 164
252 99
419 522
363 18
526 494
586 390
461 45
700 41
92 482
687 650
380 459
187 40
89 206
142 128
325 868
158 89
308 350
453 437
4 550
756 655
102 46
195 814
557 691
64 412
341 584
877 742
772 651
842 863
289 163
438 478
69 460
4 776
47 860
494 229
661 736
447 246
672 362
630 393
749 566
390 630
684 199
31 646
851 89
31 485
110 279
102 201
338 373
305 406
12 153
825 804
826 75
720 844
480 90
657 407
614 75
838 430
337 279
686 321
711 599
485 132
606 325
876 729
849 151
107 516
180 224
532 138
81 51
315 772
617 177
864 270
719 675
656 289
193 494
223 440
644 264
3 201
460 499
542 107
743 509
312 710
867 847
399 740
836 331
865 283
193 124
479 225
625 507
663 246
263 830
431 487
460 347
297 641
842 725
719 375
288 251
833 299
447 171
864 603
192 523
643 550
572 798
41 692
448 296
679 570
711 848
650 544
171 669
484 277
438 353
402 460
560 463
219 841
218 746
573 870
110 702
287 493
533 100
318 781
815 531
462 818
495 792
755 94
226 40
255 148
281 761
40 164
466 331
808 529
1 592
40 110
593 3
492 153
408 379
781 392
52 544
833 588
663 306
801 456
876 361
88 492
38 876
290 184
877 603
648 192
316 133
507 166
858 390
78 806
402 515
160 435
2 515
552 518
414 153
172 679
878 654
755 196
608 235
788 794
23 656
530 214
763 349
663 237
667 841
825 663
98 256
87 155
208 462
569 383
858 19
762 13
554 377
352 600
864 855
153 671
521 546
191 69
679 375
510 794
550 795
352 307
25 815
103 58
211 624
119 833
424 735
727 757
664 519
584 278
827 212
113 61
718 338
57 591
107 301
595 595
388 594
564 93
172 203
729 571
686 357
681 658
727 127
501 178
878 675
214 17
876 506
476 415
8 382
615 627
594 21
53 327
288 472
22 419
838 475
619 623
792 278
598 341
264 742
861 521
452 566
31 845
706 850
635 852
83 348
100 710
57 778
450 490
720 87
709 229
546 685
697 131
812 641
133 521
708 236
184 159
809 791
214 319
291 769
580 721
665 799
134 730
139 353
838 771
35 134
52 590
856 51
471 282
416 60
661 824
866 299
383 13
373 692
668 836
601 841
627 710
481 673
453 723
830 358
250 613
543 285
60 801
223 489
206 83
413 754
487 543
614 159
552 704
447 229
322 149
237 221
83 418
100 359
663 221
656 493
696 173
799 680
807 143
814 53
410 598
744 255
709 318
296 827
680 868
389 296
793 136
249 355
16 512
215 545
307 386
41 802
778 256
812 58
458 441
289 595
828 601
142 777
453 514
372 673
694 152
317 758
410 218
78 650
266 674
640 297
10 364
779 700
506 417
710 411
425 321
183 53
138 702
76 167
55 676
722 440
607 780
780 260
326 385
241 696
516 452
724 459
521 637
564 784
667 463
88 79
230 174
320 628
117 596
38 754
850 254
266 170
504 546
553 105
774 333
755 448
388 269
442 517
191 650
270 77
295 691
688 835
245 714
76 748
185 559
637 242
172 731
796 756
811 713
426 445
2 311
716 490
641 735
641 1
278 872
183 758
655 585
699 523
198 458
76 866
542 699
161 271
759 81
232 457
83 641
838 350
23 90
7 574
211 51
403 412
625 257
365 118
533 41
7 62
602 314
672 786
831 838
152 31
189 620
324 13
531 744
511 116
296 120
343 461
753 781
875 509
15 451
348 19
294 440
616 320
4 276
452 464
364 794
806 441
60 537
865 823
840 664
587 222
137 864
370 148
824 743
674 138
660 851
788 871
615 69
510 221
821 193
877 845
721 514
18 8
345 808
251 80
13 382
763 382
690 212
599 676
628 144
776 539
214 565
875 4
204 83
30 126
248 563
330 37
436 597
157 446
581 848
518 494
328 641
712 526
863 386
744 390
877 35
508 555
854 651
346 652
791 242
231 332
787 82
775 484
98 675
473 863
383 222
877 196
198 438
849 534
265 649
431 600
284 89
604 620
850 771
793 10
294 439
504 567
172 261
427 762
658 507
744 230
807 339
753 272
575 211
347 706
352 223
263 282
173 563
204 481
14 645
368 267
52 248
416 204
184 785
802 662
117 875
400 425
831 386
51 515
367 728
735 350
737 498
336 261
624 298
202 190
534 170
368 675
558 794
331 65
196 371
605 43
316 359
302 278
90 393
782 650
533 427
368 82
203 603
794 457
777 492
859 115
246 223
166 184
705 768
642 74
364 92
440 606
704 116
791 632
853 366
122 720
1 75
188 285
757 411
240 599
708 293
571 320
424 821
593 241
249 78
4 807
386 273
165 162
375 623
634 245
400 233
396 119
232 324
874 736
723 22
217 667
90 354
368 472
84 741
723 180
693 298
17 275
597 239
224 729
226 488
547 691
339 485
342 518
357 846
621 317
162 185
637 743
4 593
379 520
267 420
482 832
320 218
772 272
406 849
189 427
300 124
601 343
694 678
594 865
761 582
424 559
469 836
318 326
708 14
222 313
223 128
874 355
160 706
622 757
677 635
678 337
360 400
215 839
542 382
291 267
867 33
421 622
761 858
300 804
150 688
829 782
798 110
823 374
2 449
650 395
537 849
686 482
635 456
377 812
672 256
198 334
185 240
756 327
506 659
54 685
159 42
595 522
633 273
141 628
293 116
734 681
776 787
338 604
756 617
368 457
708 287
419 847
303 607
384 148
69 431
527 80
181 178
346 304
329 38
598 370
648 231
488 858
169 27
122 511
86 669
81 484
180 667
369 692
123 856
823 564
255 471
76 691
229 364
538 90
703 762
170 800
79 810
142 241
262 83
798 644
278 184
42 336
404 508
210 586
320 538
399 290
30 856
831 771
62 12
148 501
604 372
328 287
359 177
600 83
503 861
54 123
304 375
462 456
309 216
476 476
170 316
16 412
447 514
603 162
77 245
264 565
797 520
91 699
341 762
79 11
138 620
779 519
800 568
718 632
745 487
720 16
840 121
103 503
206 495
454 867
314 430
679 591
261 845
624 878
60 804
586 150
735 671
327 345
157 488
73 145
823 650
678 476
669 429
476 784
345 812
244 292
770 555
256 23
778 42
151 775
355 354
783 463
853 700
34 564
821 262
6 425
209 3
525 535
726 873
278 50
841 563
87 674
222 233
282 655
221 259
738 832
10 603
575 772
669 52
302 609
439 664
766 148
603 596
522 650
34 498
353 455
802 516
165 281
573 834
504 87
462 240
554 586
8 820
370 201
70 150
669 5
261 839
221 43
309 302
24 754
610 19
145 351
460 545
347 221
874 331
562 66
798 585
676 466
564 433
760 204
736 380
397 272
458 29
79 396
494 146
625 252
466 253
431 558
93 213
860 695
159 26
723 186
365 851
220 464
382 296
316 15
15 380
807 748
699 676
472 8
453 631
696 644
858 549
188 124
442 14
228 43
403 743
661 650
43 368
398 274
446 757
542 823
591 684
605 688
615 135
349 758
431 517
726 599
327 49
795 140
523 244
215 752
688 525
176 420
2 27
504 189
847 592
137 290
124 566
766 310
274 863
790 832
63 552
574 279
248 751
185 246
735 266
436 418
0 777
308 402
776 417
820 207
666 184
419 473
600 584
357 397
379 493
140 516
747 93
222 458
496 717
174 560
758 175
500 828
565 837
142 796
163 391
420 67
776 234
672 313
500 874
780 795
446 286
868 17
656 138
794 157
618 821
546 233
53 530
732 21
520 700
200 820
186 106
795 275
620 331
569 539
435 490
638 14
335 654
313 380
798 327
721 520
652 432
364 412
545 558
104 310
170 403
446 787
631 610
31 208
306 495
658 40
393 730
619 73
392 105
603 705
352 714
813 509
132 490
811 789
612 33
745 214
547 256
803 354
582 388
579 860
497 616
173 595
697 700
863 140
531 426
844 35
519 655
540 627
350 103
154 569
830 563
370 32
178 76
62 49
552 189
396 484
337 176
643 64
389 238
875 39
45 561
395 520
452 343
740 858
818 289
267 589
834 703
162 732
235 404
800 168
188 783
848 625
331 452
829 61
23 291
282 20
696 153
204 302
797 267
256 266
96 798
838 715
333 876
825 448
419 645
344 336
324 454
777 763
700 746
650 708
160 305
222 879
403 486
861 709
131 511
126 362
114 192
260 344
869 452
66 45
784 93
698 304
487 167
514 606
284 426
743 75
724 132
799 376
875 374
631 12
48 139
174 820
728 515
197 716
551 152
347 531
866 433
106 38
171 307
349 520
561 663
683 411
518 592
570 657
387 144
757 369
135 166
67 73
148 265
58 796
218 518
299 683
108 85
152 359
596 69
430 467
813 410
44 65
157 416
467 693
376 50
627 387
709 697
83 72
795 824
354 362
829 799
479 606
731 157
632 524