890
4449
0,
1,
2,
3,
4,
5,
6,
7,
8,
9,
10,
11,
12,
13,
14,
15,
16,
17,
18,
19,
20,
21,
22,
23,
24,
25,
26,
27,
28,
29,
30,
31,
32,
33,
34,
35,
36,
37,
38,
39,
40,
41,
42,
43,
44,
45,
46,
47,
48,
49,
50,
51,
52,
53,
54,
55,
56,
57,
58,
59,
60,
61,
62,
63,
64,
65,
66,
67,
68,
69,
70,
71,
72,
73,
74,
75,
76,
77,
78,
79,
80,
81,
82,
83,
84,
85,
86,
87,
88,
89,
90,
91,
92,
93,
94,
95,
96,
97,
98,
99,
100,
101,
102,
103,
104,
105,
106,
107,
108,
109,
110,
111,
112,
113,
114,
115,
116,
117,
118,
119,
120,
121,
122,
123,
124,
125,
126,
127,
128,
129,
130,
131,
132,
133,
134,
135,
136,
137,
138,
139,
140,
141,
142,
143,
144,
145,
146,
147,
148,
149,
150,
151,
152,
153,
154,
155,
156,
157,
158,
159,
160,
161,
162,
163,
164,
165,
166,
167,
168,
169,
170,
171,
172,
173,
174,
175,
176,
177,
178,
179,
180,
181,
182,
183,
184,
185,
186,
187,
188,
189,
190,
191,
192,
193,
194,
195,
196,
197,
198,
199,
200,
201,
202,
203,
204,
205,
206,
207,
208,
209,
210,
211,
212,
213,
214,
215,
216,
217,
218,
219,
220,
221,
222,
223,
224,
225,
226,
227,
228,
229,
230,
231,
232,
233,
234,
235,
236,
237,
238,
239,
240,
241,
242,
243,
244,
245,
246,
247,
248,
249,
250,
251,
252,
253,
254,
255,
256,
257,
258,
259,
260,
261,
262,
263,
264,
265,
266,
267,
268,
269,
270,
271,
272,
273,
274,
275,
276,
277,
278,
279,
280,
281,
282,
283,
284,
285,
286,
287,
288,
289,
290,
291,
292,
293,
294,
295,
296,
297,
298,
299,
300,
301,
302,
303,
304,
305,
306,
307,
308,
309,
310,
311,
312,
313,
314,
315,
316,
317,
318,
319,
320,
321,
322,
323,
324,
325,
326,
327,
328,
329,
330,
331,
332,
333,
334,
335,
336,
337,
338,
339,
340,
341,
342,
343,
344,
345,
346,
347,
348,
349,
350,
351,
352,
353,
354,
355,
356,
357,
358,
359,
360,
361,
362,
363,
364,
365,
366,
367,
368,
369,
370,
371,
372,
373,
374,
375,
376,
377,
378,
379,
380,
381,
382,
383,
384,
385,
386,
387,
388,
389,
390,
391,
392,
393,
394,
395,
396,
397,
398,
399,
400,
401,
402,
403,
404,
405,
406,
407,
408,
409,
410,
411,
412,
413,
414,
415,
416,
417,
418,
419,
420,
421,
422,
423,
424,
425,
426,
427,
428,
429,
430,
431,
432,
433,
434,
435,
436,
437,
438,
439,
440,
441,
442,
443,
444,
445,
446,
447,
448,
449,
450,
451,
452,
453,
454,
455,
456,
457,
458,
459,
460,
461,
462,
463,
464,
465,
466,
467,
468,
469,
470,
471,
472,
473,
474,
475,
476,
477,
478,
479,
480,
481,
482,
483,
484,
485,
486,
487,
488,
489,
490,
491,
492,
493,
494,
495,
496,
497,
498,
499,
500,
501,
502,
503,
504,
505,
506,
507,
508,
509,
510,
511,
512,
513,
514,
515,
516,
517,
518,
519,
520,
521,
522,
523,
524,
525,
526,
527,
528,
529,
530,
531,
532,
533,
534,
535,
536,
537,
538,
539,
540,
541,
542,
543,
544,
545,
546,
547,
548,
549,
550,
551,
552,
553,
554,
555,
556,
557,
558,
559,
560,
561,
562,
563,
564,
565,
566,
567,
568,
569,
570,
571,
572,
573,
574,
575,
576,
577,
578,
579,
580,
581,
582,
583,
584,
585,
586,
587,
588,
589,
590,
591,
592,
593,
594,
595,
596,
597,
598,
599,
600,
601,
602,
603,
604,
605,
606,
607,
608,
609,
610,
611,
612,
613,
614,
615,
616,
617,
618,
619,
620,
621,
622,
623,
624,
625,
626,
627,
628,
629,
630,
631,
632,
633,
634,
635,
636,
637,
638,
639,
640,
641,
642,
643,
644,
645,
646,
647,
648,
649,
650,
651,
652,
653,
654,
655,
656,
657,
658,
659,
660,
661,
662,
663,
664,
665,
666,
667,
668,
669,
670,
671,
672,
673,
674,
675,
676,
677,
678,
679,
680,
681,
682,
683,
684,
685,
686,
687,
688,
689,
690,
691,
692,
693,
694,
695,
696,
697,
698,
699,
700,
701,
702,
703,
704,
705,
706,
707,
708,
709,
710,
711,
712,
713,
714,
715,
716,
717,
718,
719,
720,
721,
722,
723,
724,
725,
726,
727,
728,
729,
730,
731,
732,
733,
734,
735,
736,
737,
738,
739,
740,
741,
742,
743,
744,
745,
746,
747,
748,
749,
750,
751,
752,
753,
754,
755,
756,
757,
758,
759,
760,
761,
762,
763,
764,
765,
766,
767,
768,
769,
770,
771,
772,
773,
774,
775,
776,
777,
778,
779,
780,
781,
782,
783,
784,
785,
786,
787,
788,
789,
790,
791,
792,
793,
794,
795,
796,
797,
798,
799,
800,
801,
802,
803,
804,
805,
806,
807,
808,
809,
810,
811,
812,
813,
814,
815,
816,
817,
818,
819,
820,
821,
822,
823,
824,
825,
826,
827,
828,
829,
830,
831,
832,
833,
834,
835,
836,
837,
838,
839,
840,
841,
842,
843,
844,
845,
846,
847,
848,
849,
850,
851,
852,
853,
854,
855,
856,
857,
858,
859,
860,
861,
862,
863,
864,
865,
866,
867,
868,
869,
870,
871,
872,
873,
874,
875,
876,
877,
878,
879,
880,
881,
882,
883,
884,
885,
886,
887,
888,
889
445 536
536 659
659 178
178 259
259 270
270 726
726 407
407 685
685 888
888 54
54 469
469 347
347 616
616 462
462 307
307 771
771 329
329 588
588 467
467 70
70 483
483 106
106 215
215 807
807 78
78 278
278 412
412 89
89 657
657 126
126 743
743 720
720 671
671 324
324 505
505 317
317 430
430 1
1 461
461 672
672 871
871 434
434 466
466 750
750 55
55 470
470 219
219 433
433 166
166 756
756 243
243 17
17 274
274 203
203 832
832 101
101 602
602 174
174 858
858 57
57 640
640 432
432 502
502 527
527 257
257 815
815 220
220 369
369 530
530 879
879 675
675 632
632 26
26 539
539 69
69 877
877 482
482 874
874 797
797 881
881 377
377 759
759 23
23 651
651 297
297 727
727 226
226 246
246 570
570 24
24 22
22 789
789 704
704 250
250 775
775 438
438 37
37 677
677 343
343 413
413 828
828 99
99 567
567 194
194 694
694 603
603 667
667 721
721 541
541 181
181 740
740 773
773 853
853 12
12 868
868 400
400 190
190 861
861 628
628 356
356 652
652 44
44 319
319 654
654 777
777 778
778 102
102 137
137 457
457 442
442 404
404 184
184 559
559 331
331 49
49 629
629 387
387 263
263 175
175 599
599 230
230 97
97 584
584 374
374 399
399 836
836 610
610 28
28 241
241 285
285 531
531 816
816 396
396 646
646 548
548 782
782 883
883 484
484 199
199 0
0 293
293 372
372 718
718 739
739 501
501 233
233 258
258 515
515 846
846 176
176 504
504 837
837 441
441 724
724 63
63 668
668 87
87 2
2 147
147 292
292 650
650 286
286 744
744 627
627 757
757 600
600 264
264 681
681 496
496 252
252 309
309 288
288 783
783 491
491 18
18 760
760 163
163 73
73 20
20 388
388 746
746 113
113 754
754 597
597 19
19 498
498 788
788 605
605 692
692 862
862 3
3 364
364 547
547 25
25 848
848 607
607 490
490 349
349 635
635 132
132 275
275 249
249 180
180 611
611 280
280 680
680 843
843 582
582 314
314 634
634 551
551 595
595 825
825 43
43 214
214 109
109 477
477 424
424 735
735 844
844 119
119 717
717 492
492 158
158 609
609 191
191 682
682 794
794 247
247 378
378 29
29 310
310 598
598 200
200 792
792 705
705 665
665 183
183 352
352 245
245 497
497 103
103 806
806 820
820 503
503 62
62 159
159 552
552 804
804 197
197 65
65 303
303 550
550 84
84 338
338 266
266 168
168 829
829 291
291 864
864 15
15 428
428 16
16 790
790 813
813 225
225 803
803 370
370 507
507 747
747 417
417 8
8 71
71 336
336 92
92 556
556 590
590 100
100 608
608 140
140 752
752 350
350 656
656 397
397 193
193 330
330 251
251 655
655 869
869 464
464 271
271 689
689 626
626 793
793 549
549 710
710 569
569 305
305 542
542 304
304 420
420 618
618 585
585 814
814 565
565 589
589 451
451 459
459 478
478 876
876 733
733 663
663 748
748 276
276 562
562 326
326 798
798 544
544 558
558 74
74 327
327 295
295 613
613 690
690 554
554 887
887 870
870 649
649 389
389 786
786 318
318 661
661 841
841 698
698 686
686 543
543 346
346 138
138 333
333 67
67 357
357 339
339 139
139 361
361 805
805 699
699 684
684 384
384 770
770 355
355 118
118 439
439 576
576 341
341 716
716 117
117 238
238 573
573 72
72 633
633 213
213 248
248 465
465 522
522 129
129 529
529 706
706 494
494 586
586 734
734 393
393 880
880 533
533 781
781 639
639 381
381 169
169 524
524 154
154 218
218 366
366 670
670 328
328 620
620 205
205 125
125 855
855 693
693 452
452 472
472 401
401 885
885 157
157 128
128 360
360 517
517 186
186 6
6 141
141 212
212 566
566 179
179 105
105 405
405 408
408 300
300 322
322 223
223 172
172 161
161 819
819 513
513 518
518 124
124 510
510 812
812 95
95 499
499 787
787 188
188 185
185 575
575 622
622 311
311 429
429 830
830 580
580 192
192 240
240 217
217 108
108 235
235 149
149 94
94 766
766 358
358 204
204 165
165 90
90 719
719 382
382 4
4 568
568 262
262 583
583 561
561 114
114 150
150 674
674 745
745 58
58 557
557 886
886 538
538 395
395 458
458 456
456 707
707 700
700 664
664 268
268 471
471 847
847 840
840 519
519 833
833 695
695 563
563 231
231 164
164 121
121 535
535 392
392 703
703 416
416 818
818 59
59 279
279 564
564 473
473 83
83 614
614 453
453 146
146 824
824 419
419 367
367 253
253 713
713 506
506 489
489 422
422 648
648 779
779 38
38 116
116 834
834 134
134 875
875 398
398 708
708 448
448 709
709 143
143 312
312 145
145 426
426 345
345 5
5 662
662 380
380 75
75 619
619 475
475 33
33 302
302 666
666 208
208 796
796 299
299 455
455 221
221 340
340 571
571 444
444 39
39 234
234 35
35 68
68 211
211 669
669 729
729 390
390 368
368 763
763 256
256 152
152 508
508 572
572 604
604 764
764 835
835 509
509 701
701 142
142 678
678 421
421 52
52 261
261 679
679 167
167 76
76 232
232 488
488 732
732 130
130 468
468 391
391 801
801 867
867 641
641 872
872 173
173 753
753 131
131 673
673 418
418 431
431 363
363 755
755 111
111 244
244 711
711 10
10 182
182 402
402 643
643 534
534 776
776 631
631 873
873 785
785 884
884 537
537 50
50 660
660 301
301 863
863 406
406 323
323 712
712 282
282 601
601 308
308 574
574 765
765 528
528 209
209 66
66 45
45 800
800 523
523 772
772 342
342 201
201 156
156 637
637 296
296 294
294 423
423 555
555 316
316 206
206 638
638 683
683 624
624 742
742 731
731 480
480 737
737 865
865 728
728 520
520 153
153 594
594 596
596 526
526 410
410 337
337 281
281 581
581 242
242 817
817 474
474 446
446 227
227 64
64 144
144 160
160 799
799 104
104 48
48 845
845 540
540 255
255 135
135 449
449 96
96 839
839 216
216 236
236 653
653 450
450 642
642 93
93 851
851 810
810 40
40 532
532 42
42 335
335 560
560 758
758 344
344 842
842 440
440 207
207 237
237 298
298 687
687 120
120 77
77 697
697 32
32 722
722 852
852 495
495 736
736 647
647 780
780 644
644 284
284 691
691 189
189 878
878 187
187 376
376 386
386 808
808 606
606 394
394 272
272 636
636 60
60 774
774 122
122 623
623 289
289 463
463 714
714 88
88 79
79 516
516 514
514 267
267 415
415 882
882 171
171 486
486 437
437 313
313 593
593 228
228 306
306 151
151 425
425 373
373 11
11 827
827 224
224 578
578 725
725 822
822 749
749 454
454 802
802 546
546 27
27 702
702 769
769 359
359 479
479 222
222 148
148 500
500 85
85 136
136 553
553 51
51 658
658 730
730 362
362 61
61 321
321 385
385 809
809 133
133 354
354 723
723 9
9 365
365 821
821 545
545 47
47 254
254 521
521 688
688 273
273 34
34 277
277 447
447 80
80 791
791 371
371 823
823 857
857 493
493 579
579 353
353 411
411 696
696 826
826 14
14 849
849 325
325 741
741 351
351 290
290 7
7 645
645 332
332 107
107 81
81 115
115 866
866 202
202 162
162 617
617 315
315 260
260 320
320 476
476 375
375 676
676 98
98 592
592 621
621 36
36 41
41 210
210 856
856 348
348 265
265 751
751 587
587 854
854 860
860 31
31 409
409 625
625 443
443 383
383 229
229 811
811 123
123 795
795 460
460 334
334 615
615 859
859 784
784 436
436 511
511 287
287 487
487 379
379 435
435 110
110 525
525 127
127 612
612 761
761 82
82 427
427 889
889 768
768 738
738 30
30 485
485 91
91 198
198 86
86 831
831 767
767 762
762 269
269 13
13 838
838 21
21 196
196 414
414 283
283 56
56 403
403 591
591 177
177 850
850 715
715 577
577 512
512 170
170 46
46 53
53 481
481 155
155 195
195 630
630 112
112 239
121 779
618 362
604 246
211 613
640 432
718 587
887 354
879 323
59 481
332 303
524 695
804 603
72 36
594 605
69 761
641 484
828 860
219 159
611 163
739 876
882 731
584 731
191 231
9 220
685 608
706 512
664 168
225 609
751 745
705 135
514 716
318 242
246 445
483 688
724 82
712 874
53 288
26 84
825 502
134 408
67 614
723 630
196 199
70 710
126 143
360 45
4 314
37 123
562 427
888 35
792 75
791 368
387 492
842 812
464 97
713 451
143 324
776 330
856 333
285 477
768 300
122 636
179 646
453 623
110 49
323 327
368 476
178 115
106 732
373 48
149 132
414 710
700 55
535 540
543 771
284 412
631 756
427 241
470 66
600 789
229 572
278 61
244 357
699 246
603 563
806 732
383 469
86 38
809 858
323 237
543 220
421 849
433 751
325 686
761 251
864 480
495 429
8 227
599 761
427 224
824 352
156 541
536 742
287 12
717 77
686 763
189 868
755 40
45 483
356 496
454 394
884 100
119 185
427 722
292 723
205 549
31 671
224 222
765 122
355 257
684 503
189 264
586 567
540 872
692 804
680 343
166 799
791 147
77 246
145 452
432 381
539 730
714 633
124 674
478 155
354 447
792 104
596 59
837 618
444 861
837 452
2 249
244 391
565 170
754 845
218 763
158 148
189 550
367 559
375 11
414 214
602 691
446 754
39 786
9 605
301 746
28 122
272 487
269 336
572 657
195 128
615 502
593 54
220 568
849 587
278 9
485 599
675 726
57 57
815 35
650 239
322 849
585 421
306 614
26 80
274 659
462 95
771 194
326 459
414 566
183 381
708 624
249 7
850 688
156 392
425 132
248 399
866 473
324 839
394 847
784 406
36 54
141 731
106 860
447 22
154 154
643 174
42 869
854 74
633 652
876 46
551 537
392 72
247 339
881 554
9 97
702 302
601 313
120 857
100 393
464 371
300 767
868 602
886 594
500 160
180 29
300 734
542 493
393 503
845 812
758 506
270 363
612 224
230 168
617 348
839 674
688 231
481 699
257 293
161 189
70 180
145 591
12 461
632 411
841 674
140 429
346 886
115 331
835 12
513 130
795 295
664 363
98 806
542 689
174 67
415 760
432 472
852 112
508 67
719 852
812 157
682 91
103 715
852 189
791 638
146 367
96 358
237 812
611 174
397 19
786 889
390 452
589 415
490 695
176 779
440 643
520 836
254 752
758 494
457 548
745 138
734 328
766 212
316 541
453 619
617 715
377 91
520 853
102 531
409 706
274 549
621 52
537 216
18 698
444 299
510 210
602 290
719 398
142 183
491 832
313 537
256 314
381 591
125 841
20 663
525 541
7 577
549 204
16 218
306 57
430 604
855 560
757 874
346 474
245 450
532 546
443 649
385 134
290 509
52 405
753 573
181 159
297 479
88 755
299 413
799 210
567 390
333 232
100 654
498 713
467 142
821 246
235 303
7 458
52 785
312 313
192 268
287 591
285 343
141 719
701 236
707 863
26 18
719 595
431 561
775 34
863 655
19 706
299 640
732 682
680 775
520 285
712 118
391 118
119 709
483 173
886 46
686 664
32 591
253 665
670 21
629 811
801 111
343 227
71 508
206 805
365 15
379 790
12 313
659 222
314 492
674 486
101 668
639 277
148 34
37 880
239 239
94 594
776 387
365 251
272 747
186 450
142 256
188 198
718 883
731 407
800 63
33 698
823 605
538 190
668 74
311 610
590 631
47 611
328 316
271 422
416 142
777 735
790 783
543 850
310 881
764 580
516 114
464 246
191 158
171 847
570 313
847 610
71 850
686 704
260 392
884 129
806 379
135 261
22 655
812 607
545 674
99 277
782 752
130 222
862 566
445 259
333 569
662 174
189 369
67 532
146 248
497 429
832 66
106 837
139 344
553 140
75 681
867 842
298 773
185 255
33 181
515 329
809 343
147 412
887 408
657 813
787 435
228 651
400 802
429 525
750 122
671 779
371 125
42 337
614 791
522 778
601 611
861 122
133 787
238 753
502 332
810 98
168 517
12 409
3 662
65 402
791 32
638 194
301 51
46 438
739 448
319 128
755 655
799 771
383 477
284 500
883 710
424 338
386 525
745 185
603 838
760 693
40 799
182 375
54 797
639 338
433 46
114 741
523 208
709 320
98 188
11 442
430 418
9 778
827 347
648 362
576 391
229 193
135 294
463 622
382 770
234 879
724 319
573 773
778 709
257 531
683 734
528 767
676 625
842 315
528 148
527 629
135 734
309 877
348 823
60 566
492 101
328 539
606 726
469 496
169 633
252 153
272 234
758 297
11 572
63 817
284 624
668 482
605 101
403 869
654 608
447 187
403 831
60 458
112 827
315 870
7 34
622 156
98 340
826 176
109 374
536 449
843 747
352 66
489 629
592 674
6 84
828 120
685 442
297 610
34 690
482 429
483 77
347 224
177 740
272 114
428 64
154 162
688 21
881 743
209 16
258 301
94 647
198 620
591 266
323 492
99 51
840 63
673 852
824 369
755 748
356 524
824 570
656 824
589 700
883 538
284 393
18 199
117 400
770 51
421 254
834 58
507 238
329 617
100 194
79 340
158 70
441 773
758 744
219 378
45 485
214 179
724 456
7 539
521 440
469 357
46 497
215 54
632 471
648 147
38 435
303 24
422 759
22 441
684 237
212 95
859 241
826 312
836 131
851 534
612 524
263 170
740 535
651 538
531 61
436 880
756 586
730 97
473 326
806 527
555 272
643 883
873 807
586 358
836 307
202 889
343 427
409 196
655 820
653 275
338 613
113 458
575 195
191 62
851 409
296 391
812 24
729 873
832 518
616 273
394 316
555 384
223 203
203 781
27 275
170 657
763 511
557 469
305 26
734 836
59 551
770 555
751 427
123 880
426 46
349 542
698 290
544 172
650 12
516 862
716 36
374 319
717 447
619 827
572 863
66 387
401 507
60 145
695 768
274 870
689 438
575 48
540 430
164 310
208 250
837 172
735 77
683 661
241 577
367 197
449 578
105 16
883 260
61 631
0 64
69 71
315 516
200 51
247 89
5 442
306 596
269 624
309 240
477 115
665 697
229 260
104 824
199 109
4 566
775 83
199 758
777 747
142 365
218 777
199 344
551 267
802 869
870 429
637 488
255 538
709 55
801 308
820 266
66 672
706 772
362 370
437 113
72 623
839 420
811 3
607 819
21 768
231 392
130 745
269 848
193 675
18 244
87 754
588 449
455 274
65 797
224 545
648 700
476 337
94 348
307 439
188 221
443 171
883 569
73 795
181 3
205 785
36 241
98 339
379 544
452 627
199 837
350 735
322 189
876 472
40 868
594 644
190 777
57 886
839 309
505 834
800 158
165 749
142 731
662 589
438 595
204 200
266 644
788 481
80 161
393 557
237 820
138 627
261 298
822 66
37 136
733 793
293 643
324 453
650 215
111 239
197 884
573 656
60 612
152 305
680 91
248 52
454 700
350 855
121 794
561 391
276 111
811 613
448 207
389 414
162 359
688 675
312 611
765 885
416 854
741 427
357 876
756 196
422 153
515 238
277 741
538 124
872 784
687 885
82 736
239 802
710 314
158 65
205 167
176 615
553 89
836 806
122 366
312 270
561 792
32 50
70 250
592 114
816 435
165 13
792 353
454 281
230 568
139 11
18 643
94 144
751 121
243 410
166 323
222 144
463 399
265 63
273 157
673 90
27 855
559 695
470 377
411 371
887 98
135 312
832 585
219 118
745 302
886 145
74 310
607 435
93 230
783 726
565 212
406 263
243 2
322 66
668 440
734 406
658 401
318 267
434 417
466 409
272 321
888 319
317 70
431 253
875 884
860 219
55 797
457 208
573 28
191 310
79 498
461 826
326 415
74 876
340 118
861 378
13 763
28 67
421 379
201 186
69 120
533 608
427 291
442 454
284 611
578 34
491 556
361 793
21 625
868 490
541 618
314 870
626 497
658 44
129 671
607 218
253 475
209 372
649 694
375 757
885 410
337 182
338 242
535 622
842 79
197 873
724 422
414 875
371 479
774 627
303 53
70 70
683 236
205 689
719 198
619 145
473 718
775 322
30 125
294 16
565 79
577 647
157 845
259 727
114 413
385 247
820 394
589 627
693 383
133 884
482 737
298 441
587 249
237 755
491 10
765 597
845 145
597 697
55 621
375 779
549 435
621 640
498 44
584 149
464 716
129 469
748 135
587 219
522 365
365 312
210 450
300 550
84 392
652 748
480 494
458 417
780 564
285 838
598 875
363 556
33 642
536 263
154 440
818 884
132 504
184 488
662 555
384 477
591 40
694 793
788 880
95 178
808 784
255 782
182 772
109 452
2 829
678 109
266 353
831 830
320 23
312 643
591 828
202 192
291 584
788 470
775 212
194 868
508 273
392 51
133 1
869 325
499 509
588 141
509 359
2 650
644 604
206 643
16 355
737 272
43 167
469 801
271 479
532 478
13 685
428 406
584 233
504 86
198 744
549 838
218 114
360 718
838 667
129 505
502 14
812 545
813 781
361 84
377 448
372 626
735 58
388 508
791 262
508 32
326 749
718 425
644 593
834 245
674 833
411 530
428 680
71 886
387 22
547 344
123 548
850 505
607 729
142 759
865 645
194 790
776 751
736 576
731 351
860 194
860 820
315 812
104 437
129 372
668 233
862 337
742 189
315 391
664 367
771 860
615 89
733 399
42 570
679 825
301 245
552 344
370 172
539 592
351 734
13 506
296 885
728 84
585 426
567 145
45 274
250 112
767 512
647 235
883 296
838 741
511 860
60 569
362 49
628 193
831 679
2 631
313 1
521 459
80 784
206 344
656 740
727 778
21 821
368 322
879 410
374 437
69 174
764 493
446 863
790 577
329 425
301 828
439 415
319 648
314 845
170 701
513 506
407 171
627 584
566 365
248 663
265 214
352 258
334 849
857 187
497 738
146 847
634 795
599 810
352 380
654 143
57 715
223 243
373 213
618 840
132 443
42 287
54 704
845 452
582 123
817 833
623 712
573 48
742 790
801 805
884 121
744 284
90 273
781 211
337 82
802 445
537 805
260 478
805 668
387 616
259 647
811 529
348 212
265 252
410 531
320 727
183 386
767 291
705 45
541 462
638 683
665 8
761 103
103 258
301 654
863 594
642 497
142 263
612 644
877 45
322 552
770 681
874 550
283 167
83 242
398 280
597 791
243 528
738 881
398 573
160 128
162 467
869 155
155 624
680 25
504 779
566 755
587 541
103 799
315 359
695 451
864 564
173 185
195 622
52 659
543 0
855 554
660 430
872 554
570 166
421 613
794 396
332 225
274 385
724 81
673 368
233 19
432 639
163 815
812 871
768 533
609 569
331 331
62 513
632 389
797 334
185 344
741 714
303 596
427 643
568 420
741 333
266 621
500 258
585 565
327 27
595 436
869 595
19 776
34 98
213 819
166 613
598 304
73 574
542 734
536 718
667 561
7 134
543 658
410 731
548 523
854 79
72 287
197 359
21 91
700 802
170 778
179 793
781 731
250 674
144 504
682 504
107 664
252 400
217 264
409 698
636 646
310 94
174 687
714 765
339 326
457 131
852 605
865 335
37 97
655 153
265 214
656 111
575 831
177 840
66 371
213 456
787 474
81 281
591 437
349 61
201 587
879 755
771 115
395 182
577 31
646 237
480 281
47 13
666 359
773 753
265 795
357 583
502 345
113 706
702 807
49 122
398 366
128 605
86 660
763 184
596 530
409 796
850 22
855 636
352 797
326 168
820 97
695 234
633 57
621 633
686 176
640 314
822 551
618 379
664 205
52 284
105 440
853 492
143 251
779 13
515 380
555 96
67 575
808 360
271 239
137 218
520 617
738 169
375 727
83 638
168 366
166 588
27 339
613 506
144 396
643 800
691 478
726 522
757 225
508 603
815 785
560 490
293 603
506 551
414 835
160 104
730 814
735 551
71 177
790 664
848 701
593 352
844 565
416 537
737 546
105 825
354 674
798 96
756 464
749 104
228 606
11 885
803 724
715 836
563 84
365 868
778 144
106 252
665 517
702 834
764 581
494 758
127 95
141 530
135 409
263 668
350 605
640 824
200 107
14 720
357 254
445 632
646 479
48 25
254 251
130 132
869 239
31 651
470 186
576 121
206 753
125 428
289 295
149 849
862 174
518 737
171 143
538 187
454 196
465 650
874 815
251 750
887 407
855 806
702 67
98 751
464 140
731 515
885 89
635 556
41 751
621 864
268 878
77 749
371 26
276 777
762 88
86 484
167 171
456 871
877 331
837 741
318 168
767 561
484 340
157 370
712 351
548 705
495 46
413 310
295 135
575 651
605 572
588 380
442 823
43 452
419 865
822 26
165 40
427 398
265 852
219 806
10 885
286 499
678 657
776 447
253 587
304 704
831 509
47 83
547 10
61 621
140 689
721 345
341 458
137 376
711 321
131 369
329 58
96 457
718 80
25 279
226 762
295 413
219 814
116 746
548 203
164 160
403 225
678 870
674 402
527 837
737 126
497 704
65 674
68 670
43 476
313 733
783 487
68 835
428 561
298 528
382 795
270 654
717 79
85 615
75 252
41 638
57 599
594 279
109 474
445 78
664 620
729 732
867 203
683 135
449 44
369 884
57 131
309 238
12 623
319 648
707 426
646 443
83 770
61 752
865 779
619 87
703 94
150 226
685 419
372 54
322 505
81 448
427 264
100 483
692 241
598 521
490 300
140 199
227 586
766 686
308 672
653 620
63 380
616 625
758 324
95 154
654 489
862 535
166 123
240 57
28 114
652 140
357 558
139 487
290 137
700 95
75 598
338 31
436 728
491 416
794 669
533 577
227 274
494 10
297 474
849 475
95 596
632 442
215 596
707 448
870 783
131 1
487 612
387 278
511 183
467 336
315 443
650 499
723 609
425 565
813 757
144 405
203 545
12 678
147 776
219 378
657 560
690 345
818 555
823 871
196 574
234 775
503 729
795 696
156 696
885 158
242 766
779 62
659 123
287 687
232 572
644 365
538 144
526 197
144 129
673 283
488 514
455 837
364 95
411 246
95 871
700 39
152 197
471 458
799 416
351 57
215 523
740 91
24 607
0 294
494 401
347 66
723 498
774 148
423 645
506 700
734 197
48 672
729 131
236 407
496 652
268 606
383 626
328 799
619 487
856 776
455 66
338 63
573 222
874 808
650 581
447 601
602 126
399 597
609 688
290 294
539 569
238 17
789 775
454 410
576 396
844 528
877 515
527 443
769 656
846 116
519 233
823 213
468 210
467 157
792 407
648 235
761 522
703 74
636 508
261 601
379 684
607 757
61 71
458 472
512 609
780 626
217 755
384 256
302 156
86 243
624 535
68 670
237 833
524 796
8 774
814 698
515 274
426 476
840 291
219 534
676 204
217 621
154 575
859 575
781 216
5 799
90 329
545 860
389 553
465 359
137 559
126 495
132 88
469 135
401 880
580 386
26 415
693 532
678 588
153 255
833 90
584 197
439 188
177 770
457 118
853 551
349 496
650 263
736 348
362 257
352 32
696 288
288 808
16 336
124 210
123 658
682 401
754 394
467 353
29 414
201 571
260 850
627 736
20 379
471 190
505 337
774 230
298 351
498 620
755 603
646 111
576 667
6 640
878 172
876 798
690 316
776 229
857 517
20 86
82 18
204 142
354 530
649 231
714 593
167 803
294 730
194 77
560 247
350 369
62 448
863 246
599 376
276 203
311 91
517 146
550 124
56 598
772 111
92 655
852 648
785 752
108 285
86 837
848 230
670 210
43 378
372 255
279 580
474 589
431 301
562 305
202 461
696 142
146 883
112 685
92 32
763 233
584 79
230 888
661 706
302 378
560 772
388 260
373 95
871 257
595 20
245 100
863 440
431 683
212 854
844 512
123 482
689 504
735 204
760 658
209 244
831 447
117 275
109 738
850 51
10 144
737 575
80 277
297 829
58 526
338 850
803 519
834 703
210 721
215 327
581 87
529 433
768 86
391 391
3 737
399 782
288 676
65 452
314 676
387 78
338 467
575 234
97 343
735 753
713 672
854 883
209 618
642 836
248 778
402 174
612 111
34 628
796 605
117 175
339 695
441 447
341 395
335 646
692 769
654 633
665 625
13 106
257 540
575 857
319 857
394 105
440 621
459 615
250 438
146 779
86 38
617 542
770 730
640 405
30 296
803 673
804 248
72 232
381 641
619 2
298 121
265 837
263 343
252 272
162 129
171 57
234 882
784 753
188 794
630 696
440 91
292 260
666 449
850 757
439 152
754 11
476 464
621 171
293 200
428 386
857 543
411 872
454 351
585 511
503 752
579 709
171 567
90 642
321 514
616 402
397 863
713 210
17 701
838 124
374 17
362 727
516 793
489 486
662 376
143 368
626 139
180 40
390 588
410 181
245 561
885 32
604 95
108 627
696 362
211 722
715 599
228 193
478 816
51 515
611 256
714 226
362 281
72 65
731 376
60 210
212 399
559 189
115 119
324 804
642 709
71 854
630 710
254 515
627 102
716 633
296 270
608 250
423 457
371 462
389 845
94 549
321 815
887 809
371 86
621 186
25 615
284 428
86 571
73 179
460 603
96 486
202 504
816 298
266 438
344 340
857 439
389 710
694 77
707 170
416 304
13 178
65 809
424 842
125 888
97 582
750 447
541 567
747 263
230 383
324 672
797 36
646 825
414 790
72 866
365 384
702 808
200 405
419 762
153 820
120 626
533 572
100 309
240 68
837 782
771 207
766 467
60 49
292 293
562 307
716 202
886 44
779 828
852 762
476 155
89 816
762 611
810 327
806 126
799 279
419 452
21 616
141 536
426 637
534 814
754 420
853 8
181 746
430 655
339 715
495 149
147 763
653 19
540 513
538 124
230 381
716 127
421 669
342 578
66 641
694 459
653 748
334 685
758 377
610 230
47 173
380 651
404 471
46 669
792 176
427 186
342 35
425 120
319 766
647 305
271 521
483 612
852 315
577 831
90 843
580 792
49 223
635 128
889 568
93 176
405 11
400 113
268 507
188 881
497 136
445 425
643 448
250 288
60 590
84 446
157 778
858 866
769 865
751 582
220 17
683 596
496 399
769 25
81 672
225 214
829 548
114 668
440 612
851 507
202 789
408 372
467 193
786 821
209 361
785 820
524 315
241 617
431 692
627 166
563 485
63 231
588 91
820 46
211 267
773 556
297 885
146 569
104 483
746 732
617 621
405 574
869 513
858 602
194 413
760 785
399 423
110 17
257 506
450 14
116 566
583 119
787 437
619 851
642 30
267 445
170 229
481 217
473 866
574 321
205 553
503 514
651 580
396 364
641 213
155 843
618 672
313 513
518 10
355 676
271 430
743 221
481 186
764 507
307 501
153 34
774 436
826 493
63 301
614 829
334 475
694 19
411 742
314 686
616 475
34 851
656 566
784 583
137 289
142 811
595 119
311 77
9 316
815 510
803 858
21 172
112 475
195 560
827 752
538 850
316 814
550 274
592 413
227 723
749 556
866 251
24 674
442 93
459 387
363 230
298 371
43 877
823 694
449 59
37 794
639 94
581 48
235 638
480 546
781 716
327 120
312 758
694 192
841 596
492 693
19 124
668 454
683 750
313 747
227 350
652 615
575 264
445 798
715 633
832 725
410 76
571 428
601 424
372 233
727 720
547 175
870 54
504 545
571 738
605 375
441 476
287 690
374 596
388 314
269 479
388 797
741 794
672 740
851 171
276 386
547 560
100 882
798 101
714 172
397 633
764 724
78 663
172 660
865 463
292 670
209 618
824 381
229 579
90 575
439 223
586 667
505 459
588 521
216 567
558 378
552 652
839 588
415 491
424 719
414 614
825 811
187 876
347 749
253 424
689 142
524 482
810 91
728 282
877 859
287 76
787 790
784 261
228 214
420 37
41 427
547 386
281 120
560 430
641 888
279 15
829 451
571 363
502 755
117 467
78 77
567 687
186 824
43 187
246 786
278 144
669 351
296 209
129 288
820 739
747 592
74 610
189 740
368 189
884 409
198 500
677 586
814 605
253 221
41 22
617 703
618 653
211 541
615 719
523 206
696 24
440 660
492 663
429 711
513 393
347 52
583 463
754 53
152 881
273 870
821 771
252 721
768 60
855 833
505 495
518 751
12 58
396 796
763 633
121 640
547 96
848 589
519 844
795 564
811 598
416 697
687 126
283 25
169 149
686 395
208 360
217 814
685 452
240 4
504 472
675 649
574 740
233 710
858 205
568 585
436 453
458 183
666 612
18 157
242 336
564 889
749 213
357 483
857 69
21 846
346 61
361 130
775 733
733 675
408 843
473 811
656 784
780 365
257 412
29 797
126 779
769 406
619 647
585 622
525 686
573 183
486 827
181 527
371 739
318 844
737 266
273 491
328 620
608 1
162 878
287 335
614 90
224 364
125 658
93 806
234 523
408 769
723 394
117 250
646 532
339 633
798 807
247 457
865 438
446 734
53 416
222 290
440 292
253 88
396 803
255 360
287 9
875 554
212 665
805 369
339 374
348 396
530 186
262 667
15 831
849 44
764 836
392 716
297 177
323 436
410 739
424 637
40 672
322 587
144 749
544 698
572 67
89 489
283 725
296 709
452 642
16 722
500 83
457 840
72 801
404 474
201 279
686 869
428 544
751 427
353 624
153 882
339 155
403 880
443 192
489 19
297 287
272 533
795 311
121 339
444 713
206 864
342 660
39 75
563 190
541 345
362 320
122 802
459 537
27 584
66 348
400 390
660 562
359 177
50 499
470 17
842 572
606 314
56 97
38 715
200 440
459 3
615 690
420 615
159 451
325 34
57 717
601 433
773 620
721 210
181 672
570 355
694 165
752 394
888 780
147 871
244 841
727 713
580 630
590 275
713 330
369 173
389 192
385 554
848 786
69 56
617 34
160 41
811 597
338 367
198 354
55 254
133 689
341 158
288 445
375 839
429 646
261 109
869 143
197 679
657 789
707 767
58 725
256 859
27 630
642 413
2 753
618 97
778 655
477 120
714 307
561 819
688 849
518 726
739 826
314 325
125 517
422 360
789 208
587 193
661 363
183 687
2 467
366 5
585 592
173 478
3 191
709 499
205 412
509 403
610 833
474 577
283 45
889 287
542 887
189 333
525 883
780 680
359 532
804 784
511 521
718 540
157 459
57 653
857 150
789 426
102 236
552 490
569 695
565 397
276 794
689 719
742 738
468 791
408 479
779 21
243 828
588 778
646 576
701 23
881 827
271 212
358 180
421 242
651 328
642 416
690 529
527 867
422 850
764 720
208 465
804 341
276 79
312 208
182 168
107 713
778 266
387 205
835 192
814 781
694 214
288 346
606 404
837 174
839 326
544 262
541 363
56 720
868 92
760 160
800 571
135 593
506 718
735 421
203 656
526 774
93 114
354 1
404 166
884 175
523 515
146 547
888 858
591 760
442 437
385 678
452 221
233 374
623 340
780 497
732 232
217 882
589 708
685 321
311 72
382 588
325 349
231 850
114 81
655 534
151 610
465 164
457 628
115 342
590 615
558 867
488 107
585 775
641 789
602 325
99 856
193 29
229 280
681 748
466 163
688 114
580 770
183 519
59 167
479 302
850 543
33 209
466 583
588 65
371 257
387 120
735 246
603 62
119 759
172 480
805 172
28 670
160 270
99 866
799 368
321 213
605 250
840 318
820 498
299 442
571 181
451 251
320 835
271 523
645 633
349 416
540 490
241 638
554 288
33 524
838 134
153 693
310 55
209 823
652 388
185 764
600 139
821 297
390 353
680 791
559 684
634 196
454 362
381 549
574 636
366 764
565 246
92 502
681 255
260 87
54 58
740 339
678 865
68 824
863 834
276 205
349 344
860 1
460 819
659 445
570 613
591 144
738 710
305 61
734 196
379 351
110 834
387 578
498 360
53 668
302 246
387 1
241 617
205 252
573 557
739 364
101 547
202 331
244 861
99 508
184 99
293 682
457 64
412 887
603 796
686 741
719 660
504 210
703 574
443 195
666 809
44 372
340 344
825 442
543 106
777 37
309 732
430 664
827 66
490 724
35 775
781 351
448 485
705 608
414 646
104 477
142 802
650 357
31 544
396 10
611 661
529 612
47 502
522 371
879 607
724 849
152 75
315 740
592 471
513 497
818 76
218 858
650 780
216 131
70 883
94 154
819 153
850 171
270 426
579 454
169 300
271 104
137 523
553 405
475 147
513 288
265 703
582 744
90 632
510 53
497 292
546 230
732 721
812 202
373 539
367 774
66 306
85 563
8 866
665 197
536 231
48 327
828 59
534 76
6 744
416 635
442 721
9 355
231 433
568 752
591 199
615 56
31 51
839 11
619 55
232 663
841 74
561 406
787 11
257 327
100 598
237 714
820 184
528 684
209 267
743 482
815 532
393 477
72 726
689 788
809 805
333 281
423 571
739 401
304 459
677 360
77 135
825 349
60 790
721 870
22 677
598 889
453 295
836 691
398 284
631 166
713 325
140 465
178 594
123 634
293 747
782 693
227 430
539 607
806 28
211 176
408 380
569 683
613 455
244 415
845 443
509 534
672 34
564 538
240 489
425 415
627 179
239 679
309 846
151 257
317 888
134 738
669 438
378 597
176 802
445 479
873 693
144 124
641 678
458 877
739 476
714 748
94 672
261 422
433 487
746 701
503 167
396 759
166 459
448 291
241 582
660 539
176 381
241 883
168 225
601 567
651 114
524 517
356 328
333 673
56 731
853 678
703 833
169 867
553 76
267 406
808 336
666 762
406 458
592 674
638 41
99 260
332 857
586 789
416 753
270 91
322 611
741 603
724 238
330 256
879 828
115 829
390 713
771 676
185 601
456 813
818 873
238 745
348 461
181 805
73 55
632 294
60 138
560 524
743 222
434 444
190 483
841 473
226 44
197 492
482 538
259 257
214 369
97 70
599 311
175 403
802 596
375 477
309 25
205 284
340 97
881 771
355 622
278 324
884 627
839 763
785 185
339 278
749 625
403 429
18 698
646 847
126 174
459 732
366 606
252 13
365 812
168 796
476 610
532 716
414 559
504 490
628 507
652 680
833 102
816 154
721 653
235 503
496 884
592 666
444 472
188 273
600 417
312 812
495 382
763 717
888 639
70 814
31 171
398 813
112 147
776 816
835 175
629 302
872 103
865 245
404 96
143 73
383 391
534 138
709 702
845 30
11 484
634 226
360 281
288 0
817 745
23 292
58 336
562 21
517 347
377 33
115 222
732 470
74 703
816 187
421 600
806 780
639 122
11 459
370 438
244 636
201 404
803 35
73 387
788 25
676 483
507 692
762 607
317 103
178 326
872 109
596 243
200 836
449 143
115 34
754 19
663 152
498 266
128 295
278 683
368 325
773 152
115 99
636 567
746 237
884 317
405 675
802 482
213 524
25 770
253 640
252 0
436 840
517 55
562 639
475 241
325 241
510 81
782 472
107 15
6 453
710 451
745 77
718 432
813 18
257 880
563 775
204 168
805 220
184 755
530 880
98 820
298 854
737 158
271 156
792 151
374 807
618 639
642 793
186 769
231 523
438 816
866 831
124 17
610 426
142 72
218 623
336 780
722 383
624 817
97 449
484 634
730 839
282 788
425 133
487 213
603 724
559 692
125 745
580 832
418 39
127 742
753 413
150 134
869 708
482 265
248 314
44 714
186 275
23 338
696 266
551 233
781 247
778 118
505 46
154 55
180 626
561 220
856 404
238 732
26 788
601 734
405 748
373 835
501 763
552 663
218 448
493 317
193 356
655 126
361 719
863 549
60 680
47 812
145 888
628 817
297 406
10 146
174 629
762 583
364 669
749 357
461 463
652 603
510 710
866 63
632 465
68 106
421 410
208 393
24 482
227 22
336 650
195 572
9 768
563 517
662 689
118 338
848 666
257 416
508 318
869 712
821 57
126 647
190 27
800 195
843 831
338 741
80 214
61 674
29 575
858 458
289 526
654 22
250 832
790 40
1 164
155 698
385 816
275 493
477 852
19 438
789 497
858 854
351 35
182 80
202 152
399 707
224 90
539 498
576 326
426 797
764 257
454 750
754 272
70 39
624 454
91 689
400 729
311 325
196 496
270 496
107 639
870 649
84 594
207 107
850 201
411 404
93 310
203 424
652 786
596 749
864 725
425 835
879 17
373 632
828 558
526 84
787 129
504 647
100 251
536 330
567 879
833 436
806 495
456 232
211 653
223 321
238 101
399 211
348 712
25 317
713 793
864 596
575 822
131 393
180 63
660 502
674 226
701 376
61 631
38 727
582 7
218 8
458 526
346 72
668 770
283 89
132 211
140 15
634 395
880 229
864 70
649 294
446 840
472 237
841 774
718 131
405 107
546 704
570 748
232 885
713 383
292 259
104 117
268 748
708 40
752 58
293 274
627 531
338 505
211 471
337 826
31 877
210 78
315 85
845 538
664 675
758 477
14 476
148 555
4 128
700 447
717 886
106 221
656 226
306 491
866 643
514 360
353 306
379 526
450 834
215 204
200 735
97 617
447 514
790 57
721 752
57 44
210 432
278 555
611 108
687 208
61 519
169 572
19 329
697 528
331 183
500 33
395 319
540 749
195 771
582 871
697 846
602 539
316 310
347 302
501 696
173 172
123 550
58 199
344 19
134 440
825 881
490 246
187 654
396 819
600 415
678 769
757 244
862 803
365 208
425 454
59 240
702 281
847 422
499 849
810 653
834 203
302 726
335 619
598 94
886 324
669 577
592 510
95 424
309 754
443 804
372 184
369 671
755 464
526 873
441 782
784 192
388 176
767 701
215 521
557 394
398 398
127 129
64 884
835 498
357 257
463 499
810 307
583 13
686 761
561 441
257 445
240 443
460 672
767 830
811 748
669 840
331 475
784 398
613 253
576 456
453 340
111 833
442 513
227 167
117 286
418 878
354 240
677 577
401 403
842 501
510 272
408 598
250 360
54 498
64 44
508 244
743 52
806 859
213 621
608 673
687 699
739 708
528 784
17 476
734 705
232 43
825 870
186 622
789 738
445 348
773 300
690 720
505 837
757 158
66 59
142 814
241 491
813 826
132 708
620 394
517 364
632 636
41 163
671 145
301 786
648 826
70 74
319 649
395 394
577 808
860 781
597 730
629 31
535 407
310 434
217 139
480 100
692 546
334 545
440 683
436 163
738 797
820 756
473 567
519 332
386 740
556 772
661 159
317 620
75 17
281 457
59 887
515 738
806 192
22 834
645 666
792 68
827 612
3 584
719 756
580 58
737 35
319 684
400 93
832 816
354 868
640 455
842 565
215 784
378 316
573 741
390 123
133 345
722 218
149 87
882 546
453 19
37 749
585 842
703 466
832 282
634 459
615 33
119 661
108 410
853 31
881 155
861 375
359 743
188 611
20 368
38 178
667 463
598 849
208 690
40 660
767 369
387 333
641 826
298 81
850 355
219 203
51 405
14 874
760 629
384 174
632 482
869 304
504 816
191 235
492 680
735 521
512 786
601 74
240 80
590 618
416 677
84 165
590 571
445 736
674 755
630 335
824 865
433 61
771 411
128 176
510 240
839 219
274 754
376 834
170 859
663 829
164 610
201 95
606 802
147 188
276 626
688 411
476 886
602 514
553 344
393 385
350 593
699 29
697 28
194 321
374 805
102 540
114 373
564 176
444 199
715 429
653 753
21 703
525 253
272 262
7 780
192 55
351 479
555 740
624 534
491 252
94 763
339 646
410 549
705 463
382 832
560 888
685 819
680 711
211 281
240 687
510 447
514 499
358 45
799 6
436 14
430 430
295 577
398 502
117 818
292 276
806 544
185 367
263 478
262 716
33 84
96 637
657 501
304 447
127 199
691 652
807 746
494 284
742 268
313 522
649 280
661 286
203 279
777 149
714 796
285 374
769 173
99 153
709 880
251 12
740 583
776 743
8 662
90 80
798 783
704 352
606 198
610 532
630 734
769 369
112 280
499 318
73 644
705 22
592 550
805 440
774 140
608 762
160 181
871 196
658 622
475 761
502 365
427 288
542 340
565 765
644 432
165 31
265 192
156 222
804 635
281 741
434 795
507 637
337 704
625 830