94
469
0,
1,
2,
3,
4,
5,
6,
7,
8,
9,
10,
11,
12,
13,
14,
15,
16,
17,
18,
19,
20,
21,
22,
23,
24,
25,
26,
27,
28,
29,
30,
31,
32,
33,
34,
35,
36,
37,
38,
39,
40,
41,
42,
43,
44,
45,
46,
47,
48,
49,
50,
51,
52,
53,
54,
55,
56,
57,
58,
59,
60,
61,
62,
63,
64,
65,
66,
67,
68,
69,
70,
71,
72,
73,
74,
75,
76,
77,
78,
79,
80,
81,
82,
83,
84,
85,
86,
87,
88,
89,
90,
91,
92,
93
74 45
45 47
47 42
42 63
63 32
32 49
49 67
67 51
51 82
82 64
64 69
69 36
36 34
34 46
46 77
77 22
22 25
25 75
75 5
5 16
16 87
87 86
86 14
14 2
2 54
54 48
48 15
15 93
93 31
31 7
7 24
24 83
83 61
61 41
41 30
30 70
70 26
26 55
55 21
21 85
85 90
90 0
0 56
56 81
81 1
1 91
91 53
53 84
84 29
29 19
19 4
4 72
72 66
66 13
13 68
68 44
44 27
27 11
11 50
50 3
3 59
59 71
71 17
17 57
57 37
37 10
10 40
40 43
43 33
33 76
76 12
12 65
65 89
89 8
8 58
58 20
20 73
73 28
28 35
35 38
38 23
23 88
88 79
79 62
62 6
6 60
60 39
39 80
80 52
52 18
18 92
92 78
78 9
44 9
91 50
73 33
86 3
49 55
69 19
41 15
44 39
66 88
32 81
47 85
29 10
39 43
13 40
53 38
49 81
13 56
25 35
80 69
2 51
11 77
39 46
11 45
24 79
76 20
3 77
1 53
35 31
0 14
55 88
30 67
5 74
55 54
11 83
7 55
44 37
3 78
51 25
5 42
45 16
85 2
75 52
11 64
51 31
33 92
47 58
17 87
85 51
40 27
59 37
63 40
28 39
58 88
34 41
10 19
24 7
8 17
72 20
18 53
8 71
70 55
19 10
17 56
82 78
19 81
55 0
18 87
12 56
57 28
50 55
19 91
74 31
39 61
34 75
92 35
45 68
27 14
21 92
12 31
17 35
65 63
87 69
27 60
19 43
63 32
71 7
42 13
7 66
72 39
31 83
0 10
48 80
33 66
22 32
71 4
70 76
58 83
77 81
50 19
52 20
65 66
36 66
31 41
31 54
84 86
13 26
74 69
45 73
61 36
34 22
91 35
71 17
72 6
52 62
51 3
47 76
68 81
51 57
24 39
39 42
12 80
59 84
8 11
58 33
87 59
30 2
92 70
41 18
40 70
2 38
44 24
54 85
52 31
73 81
62 82
81 41
9 51
11 82
21 59
89 22
36 7
22 69
88 3
28 52
23 76
44 50
23 56
58 28
80 24
12 93
32 5
84 72
66 43
33 41
69 91
41 56
86 59
91 17
61 14
9 48
22 24
34 53
12 10
59 2
60 59
40 74
64 12
38 91
36 74
26 18
54 18
49 35
43 3
55 86
13 69
35 23
80 4
73 44
10 47
61 0
38 80
8 66
54 20
74 14
72 63
13 10
4 93
36 24
43 82
90 20
29 43
15 0
18 0
61 85
49 52
54 25
29 55
62 87
34 58
73 44
90 92
57 67
85 76
28 33
8 46
89 39
15 65
28 17
9 61
77 29
79 69
48 35
65 23
82 38
32 70
90 50
34 44
52 8
90 62
16 45
75 7
18 4
65 86
26 85
34 61
28 22
28 42
64 70
72 57
59 8
64 62
47 49
38 3
45 13
1 78
80 20
55 30
45 80
78 50
2 63
75 18
2 76
37 86
89 52
17 72
78 65
25 46
24 92
11 74
88 82
84 32
60 8
62 80
84 32
67 32
90 19
24 73
73 47
36 18
64 82
71 15
36 44
37 89
5 89
2 19
82 1
40 62
34 78
70 41
75 8
60 9
5 91
84 2
80 31
44 89
19 86
0 53
89 85
70 41
59 3
78 42
39 83
41 48
4 27
18 0
24 2
1 82
74 61
13 6
0 26
22 24
61 7
87 69
91 10
54 87
43 14
70 80
37 34
81 43
0 53
11 20
59 63
89 0
1 46
67 29
29 59
84 56
30 8
27 30
35 62
39 86
64 5
27 92
13 10
78 15
6 5
38 18
76 19
12 75
85 93
41 18
7 24
54 92
49 66
25 52
31 91
34 18
37 76
23 47
44 33
70 88
89 10
29 89
64 67
92 7
8 38
16 35
81 87
63 1
83 35
82 17
88 92
80 77
92 70
49 80
86 77
92 58
55 24
73 23
56 87
16 57
13 9
62 75
86 4
67 91
39 54
22 85
25 17
89 53
50 38
5 38
18 8
10 92
29 8
23 32
5 27
30 79
28 27
35 15
11 17
30 83
37 32
53 74
81 61
85 30
31 68