96
479
0,
1,
2,
3,
4,
5,
6,
7,
8,
9,
10,
11,
12,
13,
14,
15,
16,
17,
18,
19,
20,
21,
22,
23,
24,
25,
26,
27,
28,
29,
30,
31,
32,
33,
34,
35,
36,
37,
38,
39,
40,
41,
42,
43,
44,
45,
46,
47,
48,
49,
50,
51,
52,
53,
54,
55,
56,
57,
58,
59,
60,
61,
62,
63,
64,
65,
66,
67,
68,
69,
70,
71,
72,
73,
74,
75,
76,
77,
78,
79,
80,
81,
82,
83,
84,
85,
86,
87,
88,
89,
90,
91,
92,
93,
94,
95
9 23
23 33
33 34
34 21
21 86
86 54
54 40
40 1
1 43
43 84
84 94
94 53
53 19
19 78
78 95
95 15
15 76
76 24
24 60
60 26
26 61
61 50
50 81
81 73
73 67
67 52
52 88
88 45
45 62
62 57
57 7
7 31
31 90
90 35
35 77
77 30
30 71
71 83
83 87
87 74
74 4
4 51
51 29
29 59
59 56
56 80
80 32
32 37
37 44
44 85
85 63
63 49
49 39
39 38
38 5
5 20
20 18
18 48
48 27
27 69
69 22
22 2
2 17
17 93
93 92
92 70
70 68
68 12
12 91
91 55
55 46
46 14
14 13
13 82
82 89
89 25
25 47
47 3
3 64
64 11
11 28
28 6
6 36
36 16
16 8
8 42
42 0
0 66
66 79
79 10
10 75
75 65
65 58
58 72
72 41
82 31
7 4
79 72
0 22
49 36
46 95
25 38
16 10
77 53
70 35
61 23
85 22
80 21
36 80
70 22
3 36
36 48
21 11
38 55
59 50
12 6
13 13
42 68
73 78
58 73
85 89
33 1
64 34
13 77
22 13
31 83
78 28
39 81
64 54
18 15
28 6
92 54
0 52
55 91
76 45
48 42
73 73
25 40
1 53
73 10
69 95
17 76
22 36
7 85
1 87
77 9
80 82
90 70
22 17
91 44
63 85
76 72
83 45
8 31
86 45
1 81
4 90
23 13
12 17
43 63
25 58
89 42
0 53
44 17
70 62
13 70
47 79
36 87
39 79
32 83
95 60
58 32
61 92
70 69
1 85
32 68
95 44
55 56
57 11
81 30
10 16
64 16
48 88
61 22
80 56
4 29
11 83
81 2
95 93
27 70
2 30
63 53
56 13
29 59
95 51
43 37
3 67
82 42
14 80
53 81
89 93
65 13
52 74
65 7
94 53
63 79
94 80
11 73
48 48
23 37
29 11
67 59
82 54
68 70
79 37
78 84
44 41
27 28
30 20
40 68
92 17
93 25
71 32
89 12
24 4
76 43
40 38
0 61
23 29
95 26
24 17
75 22
62 66
76 46
51 81
50 38
18 33
87 74
48 6
55 52
23 24
55 68
87 60
82 34
1 4
77 74
69 53
22 13
12 18
46 30
37 19
66 72
94 65
48 74
73 1
90 61
79 27
69 91
76 2
93 81
20 40
47 23
33 1
91 9
2 49
59 32
54 19
30 79
70 35
57 57
90 31
78 53
21 28
95 28
50 52
39 17
65 60
87 52
2 16
35 79
26 39
14 92
63 23
23 85
71 56
4 5
64 68
86 0
36 62
26 34
13 54
15 10
52 34
69 88
66 91
16 42
59 39
50 67
47 45
66 52
69 80
88 6
53 72
75 80
93 49
23 67
93 73
77 93
28 3
81 26
73 15
60 20
33 75
43 5
44 23
16 23
27 41
94 42
58 45
10 26
33 14
26 43
41 54
41 10
67 36
34 42
21 65
56 79
80 36
51 56
31 93
94 6
76 47
64 16
41 63
77 37
20 6
29 14
3 59
52 82
15 20
52 43
45 57
66 19
89 88
9 45
69 77
22 25
29 51
38 43
12 92
86 88
89 31
19 71
56 53
86 45
35 19
10 35
61 24
58 26
67 4
9 70
94 31
13 57
52 66
29 17
50 8
17 63
20 93
54 1
30 27
69 94
59 31
36 58
38 28
52 9
45 22
85 35
44 88
84 72
91 72
61 71
70 41
56 39
37 73
48 23
20 95
47 85
7 81
90 50
44 90
31 12
49 37
76 68
85 66
75 4
16 7
14 94
78 74
41 19
10 41
6 16
30 14
15 20
17 25
11 27
44 64
2 43
74 26
29 66
81 55
69 56
88 1
67 38
63 6
92 58
77 57
51 91
32 21
91 61
17 71
6 58
53 58
30 59
52 69
65 8
66 19
27 19
82 48
14 18
92 84
40 14
0 64
36 84
84 89
49 32
66 51
61 72
29 90
34 70
85 32
18 46
94 55
77 81
92 0
83 81
63 13
42 2
1 40
35 61
58 37
70 40
60 60
45 64
89 37
69 30
25 93
71 94
56 64
34 33
8 17
31 10
20 9
33 45
25 10
7 54
53 57
54 37
9 52
42 62
46 49
54 47
93 32
29 33
91 77
56 88
86 37
61 75
93 28