980
4899
0,
1,
2,
3,
4,
5,
6,
7,
8,
9,
10,
11,
12,
13,
14,
15,
16,
17,
18,
19,
20,
21,
22,
23,
24,
25,
26,
27,
28,
29,
30,
31,
32,
33,
34,
35,
36,
37,
38,
39,
40,
41,
42,
43,
44,
45,
46,
47,
48,
49,
50,
51,
52,
53,
54,
55,
56,
57,
58,
59,
60,
61,
62,
63,
64,
65,
66,
67,
68,
69,
70,
71,
72,
73,
74,
75,
76,
77,
78,
79,
80,
81,
82,
83,
84,
85,
86,
87,
88,
89,
90,
91,
92,
93,
94,
95,
96,
97,
98,
99,
100,
101,
102,
103,
104,
105,
106,
107,
108,
109,
110,
111,
112,
113,
114,
115,
116,
117,
118,
119,
120,
121,
122,
123,
124,
125,
126,
127,
128,
129,
130,
131,
132,
133,
134,
135,
136,
137,
138,
139,
140,
141,
142,
143,
144,
145,
146,
147,
148,
149,
150,
151,
152,
153,
154,
155,
156,
157,
158,
159,
160,
161,
162,
163,
164,
165,
166,
167,
168,
169,
170,
171,
172,
173,
174,
175,
176,
177,
178,
179,
180,
181,
182,
183,
184,
185,
186,
187,
188,
189,
190,
191,
192,
193,
194,
195,
196,
197,
198,
199,
200,
201,
202,
203,
204,
205,
206,
207,
208,
209,
210,
211,
212,
213,
214,
215,
216,
217,
218,
219,
220,
221,
222,
223,
224,
225,
226,
227,
228,
229,
230,
231,
232,
233,
234,
235,
236,
237,
238,
239,
240,
241,
242,
243,
244,
245,
246,
247,
248,
249,
250,
251,
252,
253,
254,
255,
256,
257,
258,
259,
260,
261,
262,
263,
264,
265,
266,
267,
268,
269,
270,
271,
272,
273,
274,
275,
276,
277,
278,
279,
280,
281,
282,
283,
284,
285,
286,
287,
288,
289,
290,
291,
292,
293,
294,
295,
296,
297,
298,
299,
300,
301,
302,
303,
304,
305,
306,
307,
308,
309,
310,
311,
312,
313,
314,
315,
316,
317,
318,
319,
320,
321,
322,
323,
324,
325,
326,
327,
328,
329,
330,
331,
332,
333,
334,
335,
336,
337,
338,
339,
340,
341,
342,
343,
344,
345,
346,
347,
348,
349,
350,
351,
352,
353,
354,
355,
356,
357,
358,
359,
360,
361,
362,
363,
364,
365,
366,
367,
368,
369,
370,
371,
372,
373,
374,
375,
376,
377,
378,
379,
380,
381,
382,
383,
384,
385,
386,
387,
388,
389,
390,
391,
392,
393,
394,
395,
396,
397,
398,
399,
400,
401,
402,
403,
404,
405,
406,
407,
408,
409,
410,
411,
412,
413,
414,
415,
416,
417,
418,
419,
420,
421,
422,
423,
424,
425,
426,
427,
428,
429,
430,
431,
432,
433,
434,
435,
436,
437,
438,
439,
440,
441,
442,
443,
444,
445,
446,
447,
448,
449,
450,
451,
452,
453,
454,
455,
456,
457,
458,
459,
460,
461,
462,
463,
464,
465,
466,
467,
468,
469,
470,
471,
472,
473,
474,
475,
476,
477,
478,
479,
480,
481,
482,
483,
484,
485,
486,
487,
488,
489,
490,
491,
492,
493,
494,
495,
496,
497,
498,
499,
500,
501,
502,
503,
504,
505,
506,
507,
508,
509,
510,
511,
512,
513,
514,
515,
516,
517,
518,
519,
520,
521,
522,
523,
524,
525,
526,
527,
528,
529,
530,
531,
532,
533,
534,
535,
536,
537,
538,
539,
540,
541,
542,
543,
544,
545,
546,
547,
548,
549,
550,
551,
552,
553,
554,
555,
556,
557,
558,
559,
560,
561,
562,
563,
564,
565,
566,
567,
568,
569,
570,
571,
572,
573,
574,
575,
576,
577,
578,
579,
580,
581,
582,
583,
584,
585,
586,
587,
588,
589,
590,
591,
592,
593,
594,
595,
596,
597,
598,
599,
600,
601,
602,
603,
604,
605,
606,
607,
608,
609,
610,
611,
612,
613,
614,
615,
616,
617,
618,
619,
620,
621,
622,
623,
624,
625,
626,
627,
628,
629,
630,
631,
632,
633,
634,
635,
636,
637,
638,
639,
640,
641,
642,
643,
644,
645,
646,
647,
648,
649,
650,
651,
652,
653,
654,
655,
656,
657,
658,
659,
660,
661,
662,
663,
664,
665,
666,
667,
668,
669,
670,
671,
672,
673,
674,
675,
676,
677,
678,
679,
680,
681,
682,
683,
684,
685,
686,
687,
688,
689,
690,
691,
692,
693,
694,
695,
696,
697,
698,
699,
700,
701,
702,
703,
704,
705,
706,
707,
708,
709,
710,
711,
712,
713,
714,
715,
716,
717,
718,
719,
720,
721,
722,
723,
724,
725,
726,
727,
728,
729,
730,
731,
732,
733,
734,
735,
736,
737,
738,
739,
740,
741,
742,
743,
744,
745,
746,
747,
748,
749,
750,
751,
752,
753,
754,
755,
756,
757,
758,
759,
760,
761,
762,
763,
764,
765,
766,
767,
768,
769,
770,
771,
772,
773,
774,
775,
776,
777,
778,
779,
780,
781,
782,
783,
784,
785,
786,
787,
788,
789,
790,
791,
792,
793,
794,
795,
796,
797,
798,
799,
800,
801,
802,
803,
804,
805,
806,
807,
808,
809,
810,
811,
812,
813,
814,
815,
816,
817,
818,
819,
820,
821,
822,
823,
824,
825,
826,
827,
828,
829,
830,
831,
832,
833,
834,
835,
836,
837,
838,
839,
840,
841,
842,
843,
844,
845,
846,
847,
848,
849,
850,
851,
852,
853,
854,
855,
856,
857,
858,
859,
860,
861,
862,
863,
864,
865,
866,
867,
868,
869,
870,
871,
872,
873,
874,
875,
876,
877,
878,
879,
880,
881,
882,
883,
884,
885,
886,
887,
888,
889,
890,
891,
892,
893,
894,
895,
896,
897,
898,
899,
900,
901,
902,
903,
904,
905,
906,
907,
908,
909,
910,
911,
912,
913,
914,
915,
916,
917,
918,
919,
920,
921,
922,
923,
924,
925,
926,
927,
928,
929,
930,
931,
932,
933,
934,
935,
936,
937,
938,
939,
940,
941,
942,
943,
944,
945,
946,
947,
948,
949,
950,
951,
952,
953,
954,
955,
956,
957,
958,
959,
960,
961,
962,
963,
964,
965,
966,
967,
968,
969,
970,
971,
972,
973,
974,
975,
976,
977,
978,
979
249 651
651 330
330 475
475 101
101 216
216 923
923 41
41 215
215 32
32 177
177 898
898 698
698 899
899 86
86 740
740 593
593 597
597 549
549 753
753 450
450 346
346 746
746 661
661 839
839 415
415 10
10 440
440 445
445 927
927 88
88 800
800 706
706 977
977 513
513 125
125 290
290 126
126 691
691 229
229 945
945 178
178 156
156 671
671 26
26 484
484 978
978 769
769 634
634 955
955 12
12 146
146 81
81 70
70 499
499 573
573 559
559 625
625 506
506 542
542 836
836 889
889 403
403 130
130 420
420 355
355 138
138 356
356 268
268 23
23 789
789 82
82 702
702 94
94 406
406 454
454 760
760 701
701 299
299 951
951 404
404 485
485 520
520 941
941 708
708 687
687 629
629 666
666 175
175 433
433 285
285 92
92 863
863 939
939 150
150 473
473 40
40 952
952 854
854 765
765 325
325 531
531 431
431 709
709 360
360 823
823 591
591 721
721 979
979 55
55 668
668 272
272 576
576 400
400 332
332 548
548 474
474 59
59 773
773 620
620 716
716 544
544 553
553 51
51 957
957 598
598 419
419 824
824 595
595 508
508 734
734 80
80 235
235 319
319 337
337 710
710 571
571 323
323 640
640 147
147 567
567 936
936 810
810 326
326 759
759 63
63 144
144 443
443 160
160 579
579 197
197 76
76 161
161 518
518 639
639 269
269 183
183 167
167 164
164 736
736 503
503 19
19 390
390 768
768 244
244 611
611 351
351 748
748 609
609 805
805 234
234 722
722 139
139 733
733 494
494 869
869 298
298 308
308 688
688 13
13 495
495 0
0 537
537 97
97 333
333 301
301 905
905 456
456 948
948 359
359 785
785 631
631 231
231 107
107 123
123 917
917 89
89 93
93 880
880 328
328 163
163 16
16 462
462 799
799 418
418 36
36 342
342 767
767 616
616 192
192 806
806 778
778 480
480 678
678 121
121 699
699 47
47 22
22 624
624 626
626 825
825 367
367 468
468 525
525 929
929 98
98 745
745 60
60 643
643 719
719 170
170 943
943 191
191 811
811 33
33 747
747 100
100 964
964 911
911 509
509 483
483 916
916 859
859 253
253 347
347 763
763 470
470 934
934 383
383 334
334 797
797 776
776 547
547 822
822 913
913 664
664 105
105 293
293 458
458 61
61 292
292 594
594 674
674 442
442 552
552 30
30 219
219 918
918 887
887 365
365 289
289 27
27 967
967 182
182 489
489 963
963 532
532 921
921 886
886 724
724 361
361 350
350 412
412 647
647 812
812 11
11 435
435 871
871 658
658 194
194 845
845 393
393 461
461 641
641 915
915 786
786 669
669 510
510 837
837 153
153 452
452 604
604 129
129 49
49 946
946 511
511 882
882 196
196 744
744 541
541 884
884 119
119 295
295 583
583 653
653 232
232 324
324 226
226 267
267 519
519 112
112 924
924 621
621 715
715 127
127 838
838 273
273 90
90 214
214 749
749 108
108 504
504 679
679 172
172 896
896 287
287 587
587 968
968 718
718 546
546 447
447 543
543 566
566 672
672 897
897 357
357 297
297 972
972 637
637 796
796 39
39 660
660 529
529 798
798 680
680 96
96 395
395 154
154 741
741 528
528 362
362 781
781 270
270 133
133 791
791 856
856 250
250 774
774 659
659 562
562 920
920 627
627 944
944 438
438 338
338 533
533 857
857 848
848 780
780 534
534 341
341 58
58 472
472 222
222 788
788 429
429 580
580 807
807 460
460 793
793 310
310 46
46 738
738 613
613 895
895 14
14 282
282 713
713 6
6 582
582 402
402 15
15 394
394 202
202 372
372 281
281 348
348 954
954 173
173 379
379 662
662 584
584 608
608 821
821 683
683 775
775 682
682 258
258 852
852 5
5 654
654 162
162 104
104 376
376 650
650 24
24 87
87 193
193 755
755 380
380 707
707 343
343 225
225 599
599 729
729 187
187 937
937 345
345 648
648 370
370 387
387 363
363 772
772 803
803 959
959 430
430 322
322 399
399 932
932 850
850 114
114 174
174 700
700 645
645 535
535 463
463 17
17 145
145 18
18 686
686 866
866 364
364 200
200 907
907 168
168 416
416 975
975 195
195 227
227 426
426 309
309 727
727 592
592 742
742 684
684 425
425 20
20 527
527 550
550 925
925 448
448 501
501 247
247 635
635 213
213 545
545 117
117 777
777 65
65 561
561 291
291 551
551 99
99 828
828 181
181 102
102 466
466 973
973 169
169 275
275 802
802 185
185 554
554 585
585 398
398 695
695 646
646 467
467 188
188 34
34 589
589 95
95 62
62 241
241 368
368 750
750 261
261 265
265 73
73 111
111 207
207 841
841 652
652 311
311 908
908 53
53 958
958 50
50 794
794 71
71 922
922 815
815 872
872 874
874 210
210 851
851 432
432 252
252 521
521 864
864 246
246 303
303 614
614 294
294 414
414 271
271 766
766 931
931 752
752 151
151 894
894 960
960 663
663 879
879 572
572 563
563 392
392 122
122 320
320 369
369 739
739 862
862 901
901 85
85 413
413 422
422 186
186 539
539 349
349 371
371 826
826 784
784 451
451 353
353 486
486 260
260 397
397 516
516 694
694 444
444 667
667 829
829 230
230 877
877 110
110 893
893 57
57 455
455 649
649 867
867 264
264 570
570 644
644 500
500 240
240 165
165 248
248 158
158 312
312 790
790 198
198 263
263 605
605 288
288 8
8 771
771 335
335 471
471 56
56 681
681 974
974 902
902 469
469 808
808 725
725 523
523 612
612 84
84 83
83 890
890 446
446 478
478 354
354 136
136 1
1 48
48 157
157 914
914 131
131 358
358 758
758 149
149 675
675 685
685 712
712 296
296 804
804 421
421 711
711 344
344 115
115 79
79 761
761 557
557 622
622 881
881 488
488 540
540 704
704 190
190 457
457 938
938 858
858 242
242 493
493 962
962 176
176 217
217 317
317 228
228 134
134 9
9 255
255 606
606 477
477 588
588 942
942 239
239 603
603 118
118 284
284 730
730 212
212 381
381 505
505 120
120 861
861 507
507 106
106 630
630 2
2 723
723 575
575 72
72 238
238 128
128 601
601 256
256 437
437 152
152 459
459 340
340 280
280 373
373 378
378 847
847 568
568 834
834 184
184 623
623 245
245 411
411 935
935 697
697 844
844 42
42 44
44 143
143 586
586 600
600 717
717 888
888 831
831 141
141 878
878 956
956 286
286 950
950 283
283 530
530 251
251 407
407 969
969 223
223 329
329 135
135 28
28 37
37 307
307 113
113 276
276 873
873 636
636 910
910 221
221 526
526 377
377 689
689 388
388 74
74 410
410 976
976 69
69 965
965 656
656 628
628 835
835 827
827 770
770 565
565 928
928 569
569 327
327 832
832 814
814 670
670 971
971 479
479 714
714 703
703 449
449 633
633 43
43 278
278 940
940 318
318 949
949 743
743 314
314 279
279 673
673 171
171 497
497 970
970 865
865 321
321 933
933 409
409 375
375 498
498 401
401 961
961 737
737 304
304 677
677 840
840 52
52 690
690 577
577 236
236 68
68 966
966 116
116 665
665 386
386 846
846 919
919 578
578 45
45 813
813 189
189 218
218 883
883 617
617 384
384 906
906 366
366 904
904 277
277 453
453 726
726 892
892 155
155 487
487 35
35 816
816 560
560 25
25 757
757 316
316 262
262 676
676 885
885 515
515 731
731 274
274 465
465 352
352 389
389 77
77 751
751 903
903 830
830 166
166 853
853 140
140 618
618 405
405 179
179 4
4 642
642 64
64 762
762 204
204 615
615 795
795 732
732 220
220 860
860 481
481 522
522 396
396 441
441 514
514 555
555 266
266 930
930 427
427 423
423 417
417 875
875 696
696 843
843 524
524 38
38 779
779 782
782 909
909 206
206 764
764 855
855 564
564 638
638 391
391 31
31 912
912 833
833 632
632 947
947 476
476 655
655 259
259 109
109 819
819 792
792 556
556 900
900 720
720 692
692 492
492 491
491 75
75 313
313 596
596 436
436 876
876 619
619 820
820 78
78 756
756 3
3 336
336 66
66 199
199 180
180 306
306 54
54 502
502 315
315 201
201 870
870 124
124 224
224 574
574 490
490 482
482 801
801 735
735 590
590 203
203 428
428 385
385 137
137 868
868 581
581 424
424 142
142 953
953 496
496 382
382 842
842 610
610 464
464 237
237 849
849 783
783 302
302 536
536 132
132 339
339 439
439 787
787 891
891 818
818 374
374 257
257 434
434 693
693 211
211 233
233 148
148 607
607 29
29 817
817 926
926 538
538 558
558 67
67 728
728 91
91 21
21 602
602 205
205 7
7 103
103 331
331 657
657 209
209 754
754 809
809 517
517 705
705 408
408 254
254 512
512 159
159 208
208 300
300 305
305 243
12 173
639 918
249 527
255 39
409 37
788 191
611 866
827 571
23 448
160 110
868 506
569 620
400 230
37 200
393 809
99 214
378 940
256 221
728 251
161 234
759 877
669 128
232 379
79 123
68 163
518 780
927 933
504 354
680 795
976 498
334 628
790 11
499 153
63 503
159 421
377 481
347 765
31 404
377 921
229 277
156 600
717 778
538 861
53 268
419 503
903 843
615 323
428 916
456 925
439 576
363 64
868 313
394 314
488 607
12 488
644 135
774 599
488 788
487 237
614 347
790 598
662 557
117 773
71 899
359 806
862 270
779 31
422 358
161 972
912 271
784 710
690 628
787 801
459 754
877 425
0 89
760 158
382 155
529 168
18 491
352 437
438 594
10 253
459 952
295 120
438 358
383 663
454 439
630 83
583 630
245 901
149 194
800 658
941 69
399 583
214 41
548 356
652 39
207 96
931 778
637 661
615 832
212 0
919 115
743 863
142 336
496 976
602 34
959 663
214 739
332 324
668 342
389 748
303 866
723 64
675 202
56 500
470 72
38 892
235 668
409 853
74 687
452 481
349 851
494 309
338 813
90 157
721 546
268 971
309 238
325 29
577 756
512 764
575 543
665 308
40 823
185 760
839 922
587 139
134 54
148 242
262 430
311 472
136 473
126 107
734 35
824 85
354 283
477 786
757 225
774 628
804 189
527 601
749 461
873 172
208 102
178 610
579 312
366 494
108 650
117 577
199 430
150 832
781 669
0 928
694 180
66 755
597 653
121 921
385 546
434 872
684 243
795 39
292 909
562 542
634 209
932 849
389 834
404 217
810 823
398 449
538 906
271 765
804 189
210 550
443 818
364 85
815 522
535 672
338 296
339 482
812 89
373 506
24 940
13 812
603 871
863 597
610 584
82 361
45 299
117 730
619 396
373 98
407 773
134 557
833 622
551 325
383 570
674 919
550 97
750 2
127 761
633 694
94 468
812 259
654 690
510 477
809 508
401 253
751 160
110 743
947 116
976 605
681 965
829 450
33 155
136 364
578 379
27 113
271 183
428 649
832 39
393 605
874 314
79 357
492 927
455 286
227 95
260 137
785 463
321 826
529 296
278 714
612 296
875 853
140 152
496 766
127 298
555 926
214 370
685 207
241 688
113 481
581 870
786 783
273 438
108 600
896 286
458 358
96 623
595 726
492 817
127 391
354 261
357 622
574 628
364 853
265 184
601 589
294 222
255 764
979 362
305 17
197 576
962 428
190 90
638 689
747 80
953 382
1 775
62 971
896 668
277 729
366 840
635 259
10 97
656 7
43 17
744 935
471 700
255 739
64 725
684 198
611 407
715 90
70 915
911 33
127 863
544 58
64 176
334 160
203 413
972 930
952 312
681 662
369 425
104 824
854 81
566 159
803 411
94 440
898 192
941 630
113 411
110 652
223 770
735 486
904 597
274 389
213 708
856 357
751 927
7 686
675 434
17 578
474 660
56 811
339 502
747 490
498 425
626 605
931 888
610 474
249 898
58 578
891 206
803 51
762 825
73 504
647 454
729 487
899 972
284 735
591 264
98 437
597 835
447 611
261 221
15 56
893 271
949 330
628 90
444 445
536 161
957 162
391 92
106 342
568 818
2 701
92 286
210 393
498 972
558 932
190 371
899 918
741 455
559 913
740 307
13 858
792 49
145 58
414 519
907 760
404 34
760 978
925 918
525 939
318 776
689 240
722 181
483 17
147 207
318 740
440 53
17 836
79 6
48 570
463 571
374 533
834 46
74 904
542 392
559 80
754 497
873 326
547 89
540 183
710 329
213 721
235 881
938 462
145 216
966 203
331 511
609 627
404 758
238 68
215 925
934 294
571 808
306 5
249 430
445 439
682 892
585 177
599 124
817 836
260 657
191 750
881 850
809 171
413 773
361 152
150 559
214 103
154 963
198 687
349 323
30 340
812 195
540 515
77 119
60 940
482 506
959 81
714 343
978 119
722 789
900 84
214 905
735 830
715 803
53 563
174 346
781 938
368 90
594 823
519 264
20 625
490 661
708 96
930 201
780 263
461 196
36 320
459 655
556 97
509 621
746 259
942 333
884 391
678 930
164 461
539 177
970 535
845 772
225 752
969 538
125 978
45 305
599 125
788 328
610 933
486 955
128 488
59 613
583 595
181 350
653 486
390 754
406 464
494 604
157 485
398 977
785 254
936 313
428 11
746 79
927 606
376 798
880 752
369 817
863 647
434 341
876 531
896 105
841 347
856 144
794 737
615 660
293 758
256 683
727 579
210 306
209 891
933 268
419 390
332 945
25 367
217 264
23 338
549 138
437 857
241 908
661 169
230 433
735 91
354 568
398 294
977 628
38 618
463 394
387 973
88 143
534 467
285 796
269 316
792 468
672 919
488 756
558 562
924 508
462 122
196 143
858 565
549 716
542 856
814 414
671 679
158 838
665 301
793 730
646 521
76 416
232 261
545 269
462 331
953 963
961 313
3 244
664 555
696 830
665 268
767 926
790 638
234 302
285 501
868 10
442 779
104 119
962 44
617 482
79 232
212 332
752 390
862 151
138 334
687 87
312 755
96 753
664 206
552 1
819 284
313 426
832 842
156 487
883 468
873 36
181 18
658 925
809 751
830 452
126 823
890 869
605 390
116 339
711 142
627 570
341 569
20 458
960 373
216 288
445 76
37 721
328 383
417 294
608 159
932 695
636 88
826 946
154 177
949 643
664 783
601 875
93 81
881 419
182 827
286 897
86 275
532 776
51 245
803 80
389 917
559 185
69 317
502 48
7 238
252 3
601 417
638 410
539 850
868 958
423 227
515 919
286 841
369 738
148 506
556 702
948 897
528 185
395 754
332 720
580 666
379 772
974 793
15 214
245 815
35 619
692 589
729 94
184 357
385 855
56 141
725 422
351 406
264 4
639 771
788 924
167 372
262 784
585 245
681 572
513 218
815 975
405 222
428 514
223 92
949 642
374 836
467 388
665 333
660 268
273 695
84 603
826 842
257 214
529 282
761 974
24 613
324 29
943 260
579 339
233 728
968 515
530 138
163 523
900 933
486 859
967 45
375 566
776 233
309 604
668 628
966 485
368 844
685 210
147 302
335 216
154 949
387 389
641 630
41 87
176 217
136 164
177 265
100 152
35 800
20 544
729 186
699 557
694 767
814 529
967 191
650 322
160 840
812 882
337 443
817 885
515 876
368 418
61 160
506 895
361 909
57 916
808 861
642 315
283 734
4 71
495 498
928 938
959 355
533 959
822 329
468 290
465 853
730 838
859 564
861 866
891 179
169 138
177 934
907 117
459 262
557 251
419 324
292 164
289 968
732 854
566 174
840 249
421 617
439 496
516 510
38 118
64 465
567 532
188 592
306 405
557 228
719 770
299 447
45 165
411 277
939 825
257 673
816 122
850 632
833 355
38 770
399 835
35 805
491 952
749 210
221 326
368 709
261 876
901 881
525 877
160 436
523 678
894 916
572 895
250 765
787 489
683 517
439 675
5 701
94 170
612 938
51 675
833 315
969 934
885 112
187 216
277 839
499 214
154 593
794 76
256 219
206 369
232 235
311 15
562 433
548 733
339 304
499 34
724 893
229 24
840 72
317 623
728 908
84 143
501 842
241 676
953 809
106 471
97 253
411 286
971 871
205 319
151 829
54 430
131 60
359 612
388 949
218 266
347 587
852 344
624 938
55 883
14 604
800 729
430 668
440 72
778 447
814 871
148 47
732 400
220 730
241 705
613 952
130 595
149 710
333 5
972 10
134 215
396 487
124 71
943 890
768 883
716 353
317 896
324 113
567 817
614 897
232 85
962 312
552 323
766 773
541 319
895 276
919 437
176 660
167 965
162 852
979 332
94 244
417 440
596 204
923 975
388 715
741 257
599 795
761 373
334 768
536 109
277 97
399 94
370 137
176 226
914 972
191 451
530 262
500 770
80 757
690 452
722 534
66 274
352 873
91 259
294 467
897 637
432 276
299 675
428 764
181 495
817 594
269 391
720 496
360 383
176 240
506 557
203 30
573 422
325 451
709 671
712 318
259 174
720 853
347 606
162 341
54 785
608 483
740 279
633 181
249 305
702 587
880 946
941 690
625 582
97 890
133 234
431 534
556 260
261 415
638 85
389 406
726 362
884 825
850 589
97 36
216 541
153 875
191 393
754 766
666 169
869 34
457 295
883 954
143 652
859 297
352 533
298 461
833 349
857 484
472 790
49 948
48 249
978 12
714 189
734 113
557 614
978 444
807 673
539 336
312 810
850 536
751 77
242 621
285 211
583 82
532 612
495 784
221 899
829 462
819 182
140 219
437 219
108 345
396 607
397 121
4 844
628 178
300 907
606 671
412 703
664 861
7 603
20 749
466 931
159 696
804 72
304 935
676 687
313 859
739 651
477 16
941 388
925 772
192 872
385 544
261 279
737 827
183 665
284 162
295 473
871 765
887 332
427 215
538 340
59 631
747 284
234 52
833 452
716 151
401 146
952 382
938 811
414 908
60 3
835 958
650 402
890 585
179 763
623 90
544 1
428 492
950 140
857 277
530 716
624 55
352 343
656 465
770 947
136 276
318 630
213 18
104 559
464 514
541 293
886 449
290 617
116 491
626 634
818 158
127 183
638 235
70 924
654 738
453 244
202 827
108 600
438 913
873 450
220 478
35 657
206 648
698 464
267 313
301 829
157 559
414 318
891 93
495 211
730 83
395 683
328 503
44 861
967 738
879 400
548 78
674 183
23 546
51 419
242 19
865 785
186 141
385 934
64 149
324 480
769 293
332 956
637 337
757 6
606 713
608 611
523 577
622 428
912 325
502 828
291 142
391 918
495 848
59 306
11 104
416 258
551 304
407 100
687 269
895 610
326 879
732 544
380 357
392 239
659 138
624 369
663 470
582 473
474 778
97 510
483 69
312 7
598 969
566 203
128 721
432 260
224 90
805 888
865 597
449 772
327 356
138 626
129 838
306 764
354 489
110 267
67 130
884 575
187 730
726 540
272 603
218 913
266 545
115 256
186 974
4 719
82 57
250 975
238 658
397 3
628 702
507 371
303 916
545 796
23 857
559 811
2 143
723 391
875 770
937 897
27 411
551 154
833 433
683 723
862 222
219 785
514 574
134 278
308 2
438 199
89 347
378 869
920 806
139 218
15 96
770 380
863 358
33 625
784 705
779 263
13 490
495 935
600 776
313 133
778 105
520 788
670 199
6 252
205 858
85 611
591 520
270 286
749 233
474 403
891 740
660 146
498 927
702 177
127 957
664 497
468 504
264 183
790 776
109 950
355 234
490 240
458 487
421 432
841 648
77 839
537 560
583 393
698 232
75 596
291 273
836 170
821 619
10 213
319 375
524 391
199 393
531 127
69 672
589 317
412 54
613 327
150 559
235 677
883 735
734 175
16 640
787 95
532 429
290 79
705 67
903 394
380 568
222 515
882 945
654 249
266 874
348 849
978 284
263 122
726 888
656 337
260 568
127 670
875 675
222 842
738 219
255 414
253 726
316 704
535 978
661 377
497 866
344 483
476 609
353 765
390 817
145 633
57 136
778 7
933 611
522 843
384 353
897 937
210 951
815 469
253 53
38 573
468 324
608 395
41 783
268 43
371 801
103 786
187 63
558 497
542 61
775 67
930 808
744 582
559 397
605 937
606 632
621 833
472 46
495 217
467 381
321 325
278 630
651 383
972 665
720 51
494 59
803 78
147 226
861 254
589 52
765 777
679 173
919 553
911 284
592 859
839 899
810 384
898 155
808 652
747 538
891 567
615 773
674 733
34 382
19 302
681 7
772 64
93 776
552 268
195 847
97 871
432 561
85 46
38 143
590 779
382 376
321 941
659 83
690 617
605 284
877 616
241 457
199 343
240 284
77 488
970 334
562 810
763 895
294 638
707 60
785 68
388 651
493 739
737 623
467 709
929 22
618 276
723 272
768 552
206 828
12 53
101 299
392 887
155 134
177 0
525 612
125 203
973 255
303 184
60 359
235 970
699 703
920 0
406 403
194 937
300 102
851 24
515 942
783 61
348 512
345 955
371 616
807 270
290 932
398 677
652 639
497 457
649 260
588 897
416 153
137 259
848 295
139 209
319 604
491 468
536 820
79 123
225 425
368 782
960 871
665 256
33 446
738 461
931 292
76 805
569 63
203 820
962 90
425 500
189 427
470 661
10 168
441 284
5 433
312 738
239 97
526 332
663 183
832 197
742 94
483 451
554 30
591 916
851 907
883 244
534 834
953 743
13 128
624 563
402 831
431 526
765 808
82 629
403 231
140 836
679 173
927 179
49 967
240 69
551 908
469 857
249 574
860 359
821 830
257 514
720 194
396 511
485 445
833 767
628 633
543 541
713 475
181 86
589 494
743 15
155 358
251 594
286 314
876 944
754 39
469 142
686 403
41 225
613 586
725 592
648 60
141 591
256 82
330 178
954 655
805 945
756 647
559 879
79 831
3 367
391 488
711 866
778 8
621 541
28 97
78 166
964 257
531 330
143 792
576 623
706 864
561 51
839 246
142 171
844 280
353 101
652 568
108 77
62 619
429 52
522 902
588 312
585 255
770 729
874 707
600 967
249 111
277 390
73 455
171 947
316 741
621 916
453 918
315 563
182 756
776 6
839 784
276 590
228 671
481 373
851 928
178 286
464 601
611 82
453 810
925 405
652 797
911 550
810 522
125 730
795 800
6 723
253 203
226 710
283 790
209 965
157 500
595 250
582 375
750 356
191 418
909 133
500 527
373 679
522 548
959 447
854 381
40 976
184 276
935 713
346 720
915 800
145 284
224 54
284 695
398 76
602 223
307 538
198 853
680 29
466 866
412 731
566 677
51 361
731 158
125 812
675 889
102 68
866 422
347 873
775 533
372 548
365 90
189 316
651 0
464 447
307 296
281 803
273 613
388 285
687 846
898 944
853 874
211 490
236 461
69 93
915 780
374 468
193 521
707 508
912 894
365 76
782 223
20 219
582 641
762 927
321 142
864 384
136 743
812 125
338 756
93 620
217 871
831 724
961 528
889 360
143 280
49 416
637 32
935 619
309 476
763 16
770 383
131 71
498 482
190 774
779 950
912 257
670 0
772 877
183 866
262 396
504 160
799 707
602 157
970 0
348 678
959 131
142 171
27 539
542 736
477 103
72 211
251 159
880 877
682 697
768 52
293 734
487 318
172 205
976 290
853 767
833 293
964 267
216 478
259 214
413 332
733 262
248 833
898 493
512 760
929 72
801 735
94 755
589 560
903 906
15 800
902 186
332 313
112 358
807 12
260 124
748 296
971 708
95 551
538 491
93 322
328 597
521 189
966 840
14 959
183 41
348 350
343 13
320 469
100 937
522 719
560 311
632 884
474 846
745 924
420 312
606 713
253 248
405 53
195 50
21 487
458 751
865 207
120 374
590 21
440 221
866 494
407 598
963 266
39 710
618 225
786 494
22 298
708 548
954 231
923 488
132 917
821 285
392 921
54 793
565 848
722 622
879 841
543 945
223 68
566 716
147 539
689 30
62 422
340 191
154 138
847 567
711 405
902 154
627 848
30 381
829 174
680 719
151 37
832 567
553 459
841 939
519 830
17 261
607 186
431 411
688 254
907 156
223 899
403 104
803 800
651 389
687 428
701 245
482 776
486 513
813 814
799 684
344 694
505 148
769 747
66 505
467 892
352 389
868 221
715 266
365 242
526 27
859 703
185 512
15 114
124 29
292 617
37 438
916 261
497 91
146 51
696 572
171 33
689 594
239 364
622 544
217 148
194 375
919 852
200 731
658 43
584 35
564 410
954 165
71 593
559 648
417 335
127 573
400 881
318 362
379 881
913 506
933 90
905 445
824 694
889 513
297 72
506 513
889 128
779 120
184 619
645 615
696 484
100 467
389 48
186 56
952 959
250 192
503 349
156 611
947 402
473 72
28 339
307 348
31 340
117 737
904 922
932 47
931 178
653 566
195 349
528 550
362 816
906 39
962 529
431 673
342 667
917 603
344 297
960 396
284 581
340 374
436 760
818 386
779 733
306 786
201 298
469 612
742 433
272 193
497 410
315 286
98 136
654 144
461 585
286 31
95 190
817 207
900 139
286 857
169 49
218 611
962 608
160 946
836 587
671 180
540 37
244 938
377 892
343 870
960 512
78 239
651 95
351 200
602 82
49 764
207 813
587 106
271 195
15 487
762 335
246 86
666 419
501 750
311 522
306 779
708 414
814 725
843 814
26 266
427 703
101 704
301 133
308 519
304 260
317 318
829 93
966 574
57 804
932 807
690 2
841 483
906 679
701 737
349 271
924 55
251 791
32 412
95 256
572 30
779 819
42 523
957 682
572 897
190 972
898 698
140 527
585 625
756 746
841 73
679 839
380 102
517 329
646 957
158 307
632 819
38 233
184 771
96 156
875 642
823 368
566 232
28 484
107 671
490 139
924 967
482 842
190 367
312 181
695 843
952 885
809 605
222 401
533 409
569 38
868 368
827 325
911 355
237 15
585 576
61 390
321 435
793 950
531 868
155 326
834 120
421 949
928 566
725 665
32 190
389 768
759 554
915 414
565 839
559 176
726 713
636 939
832 528
625 445
628 683
129 154
106 739
298 535
113 508
758 855
647 789
666 476
893 134
920 658
856 598
543 161
435 507
582 449
309 222
596 654
237 309
833 524
952 780
179 336
166 386
452 860
326 823
341 405
946 747
11 27
173 323
443 902
97 45
634 740
218 459
43 518
786 478
692 430
972 700
8 400
360 553
416 629
487 605
746 702
938 297
327 434
630 144
862 809
750 428
190 685
403 224
391 931
538 457
395 870
724 162
41 410
401 679
658 922
689 440
709 972
122 411
68 190
145 445
457 651
608 577
349 127
706 892
721 215
336 476
853 676
320 220
574 845
558 764
695 643
10 423
758 211
690 860
127 939
500 448
923 370
741 271
41 294
725 442
896 268
339 75
979 39
456 138
963 801
873 363
730 565
951 518
468 439
550 142
199 907
263 361
394 50
142 312
853 673
317 926
965 653
137 172
561 327
621 658
6 708
626 250
207 568
64 955
839 814
958 525
547 963
195 386
71 128
641 907
60 726
7 595
922 469
740 858
122 745
64 581
268 292
182 404
656 939
381 128
433 9
173 51
719 30
895 492
51 353
443 328
278 392
889 237
522 254
364 560
618 953
911 379
215 694
204 199
183 1
626 146
29 442
553 880
346 171
714 39
865 633
839 667
434 493
95 656
870 430
734 935
90 697
544 789
344 935
601 229
470 753
116 970
655 820
321 374
118 118
213 544
233 738
559 690
397 357
647 811
682 668
867 266
332 949
551 330
320 597
143 938
147 888
185 65
491 495
574 3
560 58
140 863
535 595
544 29
619 915
976 772
84 270
535 603
661 474
727 143
41 176
890 270
902 616
334 170
698 171
271 631
212 864
752 314
20 365
176 893
447 860
156 416
561 600
216 278
764 570
334 903
180 485
749 438
853 807
327 138
363 9
729 486
21 621
566 781
153 15
894 875
628 809
355 50
131 304
352 481
582 939
800 960
410 816
902 728
831 662
462 426
250 686
40 956
732 212
725 381
194 719
43 0
827 808
595 720
435 237
18 754
219 922
462 154
890 578
578 152
426 132
382 138
515 214
886 147
303 865
609 675
536 133
332 141
334 389
933 558
860 107
625 304
321 325
686 201
63 439
239 784
429 492
263 313
183 531
453 127
506 750
17 622
737 770
900 117
690 134
152 457
208 288
646 956
948 781
704 113
526 716
536 253
622 685
241 422
468 871
274 813
385 919
908 781
152 604
373 410
219 804
845 517
363 21
34 463
562 867
966 242
91 528
786 948
735 592
441 935
876 178
244 959
6 224
897 869
563 626
679 852
787 430
220 172
433 806
96 583
959 21
792 416
530 692
783 177
248 584
9 567
900 232
969 415
140 962
578 798
233 968
691 121
93 114
891 556
659 460
864 489
148 932
289 550
683 589
370 883
246 18
596 276
437 816
492 954
957 619
532 927
697 965
481 114
446 75
626 682
225 664
388 969
264 220
723 805
389 612
133 120
136 245
423 278
662 527
547 367
825 484
690 271
163 470
647 914
527 667
143 144
203 230
603 166
70 771
727 154
643 364
651 574
523 519
798 69
604 245
436 738
945 510
827 932
388 92
389 556
770 492
641 822
587 692
630 127
621 444
661 284
233 728
371 595
291 708
977 307
728 253
705 438
100 856
148 187
11 311
565 356
682 249
966 136
832 838
679 939
603 181
717 781
145 810
40 813
882 206
82 913
485 201
579 927
748 885
573 248
62 618
490 489
210 29
639 493
19 61
601 882
428 623
478 594
289 334
911 406
633 521
373 702
623 339
268 226
962 20
814 487
113 407
837 241
396 406
537 286
242 465
891 926
438 323
749 778
158 278
758 22
323 207
798 389
362 156
972 820
455 504
558 929
269 261
143 152
693 547
316 159
866 723
932 511
511 175
183 691
224 273
954 14
443 783
285 384
414 319
125 120
318 204
545 413
965 133
459 786
934 937
422 525
700 21
372 778
148 289
838 233
611 919
586 332
74 462
222 362
664 493
334 355
313 147
346 607
426 510
63 736
365 209
258 345
232 291
972 946
283 491
2 94
297 104
415 652
64 392
898 348
968 625
49 704
954 858
17 121
875 321
840 211
733 869
950 351
650 301
687 333
215 185
4 562
509 299
495 49
98 353
119 284
634 900
606 11
251 671
956 113
61 677
456 577
545 924
782 727
704 41
91 433
577 116
611 501
642 616
64 239
520 460
192 814
656 962
933 748
448 669
343 253
718 139
740 745
652 727
171 583
304 853
619 347
783 44
211 967
651 754
454 409
610 748
952 940
216 964
605 626
700 629
535 930
128 923
874 284
961 809
964 236
111 754
279 722
396 602
672 84
393 745
381 262
11 336
768 842
226 456
909 170
554 263
596 245
335 594
932 94
446 657
969 946
276 852
131 450
286 838
15 141
409 503
128 897
290 915
464 809
802 483
62 548
873 470
725 17
115 801
337 271
220 924
720 600
874 698
560 716
521 904
291 650
561 892
789 827
90 68
156 401
427 937
461 270
941 400
930 915
379 430
113 637
698 904
395 286
185 376
165 632
721 412
759 247
965 562
199 44
765 199
582 161
271 824
918 757
55 57
715 517
736 940
641 950
611 774
481 664
615 790
934 819
360 2
738 161
99 398
902 725
423 396
800 969
798 76
461 419
866 25
25 345
27 847
950 195
497 640
391 372
680 40
791 539
418 220
10 908
529 908
10 860
707 309
637 904
403 579
518 218
870 91
529 810
947 721
610 279
159 394
526 12
345 197
161 198
740 934
368 936
75 72
316 43
461 265
452 245
505 590
81 626
609 149
565 843
290 319
700 794
247 155
227 98
923 700
108 205
299 855
0 881
110 438
86 278
482 759
167 793
323 928
737 861
855 687
12 272
295 648
413 234
808 766
583 270
394 799
359 162
964 223
765 10
51 597
222 481
374 39
570 188
631 300
834 731
98 254
259 543
801 865
933 935
590 294
822 197
65 769
220 330
82 131
135 669
804 855
827 9
858 190
870 31
333 51
199 125
3 615
918 655
574 225
684 460
28 100
675 606
69 387
462 648
938 793
495 578
300 101
725 952
685 614
300 838
633 600
112 941
819 622
712 5
536 185
694 905
578 386
55 583
412 27
78 483
916 152
355 351
889 279
314 938
702 31
490 50
770 7
803 165
654 926
825 635
371 729
76 677
777 356
359 871
937 895
937 94
876 433
129 540
586 839
801 801
553 260
563 572
501 118
351 535
410 164
823 518
308 652
843 733
519 767
252 82
650 260
338 368
374 802
381 885
576 470
940 601
638 214
763 621
333 67
91 804
551 236
467 282
83 620
26 593
937 255
281 116
275 736
665 309
922 646
786 761
890 350
963 668
337 51
268 302
472 163
300 753
445 348
697 127
711 727
811 807
226 418
597 965
274 671
374 191
547 864
452 26
773 609
252 155
940 642
652 563
889 458
322 947
615 267
808 223
371 164
828 124
592 80
962 783
907 197
620 778
350 840
82 976
956 502
11 789
653 610
254 548
378 798
855 139
978 64
37 770
893 814
109 546
633 171
269 514
825 956
658 790
652 830
665 896
661 187
45 905
272 247
914 833
659 340
124 925
332 700
893 665
660 4
546 726
141 239
71 664
753 873
699 153
782 62
270 508
16 173
725 44
204 736
2 148
608 272
683 19
964 456
501 906
505 665
55 18
346 884
411 148
776 966
830 544
658 509
148 31
319 483
217 954
804 477
27 470
34 821
131 438
251 431
335 380
520 640
306 554
886 676
670 884
574 243
604 615
945 455
13 380
329 240
786 794
775 355
698 370
62 386
177 685
258 905
237 875
45 115
6 947
778 940
508 860
527 538
172 415
873 148
828 960
899 292
618 771
51 608
512 744
809 918
73 357
396 292
773 354
98 501
289 606
949 526
533 444
742 95
778 328
117 553
444 832
529 936
312 45
833 566
852 772
894 574
759 8
384 738
655 144
404 228
531 722
847 824
887 442
860 844
878 502
320 711
839 879
22 194
574 651
880 937
276 56
197 468
63 341
642 552
541 90
507 792
217 524
341 511
308 473
327 588
592 406
513 884
267 42
548 681
833 842
902 206
644 960
808 823
648 21
654 46
509 644
552 727
951 953
202 719
884 825
393 889
875 772
434 728
372 304
636 683
442 931
742 262
956 868
870 673
416 951
63 271
875 495
429 185
3 374
497 38
315 787
874 653
850 808
208 649
317 337
259 479
318 174
957 104
83 903
317 634
877 161
795 651
499 100
960 188
29 383
430 324
398 79
495 520
320 475
7 431
76 165
740 329
788 388
88 239
562 609
239 864
422 527
487 128
706 481
358 851
127 765
620 391
16 446
904 762
922 422
878 259
938 571
7 840
6 249
896 472
634 706
246 109
973 355
30 395
234 355
297 553
405 45
781 873
951 969
61 791
528 810
271 60
277 18
440 688
949 669
364 573
574 589
747 242
334 767
300 881
819 224
198 614
564 748
160 841
322 584
364 396
84 518
112 147
767 501
72 536
79 441
502 771
181 157
331 717
39 928
506 289
661 838
510 752
283 248
121 898
831 4
440 879
840 178
530 389
389 665
337 752
827 479
249 8
11 801
418 907
299 342
61 697
498 287
913 601
866 931
13 723
451 192
12 126
134 204
303 484
735 785
484 51
64 742
255 745
740 824
683 213
218 55
732 238
65 660
727 785
13 204
390 382
839 771
369 121
45 242
760 312
806 803
52 262
937 377
413 262
206 66
359 535
117 474
30 229
341 752
297 385
525 419
515 859
523 507
954 284
688 443
285 393
128 806
487 428
420 292
827 828
296 923
461 784
309 545
343 458
756 234
652 33
368 532
331 721
399 546
699 12
167 38
890 324
760 943
687 945
675 52
859 188
448 577
611 504
925 391
191 233
135 506
578 12
690 463
339 540
825 463
666 899
147 217
837 456
99 694
490 113
202 327
298 494
889 412
896 413
250 387
900 354
751 201
272 546
215 298
206 454
531 520
192 612
867 970
185 826
204 138
439 547
509 743
637 243
663 695
571 52
502 898
585 830
572 429
152 482
29 215
875 777
423 81
641 686
92 893
397 950
640 596
743 586
639 755
178 898
918 340
503 757
765 611
803 802
23 870
151 273
662 969
10 452
541 726
743 80
651 130
816 851
785 645
138 50
666 382
621 208
629 555
771 444
901 870
306 653
407 742
156 94
11 760
214 13
52 145
788 687
400 150
116 911
583 730
424 804
135 520
563 324
414 490
524 368
269 675
669 819
343 691
889 522
262 799
335 950
102 480
710 349
867 600
509 289
759 899
855 77
108 913
36 235
170 210
602 811
897 802
107 859
157 861
558 420
795 495
33 194
378 267
812 181
293 210
252 246
218 701
544 151
120 958
804 147
746 373
217 465
564 676
548 962
472 799
635 877
720 788
584 839
576 460
805 216
609 771
149 817
509 547
489 631
112 924
454 611
233 396
501 947
628 788
246 554
836 14
774 554
899 298
811 740
418 221
60 533
766 973
176 559
659 816
595 835
635 124
475 380
690 577
266 441
113 943
78 855
145 922
11 896
275 262
661 121
688 308
260 498
67 537
328 400
213 440
911 157
298 577
187 630
321 192
221 336
187 84
772 601
15 338
137 559
859 417
932 619
534 194
192 834
425 380
789 938
460 33
582 65
570 337
219 491
450 82
883 744
137 150
644 632
674 206
406 394
338 907
484 718
469 148
169 110
945 630
968 1
699 733
910 565
0 775
194 232
937 947
711 122
382 148
654 614
73 937
892 529
798 386
125 743
406 792
174 427
390 221
28 583
774 516
712 973
782 41
689 714
349 912
300 278
147 823
754 219
562 557
483 741
663 975
268 714
532 647
341 974
827 965
881 447
655 237
828 1
592 234
725 442
834 296
150 953
337 79
695 107
610 515
917 939
699 57
419 695
580 575
641 362
299 912
338 387
875 834
609 426
664 164
580 814
831 626
903 677
157 238
263 548
405 762
267 349
369 68
358 399
515 891
241 51
855 274
328 208
1 356
226 219
802 430
425 954
837 407
386 160
73 632
424 905
168 264
95 738
483 941
884 347
93 127
542 260
105 93
921 199
579 524
341 795
511 869
453 59
360 559
679 384
597 228
885 625
208 383
219 342
603 430
722 688
157 476
65 14
452 441
736 118
926 834
425 976
505 107
820 190
975 923
890 420
440 958
84 102
275 656
530 736
694 385
689 864
263 857
804 758
760 702
440 605
142 74
492 800
550 788
115 759
382 83
213 922
690 142
974 520
716 620
971 711
443 621
820 90
265 161
824 476
503 52
908 92
640 172
959 583
788 199
154 796
731 784
305 308
13 915
163 637
951 236
685 62
133 784
239 452
836 56
699 543
124 731
30 426
87 496
229 499
43 248
773 61
776 566
244 900
311 350
695 180
711 229
568 409
950 245
28 934
328 134
812 490
367 389
806 950
50 874
124 536
399 3
127 854
752 644
2 387
471 518
697 11
576 505
38 256
898 398
607 430
652 367
379 69
190 227
594 679
831 363
362 144
423 364
300 262
583 200
935 445
374 324
497 552
315 636
679 76
415 412
601 501
826 382
713 973
956 893
255 649
455 18
23 112
321 154
681 931
926 9
413 58
215 541
347 752
10 728
455 181
778 574
333 858
304 7
157 332
164 267
416 848
522 628
208 286
24 134
371 745
488 811
681 747
899 368
508 59
589 309
947 378
748 531
235 16
423 538
293 147
446 208
401 408
638 304
793 596
365 412
185 748
304 57
608 630
917 101
603 356
462 901
475 463
192 365
146 226
634 961
23 59
389 158
689 169
307 355
472 261
939 615
300 576
447 713
572 368
960 889
562 836
106 899
389 971
410 968
408 226
439 24
604 344
499 176
54 315
269 530
68 757
633 638
654 201
96 657
874 153
806 785
737 848
105 172
690 581
366 717
747 7
661 595
26 403
580 158
597 761
231 230
340 163
87 635
309 324
62 163
967 146
769 766
576 321
870 845
372 345
955 401
92 791
478 677
177 238
234 383
647 736
574 809
446 12
422 112
552 592
193 908
258 768
766 123
187 358
366 157
888 55
949 729
35 763
355 102
406 583
788 110
562 28
13 704
913 670
398 804
63 171
743 796
780 236
575 683
875 679
388 36
449 683
437 570
207 605
851 787
699 342
762 905
39 722
276 897
880 127
787 11
558 69
856 64
329 97
361 144
213 183
869 449
445 298
296 857
66 305
750 536
892 945
550 917
352 695
607 226
174 365
131 123
253 355
952 943
385 957
211 32
904 347
950 837
563 325
668 46
25 513
108 443
517 477
725 49
708 816
412 425
506 564
347 537
418 581
369 22
12 46
111 432
401 617
90 394
568 240
813 79
747 512
810 603
974 347
123 448
389 48
463 439
909 894
748 747
656 750
372 482
5 17
801 816
796 856
896 582
351 56
446 299
100 391
103 877
668 260
720 328
69 489
382 825
972 801
601 142
836 296
763 141
707 467
217 919
784 165
563 263
852 418
167 372
341 524
377 551
687 157
290 786
815 462
660 728
857 117
685 768
559 461
860 676
461 659
306 875
968 656
406 290
268 310
832 354
308 733
380 78
870 639
744 863
706 421
349 568
317 229
508 788
106 280
453 584
838 355
222 375
72 233
311 780
865 186
595 351
490 600
57 77
745 594
831 321
102 241
62 699
752 771
383 3
598 103
253 388
665 897
913 182
138 950
556 565
930 857
425 266
390 700
479 452
361 523
780 935
881 575
434 7
978 27
155 941
497 45
204 539
282 362
554 374
429 419
586 702
730 47
115 413
278 802
757 861
949 469
946 101
885 782
35 429
741 52
121 286
520 276
205 319
253 529
532 187
111 798
534 240
100 216
442 836
169 558
701 916
638 247
56 643
448 749
133 71
172 770
611 52
86 893
956 701
715 249
151 461
215 899
134 778
272 113
688 600
139 233
526 881
206 123
770 526
351 553
12 459
455 895
394 426
356 953
560 242
456 238
786 110
743 257
41 77
715 29
76 243
799 160
520 655
177 931
266 691
485 863
369 471
864 805
792 159
730 180
354 685
684 333
47 93
595 695
746 887
618 235
82 170
522 782
379 756
485 436
263 106
880 612
38 907
365 121
929 567
4 69
808 958
534 765
687 68
115 671
81 128
304 734
381 489
421 606
948 67
958 479
600 729
915 858
164 286
521 734
286 181
861 79
418 440
602 811
20 815
235 16
10 112
531 553
845 746
470 838
599 613
39 849
746 710
180 45
681 573
217 823
92 648
410 752
742 118
648 906
98 886
329 804
524 544
51 52
498 678
16 775
228 688
184 163
855 750
589 266
170 974
960 267
660 622
811 608
633 213
818 738
191 392
26 942
177 40
616 793
416 114
969 788
388 831
637 491
618 957
566 395
173 666
557 195
210 551
334 175
719 343
391 374
494 742
257 631
256 602
240 65
613 714
934 629
96 141
553 301
692 549
197 677
921 271
468 221
399 480
648 370
759 621
296 674
571 620
302 554
400 489
274 482
358 394
906 282
221 297
15 377
904 912
543 465
523 105
926 484
92 271
695 676
60 201
500 920
81 947
109 35
355 436
512 950
823 256
459 224
127 673
577 548
0 383
21 485
931 581
57 877
939 383
155 723
10 840
478 834
93 609
268 511
91 641
821 611
910 593
522 558
189 846
413 425
391 643
738 691
827 925
426 245
701 864
671 700
970 460
596 973
100 631
620 112
164 356
869 441
404 939
875 232
425 917
214 573
651 401
867 706
768 897
950 779
41 351
370 351
653 288
827 573
257 629
775 608
263 518
226 716
597 845
865 887
59 175
648 363
308 545
715 303
701 931
280 473
814 463
46 101
291 812
392 888
507 914
860 926
333 263
871 830
236 835
646 979
937 670
265 664
952 53
300 759
845 672
373 730
644 17
807 327
670 532
278 760
45 960
652 496
346 957
774 873
636 910
747 318
22 810
633 760
768 484
560 355
569 184
17 270
688 792
299 868
529 629
700 939
743 119
107 93
227 642
663 411
969 664
887 962
97 571
59 230
8 498
82 901
891 845
450 160
683 436
270 520
123 69
328 283
199 562
406 89
607 876
955 649
655 960