990
4949
0,
1,
2,
3,
4,
5,
6,
7,
8,
9,
10,
11,
12,
13,
14,
15,
16,
17,
18,
19,
20,
21,
22,
23,
24,
25,
26,
27,
28,
29,
30,
31,
32,
33,
34,
35,
36,
37,
38,
39,
40,
41,
42,
43,
44,
45,
46,
47,
48,
49,
50,
51,
52,
53,
54,
55,
56,
57,
58,
59,
60,
61,
62,
63,
64,
65,
66,
67,
68,
69,
70,
71,
72,
73,
74,
75,
76,
77,
78,
79,
80,
81,
82,
83,
84,
85,
86,
87,
88,
89,
90,
91,
92,
93,
94,
95,
96,
97,
98,
99,
100,
101,
102,
103,
104,
105,
106,
107,
108,
109,
110,
111,
112,
113,
114,
115,
116,
117,
118,
119,
120,
121,
122,
123,
124,
125,
126,
127,
128,
129,
130,
131,
132,
133,
134,
135,
136,
137,
138,
139,
140,
141,
142,
143,
144,
145,
146,
147,
148,
149,
150,
151,
152,
153,
154,
155,
156,
157,
158,
159,
160,
161,
162,
163,
164,
165,
166,
167,
168,
169,
170,
171,
172,
173,
174,
175,
176,
177,
178,
179,
180,
181,
182,
183,
184,
185,
186,
187,
188,
189,
190,
191,
192,
193,
194,
195,
196,
197,
198,
199,
200,
201,
202,
203,
204,
205,
206,
207,
208,
209,
210,
211,
212,
213,
214,
215,
216,
217,
218,
219,
220,
221,
222,
223,
224,
225,
226,
227,
228,
229,
230,
231,
232,
233,
234,
235,
236,
237,
238,
239,
240,
241,
242,
243,
244,
245,
246,
247,
248,
249,
250,
251,
252,
253,
254,
255,
256,
257,
258,
259,
260,
261,
262,
263,
264,
265,
266,
267,
268,
269,
270,
271,
272,
273,
274,
275,
276,
277,
278,
279,
280,
281,
282,
283,
284,
285,
286,
287,
288,
289,
290,
291,
292,
293,
294,
295,
296,
297,
298,
299,
300,
301,
302,
303,
304,
305,
306,
307,
308,
309,
310,
311,
312,
313,
314,
315,
316,
317,
318,
319,
320,
321,
322,
323,
324,
325,
326,
327,
328,
329,
330,
331,
332,
333,
334,
335,
336,
337,
338,
339,
340,
341,
342,
343,
344,
345,
346,
347,
348,
349,
350,
351,
352,
353,
354,
355,
356,
357,
358,
359,
360,
361,
362,
363,
364,
365,
366,
367,
368,
369,
370,
371,
372,
373,
374,
375,
376,
377,
378,
379,
380,
381,
382,
383,
384,
385,
386,
387,
388,
389,
390,
391,
392,
393,
394,
395,
396,
397,
398,
399,
400,
401,
402,
403,
404,
405,
406,
407,
408,
409,
410,
411,
412,
413,
414,
415,
416,
417,
418,
419,
420,
421,
422,
423,
424,
425,
426,
427,
428,
429,
430,
431,
432,
433,
434,
435,
436,
437,
438,
439,
440,
441,
442,
443,
444,
445,
446,
447,
448,
449,
450,
451,
452,
453,
454,
455,
456,
457,
458,
459,
460,
461,
462,
463,
464,
465,
466,
467,
468,
469,
470,
471,
472,
473,
474,
475,
476,
477,
478,
479,
480,
481,
482,
483,
484,
485,
486,
487,
488,
489,
490,
491,
492,
493,
494,
495,
496,
497,
498,
499,
500,
501,
502,
503,
504,
505,
506,
507,
508,
509,
510,
511,
512,
513,
514,
515,
516,
517,
518,
519,
520,
521,
522,
523,
524,
525,
526,
527,
528,
529,
530,
531,
532,
533,
534,
535,
536,
537,
538,
539,
540,
541,
542,
543,
544,
545,
546,
547,
548,
549,
550,
551,
552,
553,
554,
555,
556,
557,
558,
559,
560,
561,
562,
563,
564,
565,
566,
567,
568,
569,
570,
571,
572,
573,
574,
575,
576,
577,
578,
579,
580,
581,
582,
583,
584,
585,
586,
587,
588,
589,
590,
591,
592,
593,
594,
595,
596,
597,
598,
599,
600,
601,
602,
603,
604,
605,
606,
607,
608,
609,
610,
611,
612,
613,
614,
615,
616,
617,
618,
619,
620,
621,
622,
623,
624,
625,
626,
627,
628,
629,
630,
631,
632,
633,
634,
635,
636,
637,
638,
639,
640,
641,
642,
643,
644,
645,
646,
647,
648,
649,
650,
651,
652,
653,
654,
655,
656,
657,
658,
659,
660,
661,
662,
663,
664,
665,
666,
667,
668,
669,
670,
671,
672,
673,
674,
675,
676,
677,
678,
679,
680,
681,
682,
683,
684,
685,
686,
687,
688,
689,
690,
691,
692,
693,
694,
695,
696,
697,
698,
699,
700,
701,
702,
703,
704,
705,
706,
707,
708,
709,
710,
711,
712,
713,
714,
715,
716,
717,
718,
719,
720,
721,
722,
723,
724,
725,
726,
727,
728,
729,
730,
731,
732,
733,
734,
735,
736,
737,
738,
739,
740,
741,
742,
743,
744,
745,
746,
747,
748,
749,
750,
751,
752,
753,
754,
755,
756,
757,
758,
759,
760,
761,
762,
763,
764,
765,
766,
767,
768,
769,
770,
771,
772,
773,
774,
775,
776,
777,
778,
779,
780,
781,
782,
783,
784,
785,
786,
787,
788,
789,
790,
791,
792,
793,
794,
795,
796,
797,
798,
799,
800,
801,
802,
803,
804,
805,
806,
807,
808,
809,
810,
811,
812,
813,
814,
815,
816,
817,
818,
819,
820,
821,
822,
823,
824,
825,
826,
827,
828,
829,
830,
831,
832,
833,
834,
835,
836,
837,
838,
839,
840,
841,
842,
843,
844,
845,
846,
847,
848,
849,
850,
851,
852,
853,
854,
855,
856,
857,
858,
859,
860,
861,
862,
863,
864,
865,
866,
867,
868,
869,
870,
871,
872,
873,
874,
875,
876,
877,
878,
879,
880,
881,
882,
883,
884,
885,
886,
887,
888,
889,
890,
891,
892,
893,
894,
895,
896,
897,
898,
899,
900,
901,
902,
903,
904,
905,
906,
907,
908,
909,
910,
911,
912,
913,
914,
915,
916,
917,
918,
919,
920,
921,
922,
923,
924,
925,
926,
927,
928,
929,
930,
931,
932,
933,
934,
935,
936,
937,
938,
939,
940,
941,
942,
943,
944,
945,
946,
947,
948,
949,
950,
951,
952,
953,
954,
955,
956,
957,
958,
959,
960,
961,
962,
963,
964,
965,
966,
967,
968,
969,
970,
971,
972,
973,
974,
975,
976,
977,
978,
979,
980,
981,
982,
983,
984,
985,
986,
987,
988,
989
588 699
699 572
572 402
402 59
59 339
339 499
499 884
884 870
870 935
935 487
487 745
745 700
700 217
217 690
690 424
424 727
727 254
254 603
603 316
316 351
351 475
475 656
656 782
782 302
302 243
243 650
650 514
514 735
735 821
821 726
726 836
836 500
500 71
71 737
737 507
507 767
767 14
14 35
35 207
207 638
638 267
267 748
748 107
107 850
850 257
257 667
667 587
587 102
102 599
599 4
4 417
417 245
245 535
535 556
556 180
180 194
194 213
213 714
714 871
871 712
712 683
683 669
669 132
132 333
333 189
189 460
460 949
949 968
968 96
96 457
457 633
633 456
456 511
511 2
2 849
849 347
347 629
629 553
553 459
459 907
907 796
796 358
358 266
266 541
541 169
169 657
657 152
152 373
373 336
336 69
69 761
761 666
666 954
954 110
110 411
411 593
593 653
653 45
45 90
90 385
385 733
733 478
478 24
24 841
841 835
835 440
440 900
900 564
564 216
216 376
376 352
352 698
698 729
729 425
425 342
342 523
523 341
341 108
108 68
68 375
375 652
652 465
465 279
279 932
932 780
780 764
764 546
546 323
323 381
381 463
463 772
772 496
496 106
106 446
446 208
208 491
491 238
238 773
773 887
887 343
343 413
413 692
692 577
577 78
78 313
313 334
334 829
829 294
294 628
628 61
61 706
706 383
383 644
644 526
526 783
783 41
41 676
676 755
755 731
731 412
412 380
380 130
130 442
442 565
565 894
894 297
297 828
828 188
188 386
386 531
531 517
517 211
211 722
722 87
87 785
785 502
502 223
223 834
834 445
445 416
416 852
852 283
283 296
296 776
776 659
659 899
899 178
178 187
187 198
198 53
53 607
607 504
504 127
127 468
468 590
590 179
179 739
739 470
470 449
449 345
345 874
874 897
897 581
581 252
252 612
612 863
863 486
486 119
119 686
686 366
366 26
26 220
220 619
619 85
85 946
946 284
284 154
154 464
464 585
585 662
662 19
19 436
436 371
371 758
758 613
613 276
276 1
1 770
770 615
615 515
515 822
822 979
979 847
847 186
186 574
574 964
964 625
625 879
879 362
362 79
79 886
886 115
115 494
494 51
51 660
660 222
222 99
99 270
270 844
844 493
493 626
626 332
332 92
92 382
382 808
808 145
145 379
379 62
62 680
680 367
367 274
274 260
260 81
81 753
753 109
109 539
539 155
155 971
971 833
833 614
614 617
617 160
160 77
77 977
977 253
253 488
488 242
242 910
910 27
27 960
960 370
370 759
759 141
141 763
763 167
167 936
936 356
356 643
643 716
716 794
794 889
889 262
262 117
117 249
249 389
389 522
522 314
314 275
275 105
105 229
229 837
837 89
89 399
399 458
458 958
958 920
920 888
888 133
133 740
740 891
891 937
937 0
0 8
8 786
786 721
721 288
288 830
830 12
12 201
201 943
943 277
277 718
718 915
915 361
361 265
265 771
771 752
752 864
864 639
639 101
101 601
601 668
668 72
72 547
547 319
319 18
18 898
898 202
202 798
798 165
165 709
709 600
600 746
746 482
482 21
21 544
544 622
622 263
263 784
784 33
33 485
485 355
355 695
695 905
905 329
329 704
704 64
64 15
15 591
591 461
461 825
825 291
291 484
484 762
762 205
205 227
227 393
393 264
264 137
137 624
624 501
501 743
743 901
901 775
775 191
191 986
986 138
138 83
83 414
414 139
139 73
73 766
766 802
802 859
859 602
602 573
573 498
498 151
151 962
962 955
955 606
606 13
13 703
703 941
941 944
944 368
368 804
804 126
126 754
754 237
237 658
658 256
256 39
39 181
181 377
377 855
855 736
736 854
854 91
91 212
212 452
452 875
875 632
632 980
980 289
289 230
230 838
838 80
80 663
663 199
199 228
228 349
349 9
9 817
817 869
869 568
568 372
372 809
809 325
325 225
225 620
620 240
240 609
609 723
723 185
185 756
756 801
801 278
278 688
688 474
474 40
40 251
251 489
489 148
148 929
929 799
799 592
592 157
157 331
331 631
631 111
111 925
925 56
56 853
853 60
60 713
713 747
747 596
596 46
46 492
492 877
877 438
438 95
95 927
927 508
508 843
843 437
437 3
3 427
427 310
310 49
49 303
303 428
428 184
184 114
114 939
939 38
38 408
408 308
308 651
651 431
431 510
510 10
10 328
328 913
913 239
239 273
273 506
506 292
292 552
552 224
224 840
840 672
672 867
867 143
143 472
472 909
909 397
397 831
831 182
182 490
490 70
70 684
684 20
20 125
125 226
226 911
911 234
234 548
548 441
441 360
360 885
885 197
197 637
637 193
193 363
363 327
327 142
142 219
219 495
495 881
881 271
271 246
246 788
788 919
919 952
952 335
335 858
858 861
861 192
192 757
757 951
951 67
67 469
469 58
58 781
781 975
975 330
330 134
134 348
348 569
569 209
209 118
118 11
11 584
584 481
481 337
337 646
646 135
135 673
673 554
554 697
697 521
521 30
30 210
210 621
621 790
790 961
961 708
708 324
324 561
561 664
664 357
357 945
945 369
369 959
959 28
28 793
793 98
98 777
777 394
394 170
170 765
765 300
300 851
851 710
710 876
876 159
159 689
689 247
247 168
168 519
519 862
862 31
31 75
75 285
285 904
904 527
527 856
856 407
407 281
281 635
635 947
947 162
162 872
872 956
956 549
549 93
93 893
893 432
432 811
811 868
868 258
258 305
305 419
419 807
807 104
104 149
149 433
433 988
988 418
418 934
934 647
647 570
570 529
529 865
865 848
848 54
54 827
827 255
255 483
483 42
42 378
378 563
563 299
299 930
930 346
346 48
48 22
22 477
477 401
401 232
232 384
384 903
903 534
534 542
542 576
576 113
113 627
627 315
315 420
420 52
52 287
287 649
649 873
873 677
677 543
543 453
453 725
725 558
558 86
86 190
190 594
594 172
172 860
860 304
304 717
717 218
218 400
400 112
112 404
404 518
518 734
734 645
645 583
583 537
537 983
983 171
171 163
163 832
832 604
604 200
200 236
236 295
295 233
233 693
693 426
426 611
611 800
800 550
550 806
806 720
720 820
820 906
906 131
131 536
536 37
37 374
374 454
454 824
824 540
540 123
123 206
206 161
161 582
582 47
47 707
707 826
826 116
116 144
144 309
309 984
984 566
566 691
691 353
353 528
528 176
176 694
694 196
196 648
648 595
595 605
605 480
480 940
940 430
430 272
272 387
387 642
642 63
63 34
34 883
883 435
435 512
512 66
66 322
322 451
451 448
448 158
158 509
509 43
43 235
235 530
530 293
293 447
447 814
814 173
173 974
974 559
559 392
392 479
479 44
44 268
268 976
976 503
503 403
403 221
221 513
513 545
545 957
957 140
140 922
922 25
25 760
760 791
791 938
938 918
918 175
175 183
183 321
321 675
675 177
177 963
963 665
665 444
444 586
586 623
623 701
701 32
32 476
476 557
557 908
908 878
878 29
29 94
94 661
661 815
815 524
524 805
805 7
7 520
520 282
282 789
789 82
82 97
97 390
390 555
555 779
779 538
538 973
973 410
410 195
195 215
215 280
280 312
312 818
818 682
682 450
450 326
326 741
741 902
902 738
738 634
634 982
982 307
307 989
989 921
921 636
636 670
670 455
455 421
421 338
338 671
671 298
298 812
812 136
136 121
121 778
778 750
750 248
248 823
823 100
100 320
320 422
422 467
467 967
967 705
705 214
214 579
579 728
728 365
365 987
987 928
928 917
917 560
560 5
5 147
147 124
124 795
795 892
892 640
640 120
120 655
655 290
290 926
926 269
269 866
866 306
306 678
678 719
719 516
516 57
57 129
129 749
749 103
103 842
842 409
409 391
391 150
150 931
931 674
674 597
597 687
687 311
311 562
562 259
259 742
742 174
174 443
443 153
153 261
261 156
156 950
950 797
797 598
598 497
497 128
128 434
434 533
533 318
318 846
846 696
696 730
730 398
398 203
203 364
364 55
55 250
250 88
88 751
751 890
890 810
810 948
948 608
608 769
769 654
654 896
896 580
580 406
406 839
839 344
344 551
551 571
571 578
578 923
923 803
803 589
589 471
471 166
166 423
423 857
857 244
244 924
924 17
17 774
774 241
241 388
388 744
744 532
532 768
768 317
317 415
415 724
724 50
50 429
429 981
981 359
359 792
792 396
396 972
972 965
965 641
641 895
895 880
880 525
525 439
439 933
933 567
567 36
36 65
65 146
146 969
969 681
681 813
813 916
916 74
74 466
466 610
610 618
618 985
985 16
16 23
23 616
616 819
819 354
354 711
711 301
301 575
575 679
679 84
84 978
978 970
970 473
473 953
953 715
715 462
462 732
732 395
395 350
350 787
787 966
966 912
912 231
231 685
685 122
122 286
286 942
942 882
882 702
702 845
845 204
204 505
505 76
76 340
340 914
914 164
164 816
816 6
6 405
405 630
966 43
213 441
586 133
343 159
324 198
62 94
618 241
753 515
854 708
533 294
442 474
3 627
326 847
882 796
583 451
492 605
256 91
387 867
609 452
748 734
808 875
300 867
261 337
717 117
894 803
627 152
59 931
617 587
174 448
45 622
457 704
186 792
401 823
327 226
555 785
209 622
890 534
141 634
629 486
192 720
601 539
79 889
72 770
185 663
914 756
11 270
240 918
165 23
155 802
318 485
288 130
436 878
650 782
851 351
576 438
358 294
523 709
483 646
84 814
851 55
281 661
197 169
266 335
533 219
716 482
471 406
615 482
937 605
204 643
75 222
711 321
596 575
782 825
725 570
611 32
155 212
580 727
506 430
948 11
184 78
465 988
825 658
589 307
868 593
492 325
577 780
596 301
851 351
573 586
642 360
572 416
290 128
255 410
624 638
683 757
105 114
87 644
409 223
656 278
628 921
918 524
565 897
740 368
897 796
341 502
740 741
847 351
21 627
740 771
196 931
355 217
834 355
588 97
471 427
719 736
833 344
223 58
868 318
29 56
131 442
463 141
485 700
316 739
10 868
444 429
794 453
411 190
985 610
466 39
0 378
346 288
927 156
316 293
226 639
486 171
892 344
232 441
279 976
352 180
356 378
571 907
446 631
457 835
648 891
33 950
545 127
622 758
636 158
436 715
156 280
940 474
241 769
280 462
393 560
174 508
338 605
476 470
294 316
397 965
502 62
529 490
465 864
298 200
769 789
544 239
837 923
177 817
896 80
566 747
935 931
428 780
650 330
823 284
118 916
817 825
660 414
725 573
184 1
246 685
227 438
235 185
751 172
594 823
185 208
216 344
962 386
975 658
685 28
780 102
226 879
740 823
155 485
316 709
18 961
476 878
456 766
380 944
198 139
779 242
166 198
158 13
214 93
626 964
844 954
210 274
54 357
536 647
127 684
841 202
176 973
486 13
432 644
242 540
477 413
329 615
909 403
574 491
351 348
357 781
856 907
919 982
524 793
395 935
400 370
696 268
934 131
904 144
421 807
967 789
671 853
84 689
72 864
861 738
147 814
510 674
388 237
556 898
889 527
407 643
960 398
867 906
489 183
681 37
913 152
235 448
898 275
612 295
929 614
212 106
770 250
693 9
542 470
150 576
584 22
184 377
418 707
319 507
981 554
586 751
655 672
877 229
204 344
839 755
552 194
383 22
414 140
459 609
457 501
516 774
201 824
570 512
854 639
793 341
273 261
20 940
760 335
658 234
841 264
687 751
184 264
200 695
629 249
270 554
366 667
750 689
119 552
410 128
983 350
978 682
983 876
621 285
331 517
549 707
833 90
922 138
509 15
767 693
563 93
111 367
22 204
296 891
280 163
813 253
966 196
138 680
871 111
858 309
522 59
130 340
451 789
188 184
923 770
67 934
204 440
341 574
228 524
412 230
46 725
778 331
78 44
339 664
520 832
974 864
373 884
198 139
857 126
208 207
384 57
98 734
195 124
141 688
567 605
479 477
137 278
307 61
815 148
765 567
534 790
346 377
679 168
445 747
781 125
973 321
873 941
937 424
411 708
471 846
141 46
574 619
579 396
187 277
876 838
299 64
697 757
113 854
270 302
52 776
517 98
358 864
804 296
463 578
513 599
885 96
717 642
35 238
288 425
547 358
15 501
634 624
182 351
452 703
427 887
714 484
516 343
911 961
509 808
222 148
192 713
952 275
152 819
555 510
125 798
813 27
598 39
306 707
458 821
406 243
467 291
834 608
37 136
464 434
137 47
534 867
374 436
861 356
250 252
736 138
744 551
631 21
780 323
174 286
440 836
450 288
495 807
381 889
235 972
958 805
438 75
301 100
731 847
956 59
745 302
389 9
757 504
733 126
739 504
923 323
260 167
847 541
831 610
436 123
406 560
901 339
613 974
261 387
884 462
739 59
462 872
37 800
35 172
462 663
431 860
269 948
747 550
702 45
573 333
843 217
204 614
546 317
675 328
544 26
323 932
6 785
350 919
201 610
166 77
388 605
232 444
909 673
131 746
277 784
705 861
100 720
82 36
296 674
354 384
5 782
205 113
462 944
371 987
682 475
688 540
96 486
817 103
41 223
408 448
12 878
655 223
33 404
264 629
169 72
974 619
92 308
386 206
866 772
589 413
792 390
597 932
174 809
531 263
194 173
226 499
236 28
400 444
688 726
156 838
898 746
230 437
461 531
494 230
558 232
289 86
665 790
383 407
586 396
432 627
407 830
18 658
913 246
115 72
613 238
377 397
108 620
929 939
35 900
786 12
67 566
205 212
577 661
716 150
186 941
986 942
408 8
854 232
427 167
162 731
93 884
687 138
967 309
51 693
603 851
832 475
621 315
928 883
765 419
479 602
725 903
841 91
616 660
983 488
133 258
256 170
511 834
165 553
449 536
133 918
666 782
213 730
252 651
179 408
955 494
813 284
843 538
955 185
792 855
117 648
100 203
687 292
864 69
401 82
219 204
708 224
526 16
431 374
560 819
949 872
339 438
117 93
557 264
237 60
757 635
32 205
55 108
832 988
766 230
808 242
936 36
550 608
607 727
81 14
833 351
500 940
222 316
820 378
527 644
413 981
255 930
190 622
102 355
855 461
763 505
411 220
51 121
774 934
440 273
50 35
793 624
711 85
726 480
98 901
487 128
235 985
438 918
125 808
869 64
577 152
336 381
291 366
5 365
540 863
284 838
934 835
428 957
656 373
528 257
97 373
602 104
86 817
357 612
699 406
970 771
385 331
974 241
923 887
983 304
633 947
593 218
170 575
947 39
65 704
810 975
893 294
45 252
438 806
457 54
227 414
477 856
527 305
868 452
82 77
570 642
459 329
478 846
163 35
406 236
175 620
628 386
66 334
427 529
829 321
877 347
669 834
458 846
478 369
302 701
720 855
417 746
96 501
187 553
877 600
64 680
759 58
102 424
537 568
502 432
742 130
954 602
668 830
175 838
182 549
528 862
902 418
17 541
320 373
503 608
905 699
703 439
845 336
142 847
924 779
605 132
248 946
790 59
317 627
121 115
129 493
375 439
703 52
536 723
94 254
471 952
567 823
480 622
216 348
69 981
119 314
449 32
159 847
661 797
610 456
902 245
161 813
203 3
627 694
520 207
572 156
178 881
351 966
598 441
537 744
15 543
902 364
958 936
861 263
600 351
359 219
727 591
814 17
54 342
795 959
932 928
401 394
564 806
287 585
574 655
884 207
12 541
428 847
552 272
528 491
761 790
581 966
984 885
111 508
133 223
187 298
986 940
722 983
6 140
133 613
900 784
628 481
184 894
343 596
772 80
805 165
475 470
945 928
527 977
503 831
673 343
202 134
627 313
161 288
123 349
789 98
565 713
538 813
61 797
649 740
783 367
337 379
711 726
474 329
228 672
695 636
14 274
449 368
172 314
41 375
607 753
235 391
170 650
443 955
417 73
439 944
631 762
190 11
462 152
41 675
870 218
198 154
127 746
482 443
842 898
432 357
57 399
179 768
291 899
869 233
55 90
423 394
866 849
320 413
876 955
186 377
533 751
723 585
652 551
232 392
227 964
867 417
843 383
810 532
28 249
737 76
16 772
670 656
335 797
375 708
14 569
662 509
663 833
446 230
595 465
974 414
618 273
308 86
826 41
802 841
317 84
64 693
223 144
874 272
691 200
911 180
17 178
385 542
195 720
969 266
292 499
609 937
319 225
916 257
817 527
126 708
690 598
670 875
254 74
943 845
804 672
568 189
98 740
975 824
489 67
659 883
241 907
302 686
284 258
361 165
873 469
611 428
214 401
0 716
302 821
907 177
696 903
441 615
703 639
627 322
186 847
873 422
836 398
604 235
291 391
735 905
908 456
140 924
463 706
827 960
604 717
624 906
849 637
213 442
967 871
706 507
160 277
162 466
607 895
358 745
855 770
146 466
560 837
55 405
940 739
16 832
80 382
281 349
332 897
966 930
107 860
947 561
413 893
813 644
978 274
524 126
45 490
621 75
713 684
698 679
457 406
627 358
451 360
852 436
493 703
162 875
172 521
806 864
527 52
856 904
708 603
873 22
205 41
604 757
980 408
82 477
673 667
784 727
763 342
726 144
357 915
117 763
219 759
45 216
210 790
311 579
942 571
366 968
817 572
356 563
243 713
900 187
204 529
831 245
51 114
632 62
476 70
76 790
809 265
631 682
180 910
921 130
601 495
112 38
324 292
988 259
835 248
183 522
266 680
794 598
842 598
460 558
272 879
881 74
902 967
878 830
505 501
509 738
633 979
340 263
344 978
361 884
756 451
442 113
925 113
889 964
181 216
639 599
296 578
590 206
865 811
885 62
566 67
393 21
975 474
821 480
988 764
497 917
119 420
676 271
898 218
564 524
844 322
515 631
5 660
562 163
405 441
644 653
702 478
5 312
710 268
601 59
564 957
594 610
930 829
591 478
966 628
33 383
129 567
420 193
121 485
77 222
791 446
421 33
798 122
978 670
985 666
934 509
385 475
228 584
640 805
932 477
581 642
825 756
138 210
826 962
704 223
296 24
331 136
139 870
327 156
311 932
884 777
28 97
850 513
754 782
656 549
473 135
387 381
37 96
517 222
432 556
79 224
829 600
658 972
872 716
511 177
214 797
982 165
338 254
928 419
213 808
17 645
770 579
747 829
759 56
524 556
571 987
854 749
133 954
797 61
625 595
628 98
606 715
10 829
374 836
596 891
227 912
954 36
827 816
940 763
585 339
670 930
147 229
327 800
834 619
523 427
44 27
317 453
264 455
367 910
715 531
151 239
764 714
871 261
817 861
561 782
291 382
189 907
206 113
973 818
398 520
769 380
954 351
709 957
442 845
656 944
220 111
23 128
974 901
877 395
476 171
601 314
504 773
533 341
376 261
101 869
699 111
179 234
444 787
700 53
703 313
549 714
695 657
268 718
947 780
89 524
980 730
46 814
311 942
405 688
683 722
338 766
702 638
160 235
738 269
103 251
668 639
832 37
18 619
298 591
761 22
513 896
758 372
182 516
541 741
626 182
816 713
979 853
553 49
943 959
128 486
563 68
948 364
694 296
906 483
523 376
245 589
437 82
506 670
308 474
947 522
467 156
102 480
401 656
892 319
260 216
592 675
278 292
491 356
564 14
159 307
861 885
774 185
219 762
810 665
284 896
772 309
39 547
13 646
761 491
489 975
585 303
198 370
249 447
604 358
805 912
523 262
816 380
357 228
940 438
163 602
123 643
204 419
674 874
649 665
235 548
787 765
857 778
658 114
490 630
51 499
76 67
955 522
34 58
119 781
854 764
635 390
825 927
948 245
563 820
263 739
589 815
861 279
403 627
892 121
274 441
280 40
588 61
310 324
898 577
244 242
321 760
856 636
875 780
794 137
763 669
452 275
361 82
162 202
167 607
774 841
492 250
815 185
493 370
155 263
912 761
609 70
525 180
431 258
949 910
512 685
333 956
517 822
328 258
467 375
732 715
449 225
731 596
930 565
827 810
981 622
591 599
816 425
366 279
78 90
835 295
566 817
676 563
487 363
176 907
196 529
783 404
669 222
192 706
821 890
163 391
18 502
52 253
626 294
113 127
855 467
15 84
864 180
741 898
905 794
201 729
607 689
963 984
47 789
158 441
401 5
356 642
566 731
168 379
871 379
881 742
415 579
74 534
726 371
911 853
483 523
383 459
642 825
651 453
175 497
404 375
304 193
939 911
497 817
601 522
529 766
904 951
966 373
314 694
408 97
297 972
384 628
571 614
815 454
120 567
378 850
240 597
530 221
701 631
441 173
178 671
918 68
903 929
804 678
598 938
910 75
457 358
557 56
165 714
511 755
821 687
756 52
785 254
787 549
76 352
280 461
390 133
909 439
902 163
301 854
237 647
111 146
707 481
956 387
214 349
168 500
172 171
228 807
419 949
178 254
708 181
893 791
800 278
659 889
10 952
849 863
676 545
986 826
322 290
905 809
85 811
99 983
822 797
579 179
603 631
25 401
805 128
127 477
814 550
167 219
972 529
767 506
693 617
695 214
342 58
961 533
280 666
775 392
881 370
664 594
700 898
693 255
780 968
729 521
354 154
755 417
508 350
76 311
847 143
927 19
604 905
589 224
410 259
552 824
113 150
975 465
533 52
182 346
634 54
584 770
15 350
710 256
396 449
270 901
617 893
525 530
886 41
487 164
97 153
128 293
604 113
153 890
710 578
572 92
828 140
166 932
951 494
718 104
200 812
442 896
847 332
629 546
594 21
599 350
803 694
672 1
150 560
510 636
472 539
485 240
845 31
593 251
556 821
780 235
100 178
836 229
406 676
600 99
744 207
494 967
337 381
407 23
309 289
955 897
171 640
777 2
953 461
161 626
894 421
861 465
4 700
486 127
722 185
478 870
719 783
119 834
494 327
504 637
918 234
484 332
295 191
336 901
736 251
922 927
835 386
211 87
335 605
26 920
608 902
20 625
444 759
0 494
256 185
649 917
417 857
818 831
73 678
888 77
118 894
359 778
906 188
770 230
926 666
923 671
194 935
415 153
971 514
120 529
601 8
603 922
364 545
156 589
151 47
528 348
923 440
458 567
461 967
124 211
961 478
505 377
20 923
771 724
864 159
870 26
305 518
789 450
958 645
201 120
687 436
44 971
848 653
276 254
591 21
311 723
374 925
877 544
436 518
227 304
110 378
251 612
299 625
149 72
415 94
749 328
900 64
515 800
582 543
544 270
592 759
328 776
531 805
628 438
748 634
172 386
737 99
737 432
465 205
297 352
373 792
26 931
687 633
711 137
432 867
832 338
173 734
494 636
461 141
498 914
705 63
939 578
988 239
749 515
655 695
846 849
457 334
975 426
772 780
735 236
708 908
789 259
787 32
185 322
640 630
895 675
882 542
704 241
408 429
427 158
559 382
542 528
251 618
653 297
677 890
763 890
902 773
922 820
791 766
749 129
707 815
659 298
817 446
384 492
257 500
281 248
648 513
44 927
597 523
797 363
790 611
886 870
216 42
785 910
215 883
86 910
257 617
127 988
556 569
224 274
88 59
628 18
515 934
147 501
829 655
968 658
209 664
681 349
513 718
570 954
147 100
142 391
837 779
534 45
563 163
641 778
468 780
416 654
143 659
929 383
895 13
621 315
51 129
719 980
303 869
20 197
578 117
332 689
279 210
156 695
91 325
917 879
747 665
138 81
766 43
632 736
929 806
780 770
985 242
74 972
303 716
693 527
545 332
884 855
342 355
979 211
152 688
211 62
545 44
551 903
442 779
678 829
875 731
525 664
3 482
845 653
484 389
932 316
636 195
723 88
69 774
965 486
228 226
359 347
611 527
158 26
56 887
431 3
374 626
548 213
571 524
60 784
23 645
61 574
586 216
947 87
411 233
169 127
639 372
751 809
360 224
925 591
969 527
764 184
859 870
506 888
266 304
469 490
648 635
175 559
924 785
839 655
916 541
950 947
416 127
38 426
153 171
239 124
241 212
589 11
793 971
296 235
50 376
163 762
900 818
955 373
705 336
771 632
610 444
734 23
414 914
339 851
389 746
951 688
555 391
597 967
626 962
455 16
495 883
579 296
976 615
634 711
811 849
656 580
543 151
666 345
449 21
749 948
836 178
922 849
931 757
715 505
810 721
374 539
145 367
703 241
275 593
21 634
856 439
930 633
148 263
710 373
547 301
614 761
441 601
110 626
493 783
238 178
900 247
375 148
292 712
103 812
556 408
454 452
670 575
80 634
97 90
45 262
449 654
230 527
231 864
78 332
97 756
659 894
789 709
983 778
707 59
928 729
874 968
557 912
858 65
34 573
838 133
812 491
585 542
520 50
572 396
750 714
692 255
205 864
615 459
505 266
874 975
834 358
752 684
955 131
217 305
958 657
654 267
578 533
794 829
278 307
757 881
932 670
498 803
298 456
373 101
332 624
244 752
207 652
498 335
666 691
186 107
6 354
856 222
663 100
583 495
545 888
728 262
252 306
272 571
934 101
661 712
57 242
129 829
252 455
932 920
166 812
609 458
636 806
171 829
663 429
837 708
901 106
751 371
327 959
363 548
408 633
86 764
674 410
180 609
335 460
584 933
213 833
733 284
417 303
260 788
329 574
354 461
547 189
396 896
193 253
179 408
409 169
815 373
799 453
269 621
419 344
153 443
496 21
275 245
832 929
48 913
702 337
453 937
428 874
190 666
175 581
471 185
46 765
626 29
768 526
663 743
448 58
705 6
830 736
892 522
311 360
589 113
826 945
837 644
376 155
550 537
651 309
4 230
146 658
669 613
891 706
589 437
500 694
934 309
279 719
541 39
78 215
924 891
966 684
789 820
909 94
268 159
976 385
242 17
316 314
205 299
895 510
806 346
664 641
842 585
859 363
225 123
559 264
1 369
171 173
675 748
371 67
273 147
728 718
655 567
760 308
922 389
23 675
455 704
396 270
837 119
519 155
883 27
315 825
745 860
222 513
34 449
832 820
980 802
594 827
689 910
779 401
488 314
877 520
227 154
226 717
369 857
249 640
190 574
182 760
24 718
42 116
332 340
250 333
531 763
774 253
90 897
940 36
581 126
610 169
814 770
912 687
664 249
196 704
971 735
370 440
526 686
522 486
295 78
431 189
304 467
253 170
160 861
463 274
682 979
518 760
47 346
676 668
633 139
358 132
142 292
54 605
54 969
105 149
523 193
355 816
707 823
697 513
359 699
686 449
696 373
726 643
680 374
452 517
656 537
965 695
338 385
583 349
949 836
201 176
473 277
134 196
554 528
129 21
834 770
390 340
895 374
231 972
965 606
597 727
693 259
297 832
371 268
875 766
85 885
751 886
847 441
208 620
169 738
136 919
204 137
261 569
262 122
868 63
196 584
0 367
733 2
779 854
790 48
323 378
760 925
10 827
928 425
803 594
818 616
793 970
325 951
558 770
127 158
135 119
239 399
643 820
4 844
706 63
389 295
523 631
585 235
682 942
624 882
65 557
358 822
177 317
610 633
204 633
237 781
247 914
820 645
623 452
825 552
534 734
7 524
381 263
418 110
796 298
666 281
672 349
102 706
87 454
871 817
349 989
763 787
974 502
925 986
237 803
885 643
162 917
395 795
929 76
638 361
409 140
860 627
24 100
123 120
368 471
985 241
973 624
77 287
785 469
641 386
81 331
651 644
167 204
880 468
418 740
897 654
46 633
336 407
781 829
425 324
541 144
299 675
636 502
126 231
942 272
175 337
700 253
200 759
627 465
767 658
102 427
772 129
358 327
439 668
383 626
154 177
747 643
912 235
983 289
851 600
681 540
417 941
134 979
741 901
274 910
54 675
431 150
128 827
113 256
961 736
982 804
909 627
221 392
293 459
212 548
172 787
213 80
568 273
392 409
297 860
842 148
295 458
648 391
536 883
406 43
838 877
902 682
264 131
241 279
92 748
342 718
711 49
511 750
658 347
66 392
447 697
217 717
672 396
404 551
196 146
529 937
560 941
364 17
890 502
881 438
850 901
908 830
627 798
339 721
428 534
365 502
315 35
632 268
935 127
523 952
973 237
378 357
887 521
127 314
977 384
202 624
709 82
313 353
328 627
289 781
649 240
27 963
293 128
405 379
382 841
472 370
647 406
893 575
851 132
676 527
332 695
633 917
919 111
473 20
680 491
767 354
835 461
647 823
255 717
767 346
679 13
249 614
663 413
244 968
650 986
958 931
312 508
712 264
326 854
560 557
173 82
44 838
938 530
663 70
937 167
181 497
589 530
861 169
508 693
306 720
622 34
72 767
5 949
313 211
603 146
851 19
196 183
135 159
766 684
669 568
423 954
739 931
158 38
458 35
936 863
837 973
825 897
388 447
343 939
509 477
761 887
835 756
558 377
860 772
135 4
117 564
296 420
623 351
649 474
972 584
379 739
246 529
507 399
894 504
947 499
783 909
173 972
847 960
126 290
163 367
365 360
96 678
939 209
59 687
14 36
559 10
681 569
716 588
711 269
76 164
553 495
120 723
329 522
77 729
461 735
293 463
559 677
472 156
43 571
647 939
641 148
582 95
490 858
989 170
475 17
168 174
392 690
989 435
968 690
871 65
663 510
907 65
63 724
755 846
327 911
801 166
98 261
20 633
665 897
950 770
39 162
956 400
597 952
58 352
13 712
948 510
275 538
540 769
175 559
795 715
342 618
681 672
712 620
424 978
107 343
494 815
653 842
196 276
780 635
973 675
903 296
196 892
166 958
226 595
807 316
525 245
604 799
718 295
701 588
403 625
72 310
368 917
755 57
746 326
842 219
126 747
329 567
391 853
960 628
70 477
228 733
607 433
752 670
968 48
74 93
517 337
370 549
132 227
5 798
267 227
200 690
20 362
37 182
932 677
565 986
16 879
175 824
304 193
755 350
204 21
986 316
710 621
812 716
663 217
493 160
673 773
980 402
636 67
660 980
7 307
722 518
50 285
376 445
948 324
347 948
665 642
359 392
392 739
631 925
588 945
837 875
164 301
572 861
873 435
247 413
418 876
347 86
595 355
891 949
170 807
111 290
683 550
759 213
705 375
413 27
273 924
123 537
718 269
726 831
415 355
216 317
9 366
560 163
360 478
687 349
534 252
150 126
275 153
718 512
609 442
795 57
188 906
474 975
887 959
725 703
529 954
6 320
493 659
188 42
306 501
635 863
97 949
449 803
457 465
945 630
973 465
390 436
429 463
762 156
798 653
151 659
311 212
282 385
74 938
259 823
287 122
715 739
465 420
692 335
813 685
239 928
590 156
599 589
182 733
546 433
16 723
598 436
18 73
230 944
921 660
368 596
938 531
397 553
120 565
709 440
839 869
83 707
588 77
614 901
436 83
270 922
246 376
281 307
627 450
823 173
314 550
210 629
88 955
8 722
368 688
196 787
702 727
655 765
482 120
277 33
589 269
624 147
321 76
341 777
109 160
650 419
810 0
737 82
614 541
198 914
188 479
872 463
435 823
375 730
132 937
825 358
707 191
232 413
427 843
451 166
217 247
934 585
704 542
781 402
256 236
752 824
672 216
764 648
611 581
206 499
929 904
701 410
476 858
564 400
449 804
414 56
269 841
774 616
242 476
344 356
270 21
601 311
519 730
443 622
859 510
682 506
165 417
949 247
983 878
221 33
214 65
110 821
494 164
7 263
618 727
533 655
928 467
29 203
631 701
831 21
655 299
416 317
169 249
138 192
857 751
352 504
217 758
46 330
548 423
556 860
746 217
181 373
442 861
918 793
409 120
353 396
566 726
501 748
548 266
265 108
766 604
761 866
523 170
650 478
538 142
35 772
814 823
305 214
291 474
125 396
602 227
76 82
740 881
758 797
218 422
178 425
243 562
519 920
632 604
119 131
618 883
686 405
190 193
989 581
818 259
527 46
260 558
122 0
691 662
826 796
711 288
698 400
257 317
549 848
184 859
104 29
629 425
644 378
925 241
498 626
393 536
628 371
463 323
912 525
225 411
918 734
341 26
18 33
930 795
383 582
880 297
427 380
533 325
927 836
908 766
790 597
976 451
885 63
136 974
502 463
333 693
634 85
725 827
522 471
387 922
814 570
205 13
273 54
151 575
29 532
622 230
85 776
183 962
223 734
703 315
188 575
278 805
787 672
479 945
310 194
673 836
651 520
231 957
205 57
752 597
486 310
72 353
719 109
668 52
528 695
546 702
372 904
526 115
734 634
120 612
598 495
778 988
331 550
105 730
667 855
507 435
308 355
625 103
818 415
900 363
649 533
306 155
53 326
249 959
982 191
324 40
150 411
245 949
745 160
382 424
20 644
837 537
28 154
224 790
254 570
388 637
973 717
132 587
501 967
283 337
607 932
157 578
122 768
868 359
381 583
159 771
525 196
260 822
207 127
242 786
329 21
859 372
870 690
62 620
968 682
853 890
634 984
828 964
18 803
661 500
131 670
976 268
259 385
420 126
497 412
579 830
586 394
836 694
633 121
23 355
36 100
846 649
167 901
256 213
436 141
193 648
526 356
860 280
503 611
136 826
588 385
811 527
797 462
384 706
189 204
552 968
805 701
357 716
830 543
632 35
150 544
182 742
762 254
742 677
257 456
365 863
430 956
227 543
305 520
501 321
471 21
917 619
362 390
640 580
860 560
265 216
9 79
135 464
477 425
515 515
557 108
808 29
333 741
975 169
146 306
190 546
676 389
262 869
162 283
107 754
541 502
81 860
770 599
523 416
430 69
656 715
429 819
445 687
610 919
66 848
339 397
750 468
292 358
270 368
854 566
262 855
501 546
436 755
649 124
259 876
361 666
244 972
912 713
109 354
138 925
903 583
542 856
583 661
492 686
267 972
451 259
141 937
724 644
224 563
221 500
741 636
408 660
193 15
336 636
950 677
203 6
984 489
471 650
868 391
329 79
601 202
486 297
213 821
338 146
254 659
604 703
370 451
552 445
592 523
909 309
987 406
97 449
420 393
648 668
597 344
1 300
712 853
963 566
551 657
509 304
856 71
816 227
922 792
148 68
804 796
391 204
918 268
889 470
470 908
898 89
627 522
120 274
550 505
860 387
166 655
796 964
534 470
94 739
508 758
868 587
364 606
600 746
694 289
647 467
80 808
175 174
69 780
867 718
83 138
89 633
373 418
279 312
55 432
112 278
928 262
152 764
962 605
936 294
940 859
327 311
523 368
425 500
873 651
134 345
729 527
847 586
558 72
48 425
816 889
129 715
576 138
454 429
773 845
502 229
307 402
830 854
18 125
934 650
864 388
119 406
415 137
642 216
602 498
732 582
32 532
891 736
958 973
62 194
438 432
451 601
726 173
318 477
967 470
878 907
104 400
840 339
129 182
456 161
596 220
760 892
429 527
728 279
872 21
839 368
919 382
186 905
265 641
131 425
601 338
337 526
315 49
106 333
85 773
108 533
154 4
358 123
675 778
420 443
950 177
853 651
781 264
410 797
493 584
288 906
542 730
448 902
881 905
973 37
308 117
715 989
920 589
427 276
837 185
315 89
474 837
687 181
485 976
722 572
259 367
475 887
240 904
489 123
480 639
715 478
156 579
892 606
511 771
684 391
352 584
282 705
755 226
210 285
285 113
698 68
616 528
982 409
983 698
490 495
942 408
43 793
218 609
727 199
467 864
853 513
790 66
899 698
340 228
661 737
622 853
812 446
13 843
37 635
817 494
84 487
16 514
597 265
843 510
191 904
731 404
205 818
528 938
938 927
407 364
114 428
665 454
510 543
866 489
131 608
733 181
628 25
207 606
740 464
172 892
553 551
286 917
852 707
879 154
425 314
179 393
950 915
141 945
796 129
409 222
610 143
724 538
486 567
781 106
254 943
695 335
273 590
528 824
463 635
209 936
415 81
549 25
794 51
290 531
91 751
292 506
300 751
13 660
655 809
306 647
902 709
856 755
957 607
768 870
385 764
679 336
688 780
133 70
974 113
611 329
383 188
653 753
678 428
731 689
615 952
692 684
44 868
861 603
592 81
823 535
91 667
684 471
611 915
956 682
330 845
716 784
505 99
743 80
393 40
804 838
864 641
34 759
663 96
819 796
580 648
43 46
671 560
509 447
826 2
826 676
954 696
75 147
475 98
586 905
336 504
53 368
5 370
687 235
418 842
265 728
571 840
450 621
848 920
37 353
859 249
365 953
554 928
20 608
630 886
859 556
642 569
805 526
875 87
244 709
353 212
241 647
360 536
390 809
961 503
94 75
722 539
293 737
13 687
209 258
724 369
581 359
718 15
199 739
134 14
823 183
967 124
984 736
192 596
61 185
268 43
209 351
740 735
814 911
612 758
157 726
529 87
499 176
193 762
963 561
310 582
276 755
35 186
366 785
760 890
259 897
10 582
614 734
985 172
239 834
235 156
212 172
545 903
164 829
847 112
90 215
881 287
570 33
834 134
759 371
817 326
761 880
214 615
734 595
264 570
687 350
896 65
640 253
204 290
968 618
752 169
588 587
494 650
134 734
390 614
1 166
314 393
229 931
179 671
122 169
341 246
818 377
571 797
600 518
951 571
269 57
499 664
101 33
881 908
792 567
616 319
291 842
364 967
82 280
328 97
442 636
878 803
346 921
85 312
185 950
91 746
779 150
118 22
619 881
788 555
711 633
874 110
789 723
19 663
597 643
949 633
162 806
25 122
272 207
247 415
442 916
752 178
973 121
938 918
466 407
320 477
490 35
161 421
979 55
556 547
227 564
281 419
78 934
520 24
490 530
637 520
697 494
687 739
714 134
174 928
520 189
401 769
50 858
520 134
4 107
665 821
240 424
654 321
675 144
983 386
896 836
203 463
470 885
398 45
273 988
743 784
704 485
558 916
531 355
180 910
432 74
440 227
327 667
784 633
490 565
289 151
127 276
419 658
856 677
42 255
320 929
528 669
949 352
966 83
788 243
897 202
342 562
370 123
804 526
686 607
85 191
430 687
841 129
627 359
627 524
532 646
307 761
374 981
464 367
563 469
409 583
766 489
945 777
933 518
292 521
589 383
437 529
71 572
707 825
205 603
398 883
955 116
285 104
862 788
430 289
326 669
592 725
482 969
503 883
173 575
407 953
166 427
535 943
724 615
524 316
149 770
590 12
477 39
974 437
989 950
792 511
595 823
480 271
670 869
866 592
542 562
95 789
907 641
615 134
828 105
831 764
596 116
965 603
572 181
692 288
564 442
943 238
241 747
540 748
735 741
343 79
198 841
842 265
74 549
163 832
510 530
681 554
61 358
558 660
823 217
371 874
62 133
665 733
844 535
258 258
738 505
718 530
803 733
984 699
641 486
472 576
954 297
768 976
868 882
103 110
574 289
190 214
541 424
292 984
387 935
984 921
930 302
571 289
56 918
818 486
632 215
614 784
727 197
31 304
402 187
666 356
450 393
867 748
20 627
196 29
702 975
273 76
712 1
231 72
404 506
370 29
48 607
164 592
280 672
45 680
395 593
37 563
487 124
589 727
478 132
820 576
115 5
579 373
542 742
757 799
175 35
10 596
519 547
830 425
177 672
765 25
213 683
273 311
896 52
7 550
441 620
668 58
152 496
319 904
171 342
699 170
913 541
685 913
469 117
524 392
319 677
191 609
349 122
354 335
863 515
175 819
282 899
66 54
268 143
846 3
385 207
675 604
700 616
722 706
860 931
785 655
388 71
491 878
107 922
817 820
945 707
481 142
596 44
497 892
91 615
563 261
877 302
314 340
833 695
815 949
980 729
929 373
882 229
532 316
412 95
501 23
558 523
733 884
926 475
674 802
150 525
773 879
546 934
509 981
692 877
270 349
697 636
520 584
11 401
56 734
210 593
762 343
15 408
194 953
479 306
290 325
524 450
816 95
548 143
567 756
949 725
281 988
981 155
26 349
629 802
276 830
714 898
528 347
43 46
615 196
207 916
155 160
913 564
964 65
108 789
405 251
455 619
585 624
216 536
651 407
784 637
878 301
922 609
495 140
29 719
877 82
147 423
194 637
944 710
939 216
731 187
410 453
393 358
542 918
14 16
958 49
676 541
673 245
103 199
872 853
42 111
214 822
168 30
645 984
720 100
796 436
481 79
343 845
767 503
587 385
123 53
859 715
867 565
784 555
199 387
573 767
880 142
108 503
104 512
718 140
857 443
852 207
986 51
757 267
694 2
764 121
934 57
398 816
871 586
113 302
633 360
529 441
43 615
489 736
465 282
96 773
479 728
125 794
676 526
209 437
684 737
463 611
196 279
32 211
895 299
664 405
114 363
767 865
676 916
82 894
738 467
680 15
435 578
617 918
263 848
688 384
184 413
326 457
269 634
320 519
834 615
611 375
725 939
638 362
328 979
493 939
692 540
850 852
735 618
872 865
250 289
237 804
781 627
815 464
800 765
384 781
825 4
512 573
131 618
760 906
809 596
944 265
18 528
353 878
768 770
732 616
183 782
145 294
838 742
718 701
414 333
280 912
508 734
444 283
742 539
830 528
570 420
56 638
715 655
113 360
83 615
69 42
685 647
3 517
689 792
673 749
793 958
108 14
799 733
186 915
412 153
836 443
502 619
468 671
806 236
219 632
483 140
668 612
982 511
227 954
739 634
920 677
34 393
844 92
859 229
611 824
911 572
967 796
310 979
220 389
986 468
740 743
799 977
562 112
596 771
862 299
706 644
111 647
386 309
475 274
581 541
659 340
553 613
56 671
44 968
969 670
977 227
291 626
737 486
600 657
986 822
255 591
127 151
103 151
850 395
618 857
732 282
622 885
101 725
538 233
565 569
406 959
291 734
865 675
806 549
679 534
966 642
408 394
459 362
141 465
701 175
179 270
906 258
212 32
390 560
479 890
400 514
131 837
358 36
15 53
585 701
40 926
444 115
369 332
412 904
231 926
133 397
352 720
195 475
463 661
149 733
302 113
483 896
596 131
133 183
988 379
630 859
829 857
11 537
719 18
99 374
42 974
374 785
380 78
781 201
574 149
9 414
558 226
128 748
883 914
468 530
141 749
747 532
358 534
936 840
213 151
738 419
172 232
446 553
306 276
944 347
166 968
83 181
105 118
863 258
397 645
833 285
602 262
70 123
115 541
873 758
534 356
216 624
237 300
814 762
738 122
791 357
162 637
969 4
330 584
558 773
707 41
46 454
310 164
203 259
978 482
705 2
423 243
182 631
371 589
231 414
457 460
922 73
216 548
943 474
477 586
460 14
892 493
784 44
555 166
623 715
822 873
147 428
647 574
581 255
963 493
907 830
226 58
77 269
718 418
692 706
495 135
541 396
246 757
710 117
559 622
117 938
467 492
273 907
161 614
153 614
597 47
438 653
505 650
65 410
923 70
691 744
223 438
188 239
833 739
857 403
318 731
121 873
321 268
595 874
392 173
341 340
639 79
788 842
875 123
510 647
960 919
274 953
733 358
669 864
32 849
454 447
222 254
946 374
982 268
479 46
425 122
973 848
978 602
614 44
25 255
824 411
203 679
571 449
654 354
228 563
388 860
131 427
388 464
849 969
836 340
511 687
269 452
717 231
22 910
611 304
797 467
454 546
712 80
706 591
557 768
395 407
173 961
104 668
735 149
821 156
426 30
471 643
383 762
822 82
272 900
504 943
857 229
373 419
649 275
523 640
985 213
284 752
159 145
824 955
806 727
887 90
831 812
140 124
204 193
10 235
280 209
17 830
590 67
258 226
312 774
226 390
328 26
545 67
789 703
840 448
427 492
674 735
40 376
607 639
194 469
418 654
587 541
661 203
849 919
113 812
530 606
238 855
351 136
162 965
22 663
675 360
363 12
719 124
795 698
277 912
483 642
927 15
863 501
6 790
735 227
482 501
765 780
744 372
155 843
150 56
416 552
432 30
814 882
62 322
824 237
175 747
49 944
906 293
407 13
25 113
562 705
617 102
837 806
958 646
706 908
936 237
928 574
904 318
848 909
269 765
7 629
46 60
247 941
27 184
821 719
127 812
703 892
327 279
973 962
974 891
673 372
716 128
909 1
700 474
412 827
775 819
559 376
770 267
851 29
112 850
366 716
771 576
88 130
2 392
865 486
607 948
267 738
492 462
588 524
971 989
281 500
951 498
271 665
116 751
468 973
37 904
323 457
302 568
739 406
869 702
19 913
687 121
328 847
437 62
437 812
810 724
24 329
498 248
510 112
615 986
699 13
126 334
403 882
670 352
553 315
457 443
226 714
953 834
118 793
226 607
842 383
402 362
78 49
760 572
405 111
957 948
933 440
755 88
504 172
677 405
581 732
513 87
984 673
957 561
819 225
875 185
571 924
674 492
734 346
215 463
798 969
87 52
516 269
580 107
642 696
860 735
194 603