200
1414
i
j
w
f
d
j
f
k
h
z
m
z
w
a
v
c
u
a
g
f
x
y
d
y
o
n
l
g
p
j
q
b
y
i
j
t
d
m
v
t
o
w
g
d
v
v
d
g
t
p
e
g
z
x
w
s
c
u
j
b
p
n
i
z
p
w
h
q
i
x
p
t
b
q
d
g
a
b
y
l
h
x
w
f
l
x
g
i
i
m
z
j
d
a
d
m
j
j
e
j
i
l
c
f
m
u
s
a
w
k
u
r
w
t
q
g
u
y
p
a
p
x
f
n
z
w
u
i
n
i
j
b
f
g
s
a
y
f
d
u
o
v
z
i
v
f
m
m
l
s
m
z
b
z
f
d
b
m
t
d
w
q
y
g
y
w
s
y
d
p
q
n
p
s
e
m
o
a
x
q
a
t
l
p
k
r
f
y
l
w
h
g
j
r
e
z
c
f
f
y
132 101
1 168
88 53
142 184
159 149
96 68
134 195
36 153
171 196
27 20
38 75
64 62
110 126
98 27
156 62
108 166
31 3
187 79
126 56
163 106
74 145
152 168
77 165
3 2
8 189
104 151
154 35
94 88
4 183
176 141
7 82
91 135
58 184
158 179
78 86
9 44
35 150
125 186
136 153
102 126
179 24
24 6
13 75
19 48
61 70
34 188
135 44
42 191
139 191
85 76
115 65
182 163
55 153
184 116
129 59
187 55
102 153
56 1
62 155
50 161
144 143
34 77
42 186
103 132
183 167
132 62
107 89
92 166
186 174
0 152
28 156
104 85
92 17
48 85
84 19
76 188
20 6
45 103
11 170
34 33
144 195
187 167
0 96
110 75
29 95
68 11
54 12
133 171
62 81
118 5
38 102
172 17
107 51
138 105
143 21
182 163
45 22
2 173
17 80
175 140
191 180
117 179
151 20
131 50
151 103
48 36
150 186
188 143
22 123
112 39
144 148
124 196
124 2
151 79
36 173
52 188
5 99
146 136
162 28
46 158
106 8
142 22
150 92
35 36
151 0
13 147
41 37
36 52
144 58
186 56
3 67
3 33
171 19
154 195
159 124
67 144
167 160
16 51
76 177
15 57
175 100
146 68
2 106
86 183
110 121
169 115
29 98
74 160
75 56
77 91
71 192
98 54
159 109
70 192
49 22
127 71
118 165
31 191
149 123
54 160
23 75
195 161
157 76
175 149
36 190
2 76
45 97
187 67
156 71
15 75
140 19
116 173
181 136
172 104
126 5
70 7
162 41
148 174
126 27
95 190
140 163
141 4
155 28
90 195
109 92
82 26
90 116
169 193
61 117
170 193
128 174
112 99
166 193
186 47
41 71
0 65
100 23
135 113
100 27
143 130
28 179
51 104
178 187
189 36
168 186
32 180
127 108
33 39
2 106
90 110
174 171
68 16
187 65
15 164
104 35
93 3
54 30
176 23
139 13
94 80
112 70
141 97
6 86
104 112
13 41
116 171
131 36
78 161
100 146
157 118
164 136
148 139
15 9
108 129
21 64
25 46
15 128
58 5
8 68
139 121
74 61
69 92
44 97
63 78
50 104
80 80
9 139
44 88
35 112
152 79
57 62
84 182
71 95
127 99
30 64
182 58
22 162
150 105
130 169
170 110
44 53
192 126
187 37
184 167
37 195
123 134
37 38
66 72
116 123
144 152
53 28
138 83
122 91
108 47
24 148
37 154
113 148
23 30
193 174
30 51
165 188
105 25
166 31
159 44
188 35
192 43
130 60
69 0
121 176
110 29
65 189
164 59
158 85
132 80
24 178
157 3
154 174
143 179
87 90
186 35
150 71
55 52
22 166
49 164
82 196
39 156
152 75
189 60
154 94
139 138
145 157
43 166
80 74
186 62
119 17
57 81
63 78
134 61
168 16
13 23
155 141
109 134
115 80
74 50
182 20
105 4
20 69
70 129
18 19
91 139
14 128
130 163
121 99
157 24
57 96
110 12
144 173
186 85
186 107
175 176
56 97
195 77
105 148
75 148
34 71
110 33
159 4
162 77
27 146
1 55
178 171
12 169
81 132
158 128
4 57
32 130
190 115
151 81
92 164
145 57
162 124
104 36
144 0
191 129
110 47
124 9
35 77
170 87
185 175
121 153
23 124
151 25
185 12
94 97
120 53
65 43
193 165
85 27
11 69
90 184
189 83
131 55
10 128
86 75
69 93
124 48
157 161
50 7
41 103
139 17
33 10
66 167
185 63
61 58
154 45
50 76
89 73
168 162
92 78
5 86
140 68
168 118
0 77
176 81
16 64
152 99
105 146
19 7
98 172
115 22
190 94
50 81
21 164
112 156
28 185
70 61
129 143
193 143
69 87
71 29
45 33
104 35
13 0
2 50
58 5
71 140
96 64
3 126
6 135
133 75
160 138
162 15
194 47
93 54
114 96
6 97
88 114
160 92
37 164
182 195
5 95
109 171
1 114
60 112
102 114
6 143
22 84
161 153
30 85
72 147
168 169
87 185
118 146
75 53
186 32
103 9
83 99
170 7
39 160
83 130
186 110
108 92
191 15
186 110
66 21
150 28
193 160
191 155
170 18
119 196
192 33
123 171
112 195
44 24
100 78
107 106
172 188
58 161
61 63
48 158
33 65
115 32
7 20
106 58
68 166
14 190
63 196
195 71
140 86
21 119
114 169
85 155
111 175
133 127
44 58
65 6
154 94
179 124
10 157
190 78
179 114
153 182
69 25
78 170
14 186
119 110
108 130
23 73
168 126
8 71
20 7
90 184
110 152
149 187
150 175
21 63
35 103
191 100
154 99
40 87
191 11
142 169
19 161
159 147
92 42
61 122
13 156
53 34
128 80
115 186
123 13
182 156
15 48
160 162
99 77
38 144
143 115
122 13
67 3
41 187
151 2
44 9
95 60
7 124
54 163
109 44
171 59
44 106
31 75
108 67
148 38
106 118
89 49
28 159
1 191
126 15
60 177
82 41
81 71
39 90
60 187
148 66
52 32
54 28
97 5
7 122
149 3
69 143
90 97
26 60
14 13
118 51
21 2
193 169
27 85
184 17
177 191
27 26
189 70
78 140
129 174
92 123
48 181
194 67
86 51
171 94
104 44
137 86
141 133
140 192
0 128
53 8
107 50
136 0
109 43
82 190
107 16
97 45
72 102
55 65
103 108
64 104
180 179
155 43
71 150
42 114
122 165
26 25
72 107
32 50
154 193
40 183
14 194
81 118
40 76
160 34
82 94
107 4
20 70
4 40
98 143
24 159
90 78
55 161
95 117
67 81
49 141
28 185
192 180
63 132
38 38
70 145
113 178
23 160
196 2
44 35
28 60
145 85
112 94
111 107
165 41
154 127
155 167
13 86
122 74
90 87
87 38
98 83
26 167
141 77
0 80
1 27
169 73
124 65
11 163
115 103
81 161
154 170
147 27
17 101
88 56
23 7
119 152
116 107
172 12
134 191
156 52
191 112
192 124
136 41
110 151
94 181
66 177
144 191
93 47
129 158
72 23
94 35
40 13
57 154
128 106
100 56
99 136
26 64
15 19
26 65
103 159
31 115
3 154
73 171
133 89
44 105
16 36
94 129
7 50
28 28
153 11
122 87
19 11
182 26
137 118
159 164
84 109
168 22
31 116
46 58
182 124
24 137
12 107
177 123
126 10
57 86
116 106
177 27
107 99
43 2
115 39
21 165
18 8
60 137
137 72
75 25
22 141
41 3
142 60
112 146
96 123
23 94
14 54
157 142
49 148
14 66
101 97
74 74
24 80
163 196
111 26
162 179
125 76
43 135
65 99
135 182
120 95
141 31
174 73
10 2
191 78
52 97
144 106
73 121
69 13
45 146
147 42
162 131
8 102
108 185
0 194
128 132
56 0
121 49
97 181
143 73
89 169
28 124
109 36
55 77
134 40
37 145
58 146
116 82
152 48
175 74
120 63
193 114
46 142
4 160
34 34
57 52
189 87
191 101
72 112
24 127
73 0
14 52
145 39
48 82
97 89
105 106
184 112
93 60
190 78
164 186
37 60
12 67
189 96
81 98
19 135
96 27
170 7
182 68
28 85
7 93
50 8
77 163
119 46
64 117
171 89
12 149
191 136
29 39
46 80
80 84
37 22
86 193
155 186
111 132
166 96
142 114
78 72
1 21
10 87
62 125
126 13
113 105
126 178
111 167
89 92
62 61
159 40
138 104
71 6
168 142
191 108
138 100
129 1
140 144
1 121
106 151
70 185
34 101
55 69
160 91
47 73
2 61
185 91
95 152
12 86
17 89
187 88
21 143
103 184
159 100
174 102
116 117
30 141
48 144
183 63
129 56
51 84
59 133
174 10
186 0
188 58
106 141
164 146
33 10
115 195
81 29
76 82
102 141
72 78
147 127
77 11
174 115
58 82
98 97
57 28
34 130
6 64
6 97
26 107
180 173
44 115
161 124
84 113
97 187
107 189
13 12
177 180
56 111
110 116
60 51
186 168
5 35
179 174
133 12
136 3
9 27
132 156
20 85
55 94
113 74
18 109
167 6
190 100
114 179
92 178
153 93
170 118
165 191
8 132
161 114
63 61
36 96
84 98
162 81
33 36
78 60
171 84
68 90
152 187
183 76
126 88
185 14
169 90
160 70
96 7
96 131
121 6
189 23
26 135
134 149
19 78
2 120
61 57
164 30
152 58
182 24
157 196
49 173
60 150
44 128
167 102
21 17
125 191
120 116
170 101
28 21
18 143
51 138
190 104
34 183
21 4
0 0
101 141
38 119
33 31
59 122
106 181
81 65
35 191
103 171
32 80
179 139
9 183
105 174
186 1
43 93
6 40
39 28
14 54
136 25
97 22
59 46
100 171
195 117
159 95
53 174
33 45
84 180
104 164
28 50
93 106
49 96
170 191
15 144
148 5
116 11
138 155
174 189
194 180
102 5
94 155
31 88
155 18
145 100
27 108
84 134
43 188
17 111
52 151
77 62
111 30
54 186
78 17
91 110
1 168
99 93
142 19
57 116
101 169
154 146
95 189
25 124
119 172
7 33
124 99
142 11
92 105
113 128
110 78
157 126
50 52
154 48
18 25
192 7
105 36
82 97
147 38
87 194
141 21
19 91
32 77
25 148
94 170
27 38
22 155
156 15
28 159
185 95
131 76
96 31
140 76
143 47
122 50
177 104
140 120
115 147
45 102
26 61
184 163
194 114
4 196
20 44
191 80
182 15
154 28
72 59
170 46
95 177
129 68
142 166
160 188
103 35
126 98
192 38
0 16
159 38
127 84
100 135
85 96
19 132
77 20
85 14
14 95
87 35
46 72
175 163
112 5
160 30
74 21
49 185
114 89
70 96
22 182
128 168
64 159
86 9
67 48
113 133
167 141
76 147
55 193
63 18
39 157
194 4
49 164
18 46
105 52
65 172
115 127
61 44
72 182
69 115
128 170
75 164
142 84
12 176
0 35
165 166
109 174
124 24
124 121
138 152
110 54
163 121
78 15
52 46
67 65
150 12
121 129
3 46
103 132
130 83
92 188
181 26
154 20
38 107
122 143
129 14
5 177
83 124
126 41
129 57
181 80
170 42
152 80
131 50
53 128
84 32
163 192
122 183
22 89
63 195
6 84
182 126
112 72
194 160
8 170
81 75
36 5
25 158
82 87
104 66
127 166
49 159
177 47
79 144
53 86
125 179
36 26
107 187
44 145
10 62
176 76
122 154
113 71
95 165
75 144
60 193
169 72
25 34
99 186
128 17
70 9
61 18
96 168
127 161
27 33
60 112
62 79
90 188
142 127
104 27
167 64
26 174
57 79
137 79
134 172
68 116
53 113
74 107
26 162
139 191
65 50
60 90
195 45
14 95
125 31
73 14
64 28
93 119
121 114
137 141
1 169
70 62
37 0
62 8
137 25
7 156
149 52
36 57
96 149
179 51
122 37
82 188
43 147
118 141
122 99
125 169
180 148
8 185
166 169
69 55
147 137
126 47
140 128
187 175
149 32
162 5
79 141
35 155
156 121
30 40
39 71
186 152
192 44
80 176
187 173
113 98
148 84
34 77
76 170
46 171
185 145
177 136
146 9
176 2
176 62
129 91
48 45
73 128
175 31
67 188
190 139
48 91
83 119
105 190
158 117
122 181
25 71
39 151
120 152
54 82
184 40
189 86
118 74
153 158
89 73
145 173
94 72
42 33
85 167
163 54
176 151
180 141
104 153
86 104
40 172
147 54
101 179
118 171
121 39
63 125
184 159
10 97
174 32
50 41
155 97
165 16
45 73
19 193
102 6
182 164
135 75
72 16
178 123
87 75
140 181
176 108
192 32
83 62
49 103
100 25
63 44
185 8
184 163
38 192
124 149
9 8
135 72
173 173
39 46
69 137
141 83
32 174
4 139
42 168
56 178
91 103
170 23
196 77
61 144
28 132
91 196
78 95
127 180
188 66
14 92
104 41
0 25
61 158
184 117
110 74
142 164
164 142
79 145
42 156
120 113
19 111
160 38
23 4
111 38
9 131
138 117
136 24
65 166
175 140
187 32
67 163
14 22
137 84
15 176
89 104
113 94
139 176
169 50
192 6
60 71
162 52
15 139
155 25
53 15
37 119
111 101
42 171
63 107
174 124
188 133
196 175
196 174
21 188
8 14
125 39
179 173
182 65
194 115
67 153
96 130
141 157
10 164
128 50
163 120
104 138
49 144
16 64
174 24
162 13
109 190
26 104
8 70
58 60
109 163
136 66
86 117
92 33
183 117
70 18
136 60
95 180
21 118
113 109
67 20
85 148
76 12
42 122
61 3
85 158
27 117
0 63
8 184
184 197
135 198
86 199