50
176
k
x
a
w
i
w
u
o
q
v
q
x
j
o
g
q
i
s
k
m
j
k
y
w
b
z
u
b
u
z
k
x
k
a
z
m
b
o
s
n
h
p
v
p
v
q
z
x
s
e
29 37
46 39
22 3
32 26
21 3
46 31
28 46
24 0
19 3
17 24
29 36
32 20
16 15
27 19
31 7
38 7
13 19
20 19
10 27
16 25
0 28
6 12
16 20
35 37
4 8
8 5
12 12
11 26
2 13
26 21
23 21
35 1
26 16
8 28
45 19
40 6
42 31
37 8
45 9
18 42
28 39
14 41
29 5
44 18
13 5
35 35
7 10
42 5
35 21
21 2
13 35
13 38
22 12
21 46
29 28
42 17
24 8
37 40
7 35
28 35
7 35
42 16
0 45
32 46
35 30
15 13
11 21
45 32
36 35
40 9
33 38
16 3
27 46
40 25
42 25
17 25
9 32
27 23
4 27
29 45
1 3
14 27
43 29
28 13
36 25
46 39
29 4
3 18
29 13
28 43
46 29
2 43
40 16
44 17
19 45
28 16
20 21
24 42
14 7
1 31
43 24
43 32
1 12
35 24
24 17
16 7
22 17
17 33
22 5
20 22
36 13
22 40
36 28
45 18
16 20
8 41
16 25
7 12
39 18
19 39
32 29
19 11
21 28
45 33
29 19
5 34
39 24
38 1
35 12
27 0
44 20
1 33
8 23
3 40
27 45
25 41
23 17
21 19
27 39
33 2
4 10
22 43
11 5
3 9
19 45
4 13
1 28
14 38
3 22
30 25
20 31
32 0
26 28
5 37
38 9
12 27
42 14
23 42
1 43
28 14
0 16
33 41
23 3
33 39
10 4
5 33
21 41
39 29
21 0
0 41
24 26
43 1
25 3
33 47
8 48
44 49