170
849
0,
1,
2,
3,
4,
5,
6,
7,
8,
9,
10,
11,
12,
13,
14,
15,
16,
17,
18,
19,
20,
21,
22,
23,
24,
25,
26,
27,
28,
29,
30,
31,
32,
33,
34,
35,
36,
37,
38,
39,
40,
41,
42,
43,
44,
45,
46,
47,
48,
49,
50,
51,
52,
53,
54,
55,
56,
57,
58,
59,
60,
61,
62,
63,
64,
65,
66,
67,
68,
69,
70,
71,
72,
73,
74,
75,
76,
77,
78,
79,
80,
81,
82,
83,
84,
85,
86,
87,
88,
89,
90,
91,
92,
93,
94,
95,
96,
97,
98,
99,
100,
101,
102,
103,
104,
105,
106,
107,
108,
109,
110,
111,
112,
113,
114,
115,
116,
117,
118,
119,
120,
121,
122,
123,
124,
125,
126,
127,
128,
129,
130,
131,
132,
133,
134,
135,
136,
137,
138,
139,
140,
141,
142,
143,
144,
145,
146,
147,
148,
149,
150,
151,
152,
153,
154,
155,
156,
157,
158,
159,
160,
161,
162,
163,
164,
165,
166,
167,
168,
169
126 61
61 135
135 160
160 2
2 150
150 153
153 29
29 43
43 84
84 75
75 159
159 52
52 1
1 152
152 6
6 45
45 68
68 22
22 26
26 18
18 17
17 48
48 118
118 25
25 53
53 59
59 133
133 64
64 23
23 100
100 141
141 39
39 148
148 142
142 96
96 51
51 49
49 104
104 130
130 71
71 77
77 112
112 54
54 74
74 66
66 8
8 47
47 107
107 12
12 115
115 87
87 30
30 56
56 132
132 147
147 144
144 90
90 103
103 155
155 70
70 27
27 128
128 94
94 24
24 98
98 10
10 58
58 86
86 31
31 110
110 131
131 162
162 116
116 7
7 140
140 111
111 156
156 83
83 138
138 34
34 41
41 143
143 0
0 154
154 3
3 36
36 60
60 69
69 80
80 163
163 11
11 57
57 122
122 15
15 97
97 105
105 134
134 21
21 99
99 88
88 20
20 32
32 120
120 136
136 19
19 63
63 127
127 82
82 168
168 129
129 73
73 114
114 146
146 14
14 106
106 139
139 89
89 40
40 102
102 79
79 165
165 121
121 119
119 85
85 95
95 161
161 109
109 67
67 65
65 167
167 137
137 44
44 4
4 50
50 38
38 108
108 149
149 123
123 81
81 117
117 164
164 101
101 78
78 145
145 125
125 13
13 157
157 46
46 55
55 92
92 91
91 169
169 124
124 28
28 113
113 42
42 72
72 166
166 35
35 33
33 37
37 62
62 93
93 5
5 76
76 9
9 158
158 151
151 16
143 23
26 29
8 138
146 52
93 1
78 27
169 64
71 158
110 168
38 162
18 63
143 149
134 89
151 148
168 38
95 19
69 156
105 118
120 48
19 73
167 104
97 126
160 167
111 160
111 67
79 157
3 159
83 87
147 92
148 169
141 31
139 134
82 165
10 17
96 66
9 103
21 26
30 153
104 82
17 168
102 100
150 61
85 125
108 38
60 147
83 22
106 58
30 49
129 142
150 16
142 84
97 132
18 2
32 131
4 18
81 38
165 62
164 71
108 23
144 43
135 31
90 128
74 114
145 49
51 72
26 48
69 146
32 69
146 61
66 67
125 165
2 14
140 98
89 75
62 41
80 33
52 162
32 97
10 24
122 168
145 128
163 25
77 106
3 43
71 119
104 140
17 155
35 128
169 140
150 49
75 133
59 24
79 146
129 1
159 32
89 169
134 86
115 64
129 24
66 74
102 128
84 168
112 14
35 93
145 1
112 42
153 47
70 12
135 91
102 19
119 97
61 156
130 61
66 59
97 168
19 2
20 17
45 110
34 49
71 131
58 77
24 3
108 98
92 164
88 35
31 52
100 124
137 66
143 53
39 55
92 3
139 45
136 134
22 5
104 22
64 164
123 156
165 36
165 109
54 17
28 0
32 13
116 40
50 127
111 68
89 133
88 8
105 160
61 37
132 103
103 89
147 129
6 155
168 65
118 5
25 81
69 63
117 90
137 45
74 112
33 95
110 96
136 97
66 3
159 46
110 61
169 78
73 161
48 71
149 55
36 3
135 132
24 41
162 91
73 156
117 57
96 66
72 120
93 65
69 16
140 115
88 126
134 119
75 124
120 29
130 11
88 103
60 59
13 51
41 35
90 123
93 23
118 110
117 160
41 88
141 33
4 52
114 144
15 144
90 66
43 41
1 98
126 25
116 21
70 148
42 2
129 0
23 2
147 141
161 144
23 80
117 136
57 83
124 142
78 53
10 108
169 48
17 94
139 82
23 64
152 114
74 139
44 0
147 41
0 67
139 30
95 36
26 23
130 114
85 31
77 25
91 76
117 84
14 2
140 160
59 108
136 92
15 7
0 62
77 129
94 64
93 142
108 139
57 3
86 155
46 22
91 147
29 110
60 37
119 3
159 154
69 75
81 69
87 72
96 30
89 13
127 28
80 66
47 94
11 13
4 67
70 88
123 87
122 46
117 113
49 69
42 75
34 20
12 25
57 107
143 55
116 99
57 102
54 80
60 123
109 157
70 113
74 135
43 144
115 113
88 48
33 21
96 84
116 137
71 7
55 165
112 20
131 78
119 95
161 164
54 146
2 133
43 15
139 154
64 57
151 21
45 101
102 143
137 15
52 52
112 49
86 43
88 146
67 166
97 37
3 78
47 80
45 130
51 169
127 168
123 5
38 119
32 93
162 43
166 8
133 72
56 110
150 29
45 6
96 64
150 141
1 119
119 81
17 59
57 75
92 40
77 92
146 69
21 168
156 127
156 57
159 14
122 29
5 32
111 43
57 17
10 49
165 38
2 129
89 31
89 119
36 27
61 84
20 8
39 16
140 36
35 97
110 137
42 33
136 158
141 161
35 123
27 101
144 98
63 103
110 11
87 141
18 141
169 71
133 155
147 152
83 85
138 129
46 109
86 168
68 148
7 28
66 66
106 150
138 1
97 161
114 162
161 79
24 114
110 109
55 3
95 8
164 143
131 141
4 56
130 81
96 131
159 107
95 84
61 81
64 94
112 80
101 29
21 65
122 44
146 41
30 167
24 74
21 40
28 8
70 23
132 20
102 17
161 44
43 83
58 167
145 14
80 29
14 44
121 43
79 124
103 117
139 38
33 134
100 31
85 61
114 33
112 97
93 9
57 93
46 166
44 144
40 103
113 20
120 36
109 94
157 72
59 26
165 110
141 148
34 90
116 73
137 54
31 132
100 4
85 2
68 39
136 51
51 64
61 86
116 168
49 1
147 41
165 164
104 163
24 12
123 82
125 120
29 165
27 13
67 30
63 75
31 0
145 49
114 85
121 71
17 106
116 167
71 60
77 138
33 96
84 2
51 91
71 85
84 41
74 58
19 127
157 41
99 158
58 21
166 71
142 99
53 79
13 11
84 10
157 109
25 154
33 139
130 43
95 130
65 33
150 88
49 109
53 103
28 82
47 121
20 45
45 38
26 15
158 146
9 122
67 169
151 35
162 134
27 35
15 9
32 77
107 132
67 55
13 113
69 130
95 97
48 50
6 85
147 143
78 13
53 23
46 134
151 108
76 57
157 20
140 148
134 142
111 96
54 34
64 159
150 55
79 95
156 78
114 138
102 143
135 103
117 93
145 72
81 52
116 133
32 120
52 124
99 96
126 5
164 125
70 65
37 80
2 111
77 90
25 41
49 109
97 140
30 107
69 4
7 55
111 93
109 157
147 13
151 117
131 107
10 22
101 124
96 145
29 82
77 93
145 166
144 65
165 4
83 30
30 165
14 20
151 33
159 48
79 91
127 148
113 66
67 13
12 125
150 59
140 108
40 1
100 64
39 60
63 118
96 29
134 69
19 86
114 38
114 92
36 119
91 130
28 168
107 54
0 123
106 18
133 127
34 143
157 140
150 48
151 62
10 160
127 138
94 71
117 3
146 32
110 88
137 62
52 122
101 93
87 61
73 89
27 41
62 102
66 88
154 158
16 98
69 14
127 23
35 102
73 54
81 146
6 80
130 76
73 149
96 67
86 88
59 167
32 28
45 119
13 62
4 103
57 112
77 98
98 41
103 119
49 38
100 159
62 93
11 15
97 6
152 139
92 61
80 50
81 91
66 128
25 19
23 120
109 145
117 168
102 86
20 130
122 26
152 108
80 1
112 2
33 52
41 26
14 8
70 64
30 158
78 106
57 152
69 113
13 61
41 139
134 139
98 70
134 91
55 125
102 102
75 27
69 110
99 127
32 12
55 140
74 52
106 15
50 52
117 23
103 144
162 136
97 148
45 127
93 166
86 119
92 61
43 128
95 2
107 147
149 76
159 65
144 63
93 155
95 104
115 34
2 23
37 157
39 62
12 146