19
94
0,
1,
2,
3,
4,
5,
6,
7,
8,
9,
10,
11,
12,
13,
14,
15,
16,
17,
18
11 14
14 8
8 4
4 17
17 9
9 16
16 15
15 10
10 2
2 18
18 0
0 7
7 1
1 12
12 5
5 3
3 13
13 6
7 8
11 9
6 2
12 15
2 8
9 3
17 2
12 15
18 6
5 5
13 4
7 15
7 2
7 0
11 15
0 13
16 17
17 0
10 15
17 17
14 9
13 18
15 0
7 12
0 17
4 14
9 3
0 7
7 13
7 16
16 3
15 5
0 18
5 7
9 16
16 5
18 13
0 18
9 12
9 4
0 5
13 5
17 12
9 9
8 13
17 12
6 11
2 0
3 16
3 7
7 6
15 15
15 0
7 11
4 0
6 12
6 18
1 3
0 2
4 1
9 10
13 16
3 18
15 13
10 9
5 4
6 5
13 6
9 10
13 17
8 9
17 15
1 0
5 14
4 9
8 9