260
1299
0,
1,
2,
3,
4,
5,
6,
7,
8,
9,
10,
11,
12,
13,
14,
15,
16,
17,
18,
19,
20,
21,
22,
23,
24,
25,
26,
27,
28,
29,
30,
31,
32,
33,
34,
35,
36,
37,
38,
39,
40,
41,
42,
43,
44,
45,
46,
47,
48,
49,
50,
51,
52,
53,
54,
55,
56,
57,
58,
59,
60,
61,
62,
63,
64,
65,
66,
67,
68,
69,
70,
71,
72,
73,
74,
75,
76,
77,
78,
79,
80,
81,
82,
83,
84,
85,
86,
87,
88,
89,
90,
91,
92,
93,
94,
95,
96,
97,
98,
99,
100,
101,
102,
103,
104,
105,
106,
107,
108,
109,
110,
111,
112,
113,
114,
115,
116,
117,
118,
119,
120,
121,
122,
123,
124,
125,
126,
127,
128,
129,
130,
131,
132,
133,
134,
135,
136,
137,
138,
139,
140,
141,
142,
143,
144,
145,
146,
147,
148,
149,
150,
151,
152,
153,
154,
155,
156,
157,
158,
159,
160,
161,
162,
163,
164,
165,
166,
167,
168,
169,
170,
171,
172,
173,
174,
175,
176,
177,
178,
179,
180,
181,
182,
183,
184,
185,
186,
187,
188,
189,
190,
191,
192,
193,
194,
195,
196,
197,
198,
199,
200,
201,
202,
203,
204,
205,
206,
207,
208,
209,
210,
211,
212,
213,
214,
215,
216,
217,
218,
219,
220,
221,
222,
223,
224,
225,
226,
227,
228,
229,
230,
231,
232,
233,
234,
235,
236,
237,
238,
239,
240,
241,
242,
243,
244,
245,
246,
247,
248,
249,
250,
251,
252,
253,
254,
255,
256,
257,
258,
259
230 234
234 46
46 237
237 85
85 114
114 22
22 16
16 32
32 162
162 209
209 3
3 199
199 248
248 214
214 38
38 182
182 17
17 118
118 108
108 184
184 185
185 143
143 49
49 63
63 62
62 59
59 193
193 201
201 50
50 226
226 103
103 225
225 240
240 254
254 57
57 208
208 160
160 259
259 246
246 75
75 212
212 19
19 232
232 215
215 161
161 56
56 48
48 53
53 152
152 99
99 231
231 153
153 150
150 191
191 147
147 250
250 52
52 25
25 39
39 142
142 242
242 195
195 229
229 77
77 178
178 252
252 41
41 206
206 54
54 249
249 172
172 219
219 156
156 21
21 122
122 135
135 113
113 31
31 61
61 233
233 20
20 102
102 192
192 1
1 111
111 123
123 257
257 164
164 223
223 78
78 163
163 67
67 121
121 95
95 106
106 74
74 155
155 207
207 159
159 190
190 177
177 72
72 228
228 133
133 165
165 65
65 127
127 244
244 154
154 132
132 227
227 247
247 100
100 73
73 5
5 80
80 258
258 175
175 157
157 97
97 167
167 220
220 218
218 146
146 189
189 251
251 8
8 130
130 83
83 216
216 138
138 70
70 6
6 23
23 187
187 33
33 101
101 181
181 202
202 34
34 245
245 217
217 158
158 151
151 179
179 92
92 110
110 141
141 40
40 26
26 115
115 211
211 173
173 238
238 15
15 224
224 125
125 145
145 47
47 134
134 94
94 86
86 239
239 24
24 169
169 112
112 43
43 188
188 128
128 35
35 222
222 68
68 60
60 236
236 198
198 186
186 205
205 171
171 42
42 76
76 98
98 90
90 166
166 69
69 55
55 45
45 9
9 196
196 29
29 58
58 13
13 174
174 14
14 253
253 7
7 27
27 255
255 124
124 241
241 144
144 36
36 79
79 200
200 81
81 51
51 131
131 104
104 126
126 44
44 119
119 71
71 176
176 140
140 93
93 136
136 129
129 10
10 84
84 243
243 168
168 64
64 139
139 66
66 120
120 221
221 194
194 117
117 204
204 12
12 203
203 137
137 88
88 183
183 170
170 105
105 109
109 28
28 0
0 96
96 107
107 197
197 4
4 91
91 116
116 30
30 213
213 148
148 37
37 235
235 256
256 82
82 210
210 180
180 2
2 11
11 89
89 18
18 87
87 149
165 253
203 228
90 22
211 34
199 213
95 70
67 240
153 172
125 239
230 50
251 225
18 167
96 104
103 138
236 206
123 138
160 152
38 228
256 68
236 213
39 192
44 119
94 201
80 94
105 211
66 221
32 50
13 174
14 162
115 77
151 130
244 155
158 229
110 82
212 29
16 180
134 242
96 76
67 24
229 60
99 193
191 112
41 148
157 95
185 27
106 42
35 36
209 252
94 256
84 183
215 171
123 185
58 229
24 64
196 58
110 56
177 192
212 128
204 128
254 183
110 224
99 201
108 159
103 217
3 154
199 5
70 119
161 79
227 243
117 160
95 221
15 89
51 41
221 214
228 162
38 121
151 32
2 117
130 8
8 172
181 10
167 54
56 255
259 255
114 174
217 48
47 235
151 193
147 150
125 121
158 16
36 52
154 214
189 234
117 113
213 97
193 155
118 241
124 187
87 221
106 252
109 223
124 27
176 50
189 238
174 196
230 70
38 70
106 130
132 34
107 158
139 115
143 148
89 132
237 93
34 124
78 54
179 0
185 53
138 93
22 231
31 67
187 53
104 248
221 243
45 3
63 101
21 152
236 227
240 38
22 99
170 233
224 141
192 211
36 198
148 211
103 109
174 232
86 181
133 54
100 72
110 67
242 189
73 94
245 195
235 43
80 48
94 170
173 69
116 167
55 161
68 248
19 111
71 28
63 231
23 36
226 19
93 254
199 75
143 186
148 136
220 35
91 25
18 242
240 205
43 33
240 178
38 53
135 237
99 244
103 169
25 123
201 30
235 248
235 64
170 166
123 125
85 61
140 190
37 43
43 156
184 193
50 51
52 58
38 149
256 43
159 145
60 191
96 64
134 139
144 129
117 230
87 154
57 238
159 128
4 10
147 259
4 140
167 68
82 133
70 52
90 184
114 192
73 12
114 200
257 238
32 91
190 125
224 190
251 166
57 225
43 140
197 208
28 100
171 156
186 197
210 146
163 251
90 30
50 97
122 8
168 62
52 24
124 50
194 94
227 27
227 101
128 71
252 178
88 211
52 141
195 135
79 211
220 50
213 103
88 34
49 135
213 114
165 203
35 165
21 79
114 199
89 217
109 201
22 256
79 2
74 35
26 173
119 47
93 250
44 122
187 199
10 232
52 179
19 179
158 39
155 6
62 72
82 12
193 206
113 3
137 135
235 62
17 171
75 32
251 259
94 212
244 143
170 120
76 59
79 231
163 12
186 252
58 55
90 140
34 222
151 127
56 137
75 72
45 140
241 169
140 121
75 0
79 210
69 200
1 208
51 184
112 182
76 62
50 52
119 165
204 117
97 50
234 198
118 104
54 246
247 51
39 171
69 229
180 176
29 200
135 158
85 231
205 14
180 165
51 103
187 123
199 135
103 120
11 108
72 216
208 55
110 48
32 21
106 150
24 107
2 14
19 71
75 63
175 113
200 8
179 229
157 245
191 176
202 234
236 164
133 30
152 101
226 52
6 105
257 76
165 151
8 120
1 186
247 25
246 36
138 85
26 223
158 230
83 101
176 77
240 254
72 102
7 207
178 228
130 244
200 203
234 152
121 47
19 155
26 73
169 48
116 110
136 125
133 144
2 197
211 18
166 140
249 148
251 66
162 220
240 16
138 189
96 123
99 89
213 130
70 103
5 24
69 233
32 170
100 234
105 245
47 10
132 202
257 244
27 126
125 188
88 137
54 185
105 121
0 227
211 218
121 112
235 169
245 52
170 58
94 224
160 237
13 41
206 162
5 140
105 176
159 130
19 68
222 146
238 48
98 76
76 58
229 143
38 15
219 157
94 234
16 209
100 166
128 25
229 173
124 185
80 16
191 242
185 113
102 73
217 209
129 130
26 19
173 178
58 89
173 217
156 141
27 136
120 189
127 54
137 131
164 190
148 252
123 59
87 27
222 11
227 56
54 225
142 35
139 133
146 244
113 197
251 258
70 94
151 138
0 11
188 47
22 150
180 244
31 23
178 205
233 185
4 85
109 226
151 192
87 63
91 133
155 201
99 32
160 219
156 47
70 41
199 23
204 72
55 30
237 137
77 237
50 232
49 252
13 107
52 70
5 108
216 181
225 231
61 214
132 156
117 230
249 93
0 113
43 167
3 145
221 12
18 246
62 91
209 55
58 235
8 42
213 55
253 179
160 251
202 128
224 25
17 195
191 64
150 131
195 182
257 101
255 135
87 152
13 155
110 97
152 201
174 255
143 204
14 186
183 130
230 174
3 101
206 229
257 66
61 224
253 8
59 242
167 121
125 38
142 70
69 142
26 217
114 131
167 131
242 9
221 15
62 131
93 110
189 250
155 168
59 92
96 45
167 205
23 122
216 196
36 258
256 171
202 72
258 137
130 14
42 211
18 63
6 241
246 25
77 54
251 242
10 76
93 65
198 19
96 33
126 103
245 111
234 61
171 209
195 256
154 53
1 198
14 63
12 101
118 254
72 158
112 61
60 85
180 240
152 39
97 125
154 216
65 111
162 221
119 155
221 27
139 149
92 101
226 214
229 127
113 176
167 203
64 129
205 196
109 94
177 52
188 216
72 42
118 158
97 45
222 163
193 4
159 88
179 244
186 55
67 161
104 42
226 151
208 164
165 37
230 98
78 147
95 204
134 38
67 31
117 70
138 127
205 193
19 186
155 243
93 188
210 166
124 221
159 226
101 150
201 68
185 76
233 103
74 166
83 181
49 192
133 205
245 6
234 37
222 253
224 137
181 196
186 78
116 183
91 30
222 117
48 86
147 176
42 115
26 246
255 118
66 44
68 147
189 100
212 71
130 168
75 32
255 151
35 113
44 56
190 237
84 59
251 73
253 244
239 66
5 174
134 21
147 164
61 18
252 120
140 257
13 242
102 79
51 50
88 25
244 176
14 87
247 137
184 12
80 46
98 132
99 253
85 216
70 169
240 247
13 227
45 230
222 51
66 190
148 18
97 91
42 234
20 149
137 119
60 201
122 51
112 126
88 255
222 102
89 152
217 54
209 31
15 117
18 122
66 49
212 114
182 194
155 31
60 179
226 255
151 213
132 185
137 113
181 15
4 86
246 221
36 194
153 189
223 22
126 42
117 12
31 199
130 214
17 149
155 35
95 227
153 232
56 20
184 200
228 45
30 138
224 131
137 252
28 105
257 114
75 0
112 81
244 145
8 31
80 59
7 95
63 72
44 188
191 41
87 3
199 50
197 106
203 1
96 231
232 231
29 26
230 220
71 202
240 190
200 181
218 216
91 105
22 248
80 61
81 197
128 109
195 0
79 243
128 76
258 27
195 148
2 240
52 223
130 170
60 190
241 247
196 180
234 122
141 191
126 101
242 182
134 251
61 89
250 90
49 44
49 178
154 1
238 253
54 188
21 162
96 151
131 28
70 186
59 166
252 59
103 150
116 153
5 45
162 83
241 248
132 220
87 222
224 32
251 130
202 152
93 232
112 239
177 229
74 152
27 50
34 207
209 212
174 18
255 207
235 1
206 28
114 120
178 86
240 255
236 214
108 162
117 104
42 14
97 140
13 184
90 18
118 152
147 206
210 116
132 200
259 131
111 11
95 99
219 195
49 69
181 198
220 33
4 228
231 62
98 248
123 2
127 61
122 179
38 214
196 35
39 109
52 22
68 0
119 122
12 5
258 82
24 158
200 3
231 206
239 54
27 151
184 41
204 206
241 186
132 99
136 34
103 125
92 253
127 207
185 50
219 51
48 183
24 224
152 226
27 183
97 136
172 226
20 88
175 57
51 167
218 46
165 232
220 214
97 163
229 118
83 217
222 119
95 94
68 127
116 249
158 40
185 24
21 229
251 207
124 12
73 62
153 124
139 71
248 252
12 32
135 112
38 205
3 124
189 117
1 6
76 27
69 252
245 21
223 87
42 170
30 251
32 199
128 122
215 20
225 172
111 78
248 101
164 254
79 91
53 184
200 216
17 176
79 178
116 97
135 124
77 61
174 100
160 203
168 48
187 108
6 257
27 158
230 159
84 222
233 115
36 207
64 257
258 71
26 190
167 105
250 110
9 240
17 62
247 30
120 167
238 200
91 78
38 86
85 147
227 154
237 246
67 109
253 255
77 145
25 124
3 130
57 256
1 215
45 184
56 238
67 79
65 40
69 29
113 87
245 76
234 113
147 147
240 164
126 132
209 259
148 55
162 118
19 22
251 185
201 196
193 188
154 64
157 55
58 51
42 184
245 47
69 180
52 174
61 6
72 112
221 123
41 43
156 65
211 80
40 63
13 105
187 47
244 213
6 231
34 167
19 32
153 77
111 124
39 158
22 248
95 250
46 62
250 81
103 185
119 56
151 241
230 193
119 61
237 131
219 232
50 56
68 6
42 191
173 21
9 27
161 145
196 24
56 176
100 257
151 31
90 219
48 2
188 7
187 114
92 219
133 214
187 172
63 10
9 236
7 22
143 49
162 92
68 245
105 156
91 32
194 212
216 6
57 242
16 66
150 35
205 256
88 7
123 35
59 131
96 44
99 230
28 134
228 34
110 63
103 51
143 65
39 132
252 3
85 151
214 45
239 220
143 233
31 85
251 51
169 73
62 128
231 126
124 130
195 164
150 134
26 113
103 8
97 191
175 148
139 39
199 93
211 250
91 212
221 119
2 191
43 27
191 247
184 102
164 126
55 53
137 206
129 96
65 104