300
1499
0,
1,
2,
3,
4,
5,
6,
7,
8,
9,
10,
11,
12,
13,
14,
15,
16,
17,
18,
19,
20,
21,
22,
23,
24,
25,
26,
27,
28,
29,
30,
31,
32,
33,
34,
35,
36,
37,
38,
39,
40,
41,
42,
43,
44,
45,
46,
47,
48,
49,
50,
51,
52,
53,
54,
55,
56,
57,
58,
59,
60,
61,
62,
63,
64,
65,
66,
67,
68,
69,
70,
71,
72,
73,
74,
75,
76,
77,
78,
79,
80,
81,
82,
83,
84,
85,
86,
87,
88,
89,
90,
91,
92,
93,
94,
95,
96,
97,
98,
99,
100,
101,
102,
103,
104,
105,
106,
107,
108,
109,
110,
111,
112,
113,
114,
115,
116,
117,
118,
119,
120,
121,
122,
123,
124,
125,
126,
127,
128,
129,
130,
131,
132,
133,
134,
135,
136,
137,
138,
139,
140,
141,
142,
143,
144,
145,
146,
147,
148,
149,
150,
151,
152,
153,
154,
155,
156,
157,
158,
159,
160,
161,
162,
163,
164,
165,
166,
167,
168,
169,
170,
171,
172,
173,
174,
175,
176,
177,
178,
179,
180,
181,
182,
183,
184,
185,
186,
187,
188,
189,
190,
191,
192,
193,
194,
195,
196,
197,
198,
199,
200,
201,
202,
203,
204,
205,
206,
207,
208,
209,
210,
211,
212,
213,
214,
215,
216,
217,
218,
219,
220,
221,
222,
223,
224,
225,
226,
227,
228,
229,
230,
231,
232,
233,
234,
235,
236,
237,
238,
239,
240,
241,
242,
243,
244,
245,
246,
247,
248,
249,
250,
251,
252,
253,
254,
255,
256,
257,
258,
259,
260,
261,
262,
263,
264,
265,
266,
267,
268,
269,
270,
271,
272,
273,
274,
275,
276,
277,
278,
279,
280,
281,
282,
283,
284,
285,
286,
287,
288,
289,
290,
291,
292,
293,
294,
295,
296,
297,
298,
299
234 48
48 35
35 239
239 100
100 28
28 59
59 49
49 173
173 90
90 102
102 223
223 299
299 148
148 108
108 159
159 215
215 61
61 144
144 178
178 241
241 153
153 193
193 103
103 131
131 71
71 101
101 212
212 53
53 77
77 10
10 36
36 70
70 34
34 255
255 259
259 297
297 200
200 283
283 125
125 240
240 151
151 154
154 73
73 246
246 152
152 13
13 39
39 174
174 177
177 252
252 232
232 99
99 268
268 107
107 169
169 45
45 149
149 5
5 192
192 51
51 171
171 189
189 106
106 226
226 88
88 127
127 17
17 142
142 238
238 147
147 139
139 253
253 57
57 198
198 122
122 227
227 84
84 75
75 112
112 211
211 179
179 31
31 68
68 63
63 205
205 126
126 25
25 50
50 79
79 213
213 182
182 264
264 19
19 82
82 150
150 121
121 183
183 254
254 12
12 116
116 111
111 93
93 46
46 6
6 222
222 284
284 236
236 292
292 218
218 37
37 117
117 250
250 80
80 30
30 235
235 60
60 207
207 274
274 130
130 285
285 62
62 280
280 26
26 92
92 279
279 245
245 38
38 7
7 0
0 120
120 186
186 164
164 109
109 52
52 167
167 114
114 66
66 272
272 172
172 134
134 158
158 40
40 163
163 23
23 72
72 97
97 184
184 233
233 115
115 287
287 105
105 81
81 290
290 248
248 201
201 156
156 91
91 221
221 29
29 228
228 65
65 208
208 33
33 281
281 138
138 20
20 262
262 69
69 145
145 190
190 24
24 270
270 133
133 54
54 288
288 124
124 21
21 47
47 58
58 170
170 230
230 209
209 135
135 67
67 132
132 206
206 185
185 162
162 146
146 89
89 225
225 219
219 42
42 1
1 276
276 83
83 176
176 74
74 41
41 275
275 181
181 95
95 196
196 251
251 217
217 140
140 214
214 8
8 128
128 286
286 231
231 16
16 136
136 273
273 85
85 210
210 155
155 11
11 271
271 247
247 119
119 203
203 64
64 187
187 204
204 14
14 141
141 269
269 123
123 191
191 27
27 194
194 43
43 113
113 237
237 291
291 87
87 298
298 110
110 293
293 98
98 104
104 243
243 244
244 180
180 166
166 289
289 261
261 18
18 143
143 168
168 296
296 2
2 161
161 295
295 294
294 165
165 157
157 175
175 242
242 129
129 224
224 4
4 86
86 137
137 257
257 78
78 282
282 256
256 277
277 216
216 267
267 118
118 260
260 56
56 94
94 15
15 3
3 266
266 9
9 55
55 258
258 22
22 96
96 278
278 199
199 197
197 188
188 265
265 76
76 195
195 229
229 220
220 263
263 32
32 202
202 44
44 160
160 249
26 186
88 209
142 266
185 14
65 107
257 231
135 287
218 103
118 153
272 261
68 139
32 3
2 295
17 192
247 115
69 296
146 290
161 266
72 155
236 25
167 235
288 127
115 77
114 99
69 181
289 147
195 143
234 104
133 286
61 140
43 22
3 42
286 280
36 202
276 31
243 264
104 63
28 164
3 60
64 127
203 146
201 235
155 211
166 183
183 182
121 107
84 40
8 116
11 33
15 44
22 120
271 228
172 96
70 210
280 211
7 85
91 54
165 59
97 191
29 48
279 172
273 231
297 66
144 87
190 202
56 117
76 48
231 63
109 200
17 275
238 115
240 87
62 219
292 13
231 282
276 44
17 291
138 271
257 296
145 281
76 173
143 118
237 17
87 15
51 284
14 58
66 153
238 170
263 24
148 162
227 7
272 152
203 258
206 273
131 259
238 16
294 57
204 54
74 86
172 273
230 76
81 22
133 104
28 147
112 124
50 155
255 6
23 232
94 5
93 208
227 191
273 13
118 129
150 288
150 30
28 122
248 45
266 88
87 69
7 125
220 207
278 272
255 2
97 39
84 131
110 144
121 218
31 247
83 88
106 18
282 143
26 234
69 289
139 151
72 72
84 101
88 172
89 244
150 120
46 217
191 190
225 242
191 101
105 195
149 174
108 264
291 29
208 215
174 27
267 289
69 182
151 273
211 18
129 232
54 205
2 66
259 86
25 110
245 3
1 109
270 51
5 167
114 127
44 23
129 173
3 224
79 113
139 239
171 261
277 16
120 128
42 59
127 61
154 244
123 49
70 0
70 68
249 161
199 54
13 43
272 213
67 205
26 91
282 86
249 22
24 128
173 237
85 40
106 126
162 216
61 192
232 74
37 48
208 248
139 229
108 102
75 122
197 235
152 185
180 254
109 236
252 259
197 56
56 234
29 100
250 203
260 150
164 136
98 158
154 173
214 24
210 234
155 251
76 58
225 245
151 2
117 7
97 60
295 281
111 136
254 179
33 157
188 275
278 92
246 233
74 1
100 6
44 261
207 227
38 29
15 73
180 120
20 171
27 21
84 19
142 56
20 138
282 282
223 258
73 276
58 284
242 79
223 86
33 99
156 242
106 78
289 171
83 268
42 231
153 81
252 228
298 53
22 161
225 254
75 219
82 251
33 204
23 191
121 78
263 113
25 47
269 52
187 235
263 216
101 219
265 62
102 296
200 163
237 98
36 239
110 185
259 78
149 87
230 267
172 212
119 145
126 38
28 255
61 79
179 205
196 37
34 272
63 210
152 295
199 110
137 231
195 139
174 193
294 78
243 276
116 256
196 265
4 122
26 45
174 253
206 121
294 61
168 256
134 187
205 80
44 35
286 245
154 20
166 246
196 35
38 177
105 84
243 113
265 180
178 148
199 26
169 239
27 228
141 274
66 179
99 119
143 274
171 7
181 80
151 166
8 279
54 146
111 46
265 145
141 164
139 170
242 73
120 225
222 123
35 184
246 173
160 148
244 25
224 125
187 220
139 232
60 248
143 95
297 136
230 38
218 152
70 222
191 95
138 270
104 256
82 251
278 95
121 222
96 223
255 18
138 297
269 293
192 56
239 182
52 208
200 94
28 20
33 244
119 103
269 254
284 7
217 123
187 148
229 177
275 225
234 8
263 208
89 85
44 10
127 163
206 248
88 24
49 299
53 87
46 58
13 243
156 265
220 50
63 233
62 217
288 298
235 282
50 259
150 151
192 100
56 44
220 52
195 48
41 218
101 129
95 31
124 235
267 226
45 190
9 212
255 197
240 45
82 127
136 249
115 268
198 241
113 86
38 52
177 85
76 17
224 277
279 53
168 63
119 150
245 225
95 105
68 245
211 205
118 52
147 293
119 183
122 276
175 244
243 276
122 237
72 137
188 218
115 288
54 271
212 179
247 100
235 81
59 119
275 146
124 184
24 147
80 130
108 205
118 232
299 237
146 193
183 181
238 86
96 52
122 268
125 129
47 148
15 229
203 18
44 100
195 258
76 181
34 176
64 118
243 256
229 189
154 234
197 183
126 151
261 147
33 266
242 240
140 60
50 33
21 236
8 75
187 288
266 131
33 271
25 248
17 28
296 23
191 290
59 32
231 288
132 125
176 277
211 35
162 109
151 148
30 231
98 77
133 174
285 158
60 295
172 293
231 54
26 241
270 198
278 143
230 36
86 243
214 35
46 15
114 132
68 42
167 139
175 44
80 162
187 224
268 57
51 151
29 84
208 170
297 196
14 134
212 202
27 164
277 22
186 208
160 205
283 163
65 7
148 261
286 134
225 29
205 164
289 212
204 252
289 139
7 26
268 127
41 172
244 271
130 182
193 127
63 33
49 293
271 235
76 71
272 186
3 106
159 256
229 232
203 291
35 231
137 78
42 252
277 265
184 30
262 273
286 7
90 171
70 167
151 283
16 1
198 158
276 254
256 133
200 18
180 264
201 19
231 126
81 145
17 193
234 88
135 225
95 10
129 102
15 93
152 206
229 135
74 161
38 152
208 132
174 294
165 68
58 229
7 56
52 119
82 283
151 288
1 208
88 199
30 73
169 2
70 64
204 211
225 193
206 55
70 294
136 106
231 245
55 298
45 232
40 106
31 256
110 58
50 252
135 281
84 57
124 13
115 277
145 38
176 109
104 159
80 226
141 39
40 109
72 61
244 281
277 121
199 252
180 96
161 228
286 172
57 23
279 32
64 97
279 260
209 109
2 120
63 85
147 9
253 65
37 105
15 89
150 243
200 139
97 268
180 8
96 13
99 85
177 100
298 57
89 174
27 164
254 151
144 162
27 22
181 179
229 268
172 148
218 251
261 117
215 87
178 262
21 76
293 146
125 265
264 75
96 203
226 274
229 187
213 282
37 266
277 117
168 137
250 34
11 245
276 255
206 43
293 213
207 226
227 39
287 61
167 144
133 0
282 67
283 194
220 266
122 123
13 3
224 65
41 144
148 162
13 221
43 237
50 197
40 44
146 24
168 228
231 14
77 124
228 174
43 238
135 104
218 145
210 171
32 121
186 11
289 148
185 264
250 226
256 237
71 58
224 204
76 12
137 8
261 282
222 216
228 119
55 242
243 271
243 275
176 269
190 144
182 77
23 142
13 185
221 31
124 74
81 293
157 284
215 153
205 257
297 90
230 205
196 84
229 286
48 28
147 14
34 131
273 229
46 115
93 145
216 8
176 47
124 86
81 288
66 230
35 63
141 108
289 47
12 167
77 60
92 121
229 150
25 56
64 192
180 248
169 228
15 203
12 46
118 137
292 263
256 283
291 172
19 260
41 288
247 106
219 41
225 139
291 12
73 256
134 108
175 231
248 239
101 130
173 194
206 167
163 193
230 288
283 266
106 219
194 125
12 205
194 294
19 2
276 267
233 137
252 270
225 160
275 175
0 212
40 284
42 263
213 3
164 36
135 116
231 209
256 143
178 262
85 200
4 166
290 39
130 258
116 15
233 249
213 135
155 286
57 85
107 235
213 52
190 37
277 60
275 50
10 114
229 238
257 155
291 173
19 28
260 216
95 129
71 115
238 42
262 82
261 288
48 103
298 221
76 174
156 39
32 259
122 224
59 6
40 293
109 220
293 116
11 277
149 266
169 189
221 183
197 189
240 228
265 113
117 122
198 219
145 66
161 271
214 83
89 32
202 297
83 15
149 91
212 263
32 238
75 296
165 128
284 198
104 218
158 173
43 268
138 22
92 38
123 39
229 173
57 267
177 205
34 50
31 224
282 213
208 145
256 231
159 149
297 148
177 148
156 275
106 241
256 130
237 137
13 167
286 115
194 188
213 111
13 294
191 203
277 149
227 102
44 291
156 200
11 183
229 53
163 105
184 9
22 100
73 58
157 8
5 198
211 281
22 272
185 97
130 96
83 12
207 198
89 236
81 188
136 124
128 66
223 236
62 176
265 156
154 295
36 25
93 164
195 290
277 222
220 134
140 116
157 250
140 294
277 84
72 20
113 79
176 234
106 190
49 274
145 35
181 272
152 275
95 15
240 54
95 267
202 239
141 217
205 46
109 203
88 294
285 266
210 36
206 161
233 249
142 154
284 139
79 139
8 233
135 214
47 69
196 142
272 112
173 177
202 61
42 35
32 2
52 271
89 262
118 290
179 208
173 142
55 53
284 68
141 204
251 258
107 14
244 247
31 148
181 13
173 289
77 120
169 159
285 62
114 242
277 145
92 247
35 116
32 36
107 161
110 130
86 74
111 150
81 290
287 199
21 264
208 174
147 116
180 228
65 61
164 182
180 111
150 65
265 132
17 93
293 88
215 118
124 108
234 192
214 229
227 9
299 21
81 280
214 38
290 61
188 142
159 219
256 247
71 257
292 290
161 52
165 73
9 197
223 176
220 22
109 244
146 232
60 61
33 54
276 5
240 144
145 82
107 96
166 271
34 265
47 8
17 247
173 292
43 192
125 105
9 208
267 1
26 272
134 117
118 297
84 38
185 67
92 58
271 51
1 62
262 139
250 272
159 123
131 36
85 113
107 89
49 232
268 40
54 130
52 140
185 113
189 274
105 282
247 284
276 121
248 1
5 60
289 298
75 192
235 3
61 62
20 109
192 187
61 194
277 226
279 224
90 104
260 136
286 127
13 63
38 198
161 4
99 284
13 35
6 236
226 24
152 217
240 105
93 41
235 118
268 216
56 11
129 90
109 187
80 53
255 228
37 231
185 159
90 254
257 112
252 280
83 229
273 204
95 135
296 237
259 108
252 75
219 151
76 120
217 24
238 64
261 220
108 274
184 199
241 194
156 213
121 33
181 108
18 42
164 29
7 36
221 286
47 78
71 296
250 1
246 286
67 8
285 178
6 18
248 13
38 251
83 166
290 116
73 266
227 120
122 143
106 37
179 239
69 286
87 94
62 157
2 182
28 250
123 267
287 105
5 73
133 142
112 137
161 261
115 72
187 284
62 139
224 87
203 27
112 39
289 39
119 54
126 250
188 158
124 74
36 231
290 298
160 165
130 144
178 130
231 82
198 229
17 76
25 231
204 99
10 19
15 19
55 201
268 48
165 164
124 83
75 127
157 199
118 178
55 48
31 231
76 237
58 2
11 208
213 253
156 180
157 200
238 117
6 123
65 242
187 264
276 183
209 250
284 4
220 64
240 247
185 21
30 39
68 141
183 109
108 96
272 97
131 227
84 118
144 1
294 283
204 240
286 185
51 244
223 66
212 16
50 59
222 44
150 227
89 234
209 102
23 272
44 34
63 165
68 240
286 102
168 43
131 110
11 18
240 5
119 93
287 265
182 66
203 79
156 243
290 91
61 151
16 260
147 193
83 6
158 249
276 233
225 240
173 178
218 250
226 143
85 232
242 177
24 24
254 156
89 283
251 38
224 169
12 76