310
1549
0,
1,
2,
3,
4,
5,
6,
7,
8,
9,
10,
11,
12,
13,
14,
15,
16,
17,
18,
19,
20,
21,
22,
23,
24,
25,
26,
27,
28,
29,
30,
31,
32,
33,
34,
35,
36,
37,
38,
39,
40,
41,
42,
43,
44,
45,
46,
47,
48,
49,
50,
51,
52,
53,
54,
55,
56,
57,
58,
59,
60,
61,
62,
63,
64,
65,
66,
67,
68,
69,
70,
71,
72,
73,
74,
75,
76,
77,
78,
79,
80,
81,
82,
83,
84,
85,
86,
87,
88,
89,
90,
91,
92,
93,
94,
95,
96,
97,
98,
99,
100,
101,
102,
103,
104,
105,
106,
107,
108,
109,
110,
111,
112,
113,
114,
115,
116,
117,
118,
119,
120,
121,
122,
123,
124,
125,
126,
127,
128,
129,
130,
131,
132,
133,
134,
135,
136,
137,
138,
139,
140,
141,
142,
143,
144,
145,
146,
147,
148,
149,
150,
151,
152,
153,
154,
155,
156,
157,
158,
159,
160,
161,
162,
163,
164,
165,
166,
167,
168,
169,
170,
171,
172,
173,
174,
175,
176,
177,
178,
179,
180,
181,
182,
183,
184,
185,
186,
187,
188,
189,
190,
191,
192,
193,
194,
195,
196,
197,
198,
199,
200,
201,
202,
203,
204,
205,
206,
207,
208,
209,
210,
211,
212,
213,
214,
215,
216,
217,
218,
219,
220,
221,
222,
223,
224,
225,
226,
227,
228,
229,
230,
231,
232,
233,
234,
235,
236,
237,
238,
239,
240,
241,
242,
243,
244,
245,
246,
247,
248,
249,
250,
251,
252,
253,
254,
255,
256,
257,
258,
259,
260,
261,
262,
263,
264,
265,
266,
267,
268,
269,
270,
271,
272,
273,
274,
275,
276,
277,
278,
279,
280,
281,
282,
283,
284,
285,
286,
287,
288,
289,
290,
291,
292,
293,
294,
295,
296,
297,
298,
299,
300,
301,
302,
303,
304,
305,
306,
307,
308,
309
151 103
103 271
271 267
267 255
255 20
20 165
165 26
26 205
205 292
292 190
190 39
39 9
9 118
118 37
37 209
209 122
122 193
193 174
174 217
217 164
164 52
52 263
263 167
167 62
62 307
307 89
89 7
7 265
265 145
145 115
115 289
289 133
133 134
134 208
208 143
143 74
74 112
112 227
227 3
3 22
22 111
111 272
272 281
281 84
84 291
291 206
206 55
55 108
108 152
152 95
95 87
87 146
146 184
184 56
56 83
83 144
144 49
49 215
215 166
166 2
2 161
161 214
214 259
259 71
71 308
308 171
171 244
244 99
99 268
268 102
102 42
42 75
75 163
163 0
0 175
175 41
41 284
284 24
24 88
88 285
285 117
117 246
246 124
124 70
70 114
114 277
277 179
179 234
234 212
212 68
68 113
113 5
5 18
18 283
283 106
106 13
13 231
231 303
303 241
241 204
204 51
51 276
276 160
160 120
120 235
235 253
253 168
168 302
302 64
64 109
109 278
278 250
250 304
304 132
132 85
85 218
218 136
136 180
180 153
153 15
15 232
232 258
258 76
76 229
229 200
200 43
43 306
306 210
210 280
280 275
275 98
98 279
279 54
54 72
72 4
4 128
128 107
107 156
156 248
248 187
187 11
11 10
10 158
158 300
300 130
130 135
135 177
177 73
73 45
45 97
97 69
69 105
105 125
125 196
196 288
288 299
299 295
295 36
36 239
239 305
305 286
286 252
252 226
226 29
29 35
35 121
121 273
273 33
33 290
290 270
270 67
67 110
110 188
188 147
147 137
137 274
274 162
162 27
27 269
269 301
301 223
223 123
123 8
8 201
201 86
86 240
240 126
126 192
192 149
149 216
216 57
57 266
266 183
183 46
46 28
28 104
104 170
170 173
173 198
198 101
101 21
21 159
159 40
40 251
251 47
47 199
199 189
189 91
91 221
221 17
17 131
131 38
38 81
81 77
77 66
66 213
213 297
297 119
119 53
53 150
150 181
181 157
157 230
230 238
238 194
194 203
203 19
19 222
222 225
225 197
197 82
82 58
58 287
287 140
140 154
154 207
207 14
14 296
296 96
96 148
148 16
16 257
257 176
176 186
186 282
282 155
155 48
48 94
94 245
245 262
262 294
294 129
129 228
228 185
185 90
90 59
59 127
127 242
242 141
141 31
31 298
298 293
293 25
25 92
92 172
172 260
260 6
6 63
63 249
249 309
309 65
65 23
23 80
80 211
211 34
34 191
191 142
142 256
256 79
79 264
264 233
233 169
169 50
50 32
32 178
178 1
1 44
44 202
202 261
261 254
254 224
224 61
61 195
195 138
138 219
219 93
93 116
116 220
220 182
182 78
78 60
60 12
12 30
30 100
100 139
139 237
237 247
247 236
236 243
264 242
196 120
171 122
260 221
8 116
287 100
306 116
73 309
246 93
132 46
41 72
225 235
242 286
150 276
290 195
43 50
304 274
280 38
42 182
133 255
109 272
235 248
139 172
270 15
64 55
61 169
95 115
301 24
303 278
161 63
35 70
211 62
78 299
171 69
130 155
141 195
230 285
118 178
91 255
57 96
271 66
203 141
110 130
44 174
219 146
262 225
65 254
47 65
88 281
135 176
176 300
92 199
3 33
39 174
51 307
237 170
103 107
218 53
121 287
257 167
275 220
197 60
178 199
166 102
138 207
183 12
183 53
108 194
115 55
226 172
190 187
18 96
168 210
285 39
97 301
195 146
65 70
223 304
166 115
105 128
56 254
227 275
103 24
280 118
129 305
19 297
75 300
278 295
26 26
294 296
258 44
172 157
1 148
80 30
69 194
215 11
226 7
156 225
44 171
157 97
214 241
236 33
158 42
207 40
63 225
80 128
73 72
122 309
61 72
305 163
11 217
37 246
224 131
229 132
5 145
109 218
101 6
228 176
171 244
87 282
263 103
18 95
272 36
182 26
183 298
296 277
193 115
37 241
299 101
218 7
215 271
103 127
79 190
270 251
204 136
31 12
97 282
167 68
148 255
0 112
255 17
210 87
152 97
207 98
307 240
169 282
185 70
249 191
285 259
26 131
261 77
71 169
242 175
257 303
259 88
253 162
256 53
97 35
150 132
89 104
155 102
292 85
70 178
206 149
35 255
134 272
60 137
86 10
84 108
99 156
189 267
59 233
25 278
274 162
26 84
193 233
296 288
74 209
306 46
257 231
2 51
195 190
6 227
93 266
36 189
281 20
73 16
133 262
262 283
143 169
301 271
108 22
128 279
64 139
264 239
222 6
198 150
197 190
85 55
137 118
169 292
89 210
146 287
158 260
286 177
157 64
254 15
77 40
97 157
122 273
161 249
29 131
191 41
91 236
216 301
114 133
46 284
51 3
132 150
206 104
204 238
119 179
39 176
8 98
18 292
206 130
58 151
46 175
177 11
9 52
31 246
132 22
269 230
12 272
218 26
109 55
45 286
12 156
70 179
142 178
81 134
153 234
49 220
126 32
259 100
95 282
24 301
118 19
3 3
200 206
85 227
146 293
165 221
224 128
40 226
132 135
107 23
19 109
289 82
23 171
275 87
233 90
48 232
130 71
72 10
36 82
67 172
182 243
294 84
10 194
151 277
101 231
286 259
29 165
140 193
160 175
232 54
154 308
192 33
112 134
268 222
216 261
88 269
264 107
131 148
259 115
158 146
94 90
74 39
104 232
306 192
132 16
91 52
152 21
190 295
9 206
208 10
217 46
13 292
202 71
299 229
237 39
187 30
72 68
308 86
302 81
95 237
184 228
299 95
94 20
45 226
109 118
24 198
72 212
60 227
97 84
305 111
101 46
257 57
150 265
282 100
177 147
117 154
252 42
134 54
302 152
105 105
233 276
212 83
300 163
57 304
191 29
115 249
111 106
224 83
82 226
201 276
181 24
281 285
136 30
258 135
117 176
57 268
54 6
296 67
277 58
34 266
22 86
284 88
175 308
84 233
226 117
255 55
214 47
119 184
253 45
218 230
233 60
251 19
75 59
121 76
228 179
52 197
156 73
123 241
57 36
290 254
262 79
0 77
241 180
49 246
48 149
30 8
64 64
220 13
72 104
10 97
193 258
48 142
186 144
180 298
241 195
7 177
202 138
148 71
219 80
104 151
153 97
35 182
125 307
304 281
74 286
275 176
295 193
217 216
111 127
137 44
200 45
128 279
249 207
93 95
272 195
20 306
168 59
5 29
34 113
68 292
241 207
175 31
200 293
130 145
264 225
188 132
164 213
299 106
88 281
58 222
264 243
53 64
187 20
252 212
18 268
98 32
114 253
53 279
54 253
138 83
132 36
215 110
79 176
309 103
49 249
37 104
202 48
133 1
121 190
189 64
84 120
215 185
293 82
188 159
90 216
95 299
244 70
297 279
69 54
180 145
95 11
185 132
27 152
285 309
6 268
302 162
180 249
36 34
84 156
164 195
59 284
53 168
10 86
63 282
74 218
234 1
260 20
152 200
150 27
145 179
118 75
89 266
249 28
271 190
39 273
306 191
104 296
160 259
32 307
187 79
118 229
115 17
225 235
172 116
259 303
247 232
125 142
299 136
295 201
227 176
178 279
215 289
80 103
102 180
167 269
144 276
257 189
259 63
177 262
207 199
228 146
239 13
144 71
9 292
290 245
87 234
114 182
197 3
53 9
67 309
74 281
207 235
210 102
18 288
212 240
56 258
183 230
291 78
64 50
116 130
239 30
222 187
46 160
268 162
285 191
55 42
199 174
134 290
254 51
118 32
279 124
42 31
191 113
97 128
179 230
33 280
125 3
113 158
59 132
177 40
154 202
83 212
216 241
195 67
39 244
303 185
295 171
34 214
44 37
199 70
128 160
206 79
55 9
71 294
189 230
149 143
99 155
142 226
19 196
95 127
189 186
222 236
231 236
32 53
275 49
159 44
203 259
163 141
234 6
230 176
140 305
20 307
185 263
79 46
261 179
169 92
41 276
217 128
9 239
226 268
26 130
277 221
190 259
122 101
3 242
196 20
223 60
46 7
235 221
174 305
16 280
126 173
164 19
172 37
102 218
105 210
43 267
251 279
150 211
134 91
294 176
187 114
46 55
105 243
253 200
290 53
253 144
262 302
161 107
234 247
70 94
92 53
296 155
21 88
117 173
26 0
17 285
60 97
197 226
180 99
27 236
66 216
51 123
89 274
53 88
147 140
191 264
202 273
291 185
177 90
92 152
40 204
95 24
98 44
285 157
37 181
76 170
159 60
133 99
251 74
83 52
207 127
191 140
241 269
20 128
185 15
151 292
146 35
35 80
251 216
256 270
125 21
142 226
223 215
124 197
10 82
10 98
83 218
112 185
251 59
278 225
168 14
254 103
52 127
120 261
21 196
18 100
104 263
161 79
232 194
70 196
142 298
120 136
274 19
159 147
185 208
188 239
110 134
50 262
80 124
37 283
154 76
27 225
227 250
167 224
94 184
102 82
39 36
31 214
181 251
89 19
125 89
6 167
254 158
40 214
88 283
54 159
154 245
161 232
213 94
249 75
241 189
193 90
270 200
275 117
201 107
134 210
292 266
211 231
119 99
154 178
54 43
45 67
90 270
110 95
109 114
307 28
127 107
261 130
187 302
197 106
275 45
1 252
150 32
33 113
1 65
194 256
93 58
175 273
198 62
88 234
200 132
11 33
289 83
295 172
287 209
162 72
95 183
201 107
32 204
65 55
93 189
2 306
7 130
184 255
131 184
247 50
132 92
260 133
306 295
43 134
218 23
139 25
11 282
95 73
210 177
74 89
168 215
260 304
168 143
280 105
251 252
252 271
127 291
116 5
88 194
22 230
44 138
9 241
115 164
230 132
218 143
282 275
267 49
14 55
2 26
43 171
101 294
168 271
213 209
29 193
152 198
188 251
42 230
167 148
151 286
101 74
255 224
44 196
227 84
265 87
218 295
306 136
150 18
231 186
54 55
240 105
228 42
239 162
303 117
248 294
254 125
184 284
110 177
44 66
247 152
149 292
138 46
280 100
125 249
251 182
81 57
217 225
136 267
94 132
130 80
128 237
62 182
44 192
16 4
149 125
24 57
23 194
167 23
216 25
253 275
211 285
111 218
62 287
52 204
215 176
78 190
256 177
232 93
231 96
50 89
11 248
61 25
197 269
15 62
14 127
278 264
309 36
305 131
263 48
156 110
273 157
82 38
82 132
194 71
22 110
42 240
52 206
81 89
205 35
101 262
138 104
127 162
26 16
161 37
113 82
254 155
122 43
124 123
294 265
305 112
164 296
20 117
118 202
215 309
96 74
57 88
182 262
290 172
118 213
246 151
30 279
112 247
279 87
166 84
291 74
269 58
52 288
246 277
24 295
267 93
183 264
303 109
132 108
133 259
205 51
291 255
6 70
108 59
53 152
296 157
86 202
12 9
305 30
41 97
130 122
306 183
91 169
263 113
156 14
297 10
280 32
113 203
7 8
231 13
100 190
78 309
155 94
115 281
27 222
253 289
121 250
166 115
37 168
159 267
52 168
142 5
7 308
283 162
153 59
36 221
97 41
17 306
100 298
199 289
171 207
124 102
166 17
171 110
0 148
176 33
162 96
25 39
18 138
209 116
189 206
134 35
218 142
120 221
302 11
139 255
279 62
268 262
112 145
10 271
130 299
226 178
7 272
230 97
85 199
176 287
64 205
217 197
220 294
281 34
306 92
133 165
192 38
3 142
299 137
170 220
86 122
88 173
108 227
266 78
39 281
168 138
283 16
5 136
148 89
185 32
300 50
197 65
45 16
275 171
171 282
163 207
244 233
242 213
61 211
305 13
31 252
29 308
101 221
210 279
207 79
140 169
179 90
195 174
185 234
99 2
77 76
306 189
245 78
211 267
23 203
18 199
204 186
34 270
278 282
149 208
256 130
296 185
249 226
236 268
294 6
226 227
125 149
76 156
239 105
162 177
29 170
295 231
226 84
241 45
91 53
235 223
146 166
213 245
239 31
6 146
216 3
71 257
135 284
126 37
161 139
214 42
78 29
71 27
8 227
103 95
256 284
221 155
297 135
283 264
60 279
98 173
285 131
69 245
157 45
151 259
247 15
208 163
171 52
149 250
63 214
240 224
3 191
223 221
25 306
289 138
252 216
114 6
187 293
193 298
121 243
306 228
247 38
305 220
281 244
184 297
208 93
65 144
217 220
206 118
171 144
58 77
18 71
195 302
307 293
55 140
77 40
90 56
45 13
137 221
269 306
202 291
68 223
247 171
165 244
125 145
226 271
110 222
296 110
221 265
2 15
266 104
106 194
20 49
195 248
3 117
106 75
123 175
295 283
176 214
211 62
103 79
125 263
35 120
258 306
127 233
237 137
82 233
154 31
295 76
237 302
146 89
157 12
150 256
17 153
240 309
242 39
110 288
82 90
275 227
0 189
43 139
107 272
232 185
257 225
255 190
303 37
203 189
5 138
109 200
147 88
176 293
82 214
57 196
6 110
178 287
47 26
198 19
146 78
283 48
34 246
305 145
290 225
284 261
250 200
136 265
115 189
100 49
201 145
29 220
196 129
162 140
15 122
25 63
210 229
14 69
123 45
191 39
244 91
173 302
223 195
257 21
1 41
166 79
230 120
119 35
221 130
16 121
24 173
226 161
20 241
189 94
103 229
90 219
303 37
141 282
168 110
34 237
148 198
15 143
181 160
99 16
264 123
226 34
187 131
165 292
104 126
197 15
196 170
222 241
4 198
304 32
187 104
10 305
230 28
286 23
162 138
216 157
245 153
9 59
79 288
130 209
194 254
285 211
78 64
172 214
211 262
307 178
15 155
33 164
234 268
100 166
10 178
241 224
113 114
215 276
110 271
183 303
83 178
155 30
38 305
306 278
116 134
154 139
189 24
282 99
296 236
304 63
220 237
277 47
236 220
182 48
129 261
253 146
104 142
65 145
231 274
288 225
179 158
10 279
251 103
82 52
42 209