320
1599
0,
1,
2,
3,
4,
5,
6,
7,
8,
9,
10,
11,
12,
13,
14,
15,
16,
17,
18,
19,
20,
21,
22,
23,
24,
25,
26,
27,
28,
29,
30,
31,
32,
33,
34,
35,
36,
37,
38,
39,
40,
41,
42,
43,
44,
45,
46,
47,
48,
49,
50,
51,
52,
53,
54,
55,
56,
57,
58,
59,
60,
61,
62,
63,
64,
65,
66,
67,
68,
69,
70,
71,
72,
73,
74,
75,
76,
77,
78,
79,
80,
81,
82,
83,
84,
85,
86,
87,
88,
89,
90,
91,
92,
93,
94,
95,
96,
97,
98,
99,
100,
101,
102,
103,
104,
105,
106,
107,
108,
109,
110,
111,
112,
113,
114,
115,
116,
117,
118,
119,
120,
121,
122,
123,
124,
125,
126,
127,
128,
129,
130,
131,
132,
133,
134,
135,
136,
137,
138,
139,
140,
141,
142,
143,
144,
145,
146,
147,
148,
149,
150,
151,
152,
153,
154,
155,
156,
157,
158,
159,
160,
161,
162,
163,
164,
165,
166,
167,
168,
169,
170,
171,
172,
173,
174,
175,
176,
177,
178,
179,
180,
181,
182,
183,
184,
185,
186,
187,
188,
189,
190,
191,
192,
193,
194,
195,
196,
197,
198,
199,
200,
201,
202,
203,
204,
205,
206,
207,
208,
209,
210,
211,
212,
213,
214,
215,
216,
217,
218,
219,
220,
221,
222,
223,
224,
225,
226,
227,
228,
229,
230,
231,
232,
233,
234,
235,
236,
237,
238,
239,
240,
241,
242,
243,
244,
245,
246,
247,
248,
249,
250,
251,
252,
253,
254,
255,
256,
257,
258,
259,
260,
261,
262,
263,
264,
265,
266,
267,
268,
269,
270,
271,
272,
273,
274,
275,
276,
277,
278,
279,
280,
281,
282,
283,
284,
285,
286,
287,
288,
289,
290,
291,
292,
293,
294,
295,
296,
297,
298,
299,
300,
301,
302,
303,
304,
305,
306,
307,
308,
309,
310,
311,
312,
313,
314,
315,
316,
317,
318,
319
116 160
160 249
249 192
192 38
38 133
133 21
21 238
238 285
285 258
258 43
43 149
149 2
2 144
144 27
27 234
234 97
97 211
211 268
268 42
42 265
265 152
152 68
68 99
99 166
166 44
44 9
9 79
79 16
16 172
172 163
163 298
298 153
153 124
124 228
228 178
178 182
182 271
271 246
246 91
91 111
111 23
23 225
225 98
98 154
154 289
289 139
139 40
40 36
36 54
54 112
112 196
196 219
219 316
316 113
113 276
276 6
6 252
252 33
33 83
83 184
184 73
73 309
309 311
311 26
26 282
282 75
75 67
67 319
319 45
45 59
59 284
284 241
241 224
224 120
120 263
263 290
290 122
122 165
165 247
247 273
273 14
14 95
95 77
77 279
279 151
151 267
267 141
141 64
64 58
58 202
202 25
25 130
130 106
106 255
255 7
7 194
194 37
37 129
129 56
56 201
201 89
89 131
131 85
85 237
237 242
242 313
313 269
269 303
303 46
46 195
195 72
72 32
32 209
209 20
20 259
259 115
115 81
81 281
281 291
291 164
164 52
52 297
297 158
158 90
90 256
256 287
287 280
280 88
88 251
251 187
187 15
15 78
78 248
248 307
307 294
294 293
293 127
127 310
310 48
48 174
174 69
69 175
175 114
114 132
132 148
148 93
93 4
4 134
134 235
235 177
177 171
171 168
168 253
253 3
3 188
188 146
146 128
128 191
191 137
137 318
318 189
189 107
107 80
80 61
61 39
39 156
156 110
110 82
82 317
317 212
212 86
86 53
53 159
159 304
304 264
264 185
185 193
193 261
261 143
143 47
47 208
208 49
49 12
12 270
270 299
299 305
305 65
65 292
292 119
119 138
138 260
260 199
199 295
295 76
76 227
227 50
50 245
245 262
262 186
186 101
101 104
104 100
100 222
222 60
60 306
306 288
288 147
147 275
275 198
198 70
70 22
22 125
125 96
96 240
240 244
244 221
221 220
220 51
51 204
204 109
109 108
108 203
203 215
215 123
123 167
167 1
1 17
17 30
30 176
176 135
135 254
254 157
157 257
257 183
183 218
218 232
232 216
216 18
18 142
142 92
92 19
19 117
117 161
161 283
283 11
11 5
5 0
0 181
181 62
62 136
136 230
230 206
206 28
28 34
34 179
179 140
140 243
243 87
87 145
145 210
210 41
41 231
231 223
223 13
13 71
71 169
169 155
155 200
200 239
239 300
300 173
173 236
236 205
205 312
312 105
105 162
162 302
302 214
214 278
278 308
308 190
190 197
197 8
8 121
121 57
57 102
102 118
118 296
296 213
213 301
301 63
63 66
66 274
274 286
286 10
10 226
226 24
24 170
170 207
207 150
150 233
233 94
94 103
103 84
84 29
29 126
126 314
314 74
74 55
55 266
266 31
31 217
217 180
180 229
229 35
35 272
272 277
277 250
250 315
2 84
177 95
138 228
102 303
192 267
188 319
262 103
316 38
183 184
161 167
210 73
11 123
221 125
76 245
234 65
281 30
318 270
61 201
153 269
279 36
210 169
123 298
7 224
254 54
104 227
309 200
85 306
149 27
54 145
143 110
299 3
135 292
55 311
296 133
158 202
299 96
213 204
133 52
110 131
129 250
183 317
136 99
79 84
292 227
150 38
275 154
127 23
264 64
282 186
14 150
124 41
124 168
25 241
297 267
111 94
23 271
64 145
33 266
284 161
273 174
255 114
4 89
139 255
241 240
126 73
11 221
90 9
174 253
84 263
161 179
220 317
260 225
87 309
94 28
43 35
133 42
88 298
36 254
261 41
53 66
64 237
118 4
302 56
31 37
202 29
137 230
166 64
210 210
28 256
223 88
227 22
62 200
13 139
70 97
179 219
147 229
237 179
17 263
88 124
35 229
317 161
311 227
187 192
135 12
97 271
96 51
66 95
76 189
197 237
180 312
286 187
9 143
240 218
54 299
241 271
315 209
144 152
62 138
145 35
61 282
244 315
261 109
62 85
186 276
242 299
74 176
149 301
34 199
279 266
186 132
236 41
130 254
2 36
278 301
276 6
300 189
177 218
133 246
12 34
185 227
26 213
195 51
228 136
59 136
20 211
264 128
271 242
98 254
41 318
213 291
201 272
279 258
121 131
243 5
30 139
153 60
156 48
311 240
147 97
34 22
290 242
37 112
268 101
295 11
120 280
302 12
293 257
245 312
30 111
267 182
272 240
29 151
232 167
242 299
14 29
262 208
111 317
85 275
152 93
196 38
123 224
110 10
7 64
258 298
288 256
28 269
270 104
217 12
149 306
208 86
89 229
314 11
236 52
12 281
108 286
85 263
49 131
258 81
234 175
78 114
144 263
54 117
282 37
79 233
139 13
221 89
246 161
69 222
150 187
120 181
136 6
205 187
185 169
257 220
159 318
112 187
162 71
74 67
317 275
236 244
178 138
9 88
88 289
233 203
104 194
111 153
181 250
109 51
215 298
59 102
85 90
124 165
162 167
270 15
1 57
293 251
312 186
316 86
146 273
204 113
59 247
272 280
249 93
73 71
145 141
126 55
158 21
237 33
254 290
157 147
137 109
14 256
12 193
261 227
302 310
267 118
194 309
44 24
96 310
22 63
199 66
193 164
262 93
38 166
159 95
211 66
70 6
35 21
272 259
38 182
260 302
177 227
62 3
80 315
101 92
226 133
26 118
165 241
163 254
157 256
190 225
27 157
241 65
282 309
60 308
164 265
248 13
200 296
22 280
286 199
236 146
140 71
240 290
238 316
318 220
173 17
37 165
178 111
42 274
39 270
184 85
37 0
278 39
240 211
20 307
224 317
138 206
16 68
180 298
182 102
275 167
235 241
319 91
52 173
104 271
244 264
82 180
118 43
261 83
100 64
72 116
76 115
202 178
120 108
103 270
167 5
228 18
186 57
78 119
124 281
160 247
161 310
142 226
195 275
201 11
118 269
212 270
241 274
275 160
255 242
279 223
115 159
197 193
128 116
13 148
57 207
278 123
272 255
4 165
287 197
119 7
116 305
279 3
85 216
1 221
231 192
121 236
105 41
208 228
29 246
179 205
267 165
87 126
3 238
253 149
269 286
290 215
173 103
107 70
151 114
21 188
244 17
4 165
68 205
27 266
53 67
184 5
224 197
103 130
117 1
149 289
117 10
154 36
76 95
85 202
214 94
215 57
99 224
285 183
50 224
187 86
26 82
89 36
312 30
270 72
274 295
280 89
271 4
308 257
98 257
23 9
73 92
199 13
120 69
170 188
49 218
133 55
242 203
125 66
128 285
305 259
106 307
299 256
271 166
75 127
1 69
9 172
102 267
168 271
123 36
74 193
121 37
3 69
264 146
241 104
282 231
154 264
44 17
175 314
192 22
239 41
280 251
202 245
250 245
247 103
29 131
297 102
292 195
202 61
52 268
116 304
104 199
20 155
111 58
241 54
246 214
143 185
25 175
98 280
81 155
227 289
41 44
66 200
132 12
33 189
16 23
111 203
90 118
316 47
122 267
160 304
1 145
159 109
222 299
304 24
113 289
185 58
22 200
166 144
75 307
39 35
108 55
124 64
275 80
41 26
137 242
311 116
310 105
137 45
119 259
164 81
194 121
282 101
304 257
186 288
108 131
28 161
52 84
73 69
216 235
203 196
25 122
266 167
89 150
266 11
85 76
225 37
154 0
280 246
85 228
233 204
177 156
296 25
102 28
56 218
93 188
29 169
307 89
210 105
150 42
171 212
274 215
243 305
73 264
217 17
101 189
28 26
224 219
234 52
210 100
31 128
15 248
319 191
279 83
216 7
102 11
161 27
200 156
303 307
198 71
93 279
288 166
195 155
40 216
249 215
203 286
204 203
241 34
2 271
179 175
87 179
131 140
232 164
212 200
124 100
293 67
242 110
24 21
106 300
199 33
236 306
308 119
131 174
200 106
87 31
70 191
56 315
155 14
210 310
96 229
285 2
311 96
211 66
114 279
272 230
277 203
56 12
47 65
162 87
258 221
107 259
234 314
267 102
227 4
157 47
308 21
38 129
197 259
312 228
121 188
28 211
87 116
219 238
211 98
46 133
240 198
39 162
257 278
264 127
284 129
224 35
256 159
20 307
276 230
96 220
149 138
27 47
100 155
223 218
145 39
289 212
16 311
28 59
282 268
150 261
287 88
138 54
185 225
64 103
269 32
21 43
145 219
196 135
41 42
65 172
269 7
72 65
310 79
223 118
39 75
138 163
12 140
117 37
13 125
248 253
281 269
235 303
132 110
103 256
308 240
185 256
248 104
205 176
266 151
106 33
279 131
27 103
73 224
269 11
251 227
29 265
277 177
213 128
103 279
297 62
38 152
183 13
97 106
41 116
41 205
271 142
17 52
2 300
20 159
114 2
77 225
193 173
26 230
234 145
190 30
206 314
4 181
78 38
38 211
241 42
106 158
78 118
177 221
224 65
94 25
149 256
165 230
175 317
209 207
149 99
278 27
256 5
260 233
50 192
93 19
104 98
1 192
124 228
197 243
115 282
69 0
185 85
245 144
300 17
263 147
186 282
132 140
308 61
53 102
153 266
212 243
172 239
211 274
240 104
121 62
117 212
230 241
206 40
226 109
96 149
66 308
82 28
150 307
58 161
83 116
113 225
109 11
310 43
219 38
282 275
292 302
72 282
206 288
200 170
15 245
271 223
199 245
60 203
45 309
185 274
233 155
210 54
130 91
244 284
30 245
151 257
266 147
13 67
261 154
2 283
264 223
76 238
26 191
1 213
70 151
25 159
166 248
135 219
124 20
230 239
147 33
56 207
256 317
122 90
86 90
7 198
185 162
17 93
182 255
8 106
24 169
233 27
217 239
193 209
88 311
16 100
77 284
84 120
177 53
279 142
155 218
37 35
53 79
75 106
48 33
71 259
155 215
71 297
175 191
77 182
253 171
17 190
209 121
250 213
311 262
29 94
256 317
49 297
159 96
72 268
60 283
58 7
180 39
59 15
292 185
259 250
273 211
222 91
62 78
148 118
106 133
125 147
183 138
115 214
107 75
105 183
142 292
145 265
184 136
32 307
201 140
217 155
216 129
124 204
89 291
169 164
14 212
263 47
30 224
301 118
238 231
267 152
232 245
180 272
234 226
149 203
269 225
240 214
24 278
113 235
138 40
116 245
32 62
217 295
163 99
84 83
166 117
257 23
60 114
181 134
141 81
101 23
174 234
306 219
146 268
0 48
109 77
85 202
39 185
176 257
100 169
162 311
282 8
303 249
117 98
313 12
125 47
102 229
63 94
84 110
145 181
211 44
270 120
149 208
204 23
157 82
108 23
32 189
75 162
14 268
198 129
179 237
4 105
307 0
118 68
112 235
234 243
204 312
3 33
206 25
157 172
58 303
69 308
186 141
158 54
8 208
69 201
247 234
187 224
289 83
37 258
293 318
56 11
279 47
53 13
132 33
53 138
14 153
169 263
284 315
249 296
94 129
147 169
238 143
223 182
33 249
260 30
154 245
33 288
80 226
111 253
311 267
317 184
2 73
146 119
287 172
198 224
164 278
101 126
148 15
182 118
68 282
243 142
100 261
190 256
194 153
14 84
298 219
40 144
196 161
74 228
241 205
319 272
39 242
136 238
99 283
251 80
52 114
256 49
48 286
288 293
11 138
135 193
245 221
222 296
76 316
26 182
29 209
265 56
29 166
86 181
72 309
78 54
68 141
278 280
305 171
145 210
11 308
58 267
23 99
159 248
53 171
39 157
259 56
65 36
226 255
174 195
3 249
251 316
302 58
253 203
292 47
261 49
174 30
148 1
48 250
136 155
170 122
148 43
85 8
279 89
52 28
13 98
5 50
178 21
18 86
170 154
201 266
179 101
266 272
226 293
150 126
126 63
48 44
197 149
47 163
54 164
284 149
250 294
213 77
80 214
148 25
42 204
309 262
51 151
244 101
1 15
36 36
216 30
116 246
206 14
223 274
164 40
206 46
134 168
264 135
111 303
58 268
280 70
266 170
275 243
250 268
259 226
20 65
86 301
17 231
310 95
161 177
32 41
257 11
157 29
306 177
202 101
239 196
120 154
184 176
22 43
95 13
123 164
202 170
40 304
45 22
53 102
71 251
113 24
226 260
182 174
91 13
266 77
51 199
128 209
242 38
75 143
124 104
30 76
289 157
10 7
119 315
42 286
54 172
1 39
144 100
48 296
42 312
75 40
155 108
184 246
307 29
319 77
280 144
294 227
253 23
303 2
288 227
48 236
265 195
40 3
179 32
11 62
185 48
185 86
219 101
307 161
192 110
45 92
169 203
203 156
272 297
308 192
88 204
275 215
47 318
165 44
11 90
137 3
64 106
171 189
232 16
136 23
101 194
236 183
199 127
174 47
105 305
248 123
101 188
168 265
130 180
156 111
69 137
99 319
243 179
59 253
115 17
256 80
124 157
258 184
195 141
119 15
0 130
299 200
157 165
159 46
163 115
105 92
98 205
63 45
165 224
84 264
51 284
318 168
60 257
266 70
81 25
143 319
216 172
74 148
44 152
315 111
150 6
90 11
269 223
92 104
314 152
197 306
226 151
271 35
226 107
292 294
70 115
169 255
143 78
179 286
220 294
257 173
166 293
65 190
41 205
94 289
101 157
183 286
133 257
221 317
292 135
50 110
315 193
259 241
77 209
252 217
74 196
188 64
60 272
158 249
31 218
264 44
27 85
151 167
21 264
294 294
224 174
122 260
17 232
28 137
36 119
45 269
69 30
287 301
10 284
249 138
16 18
145 220
188 305
281 17
248 143
277 48
303 152
310 66
157 93
192 176
295 277
109 32
36 47
72 140
227 300
276 122
210 236
122 286
52 117
226 317
4 121
176 219
30 64
123 70
100 15
318 249
203 141
129 7
235 161
277 240
194 59
197 21
182 315
91 6
36 125
56 265
213 107
186 191
4 48
169 283
170 207
278 136
293 113
241 181
202 145
175 104
191 119
212 16
35 25
254 101
169 266
167 166
62 183
185 130
301 189
179 316
212 165
131 198
228 244
311 271
88 166
6 241
259 67
291 126
144 195
145 288
18 257
4 100
2 211
49 265
317 163
136 76
0 233
319 31
294 295
101 266
115 291
166 278
300 299
310 155
29 115
91 73
147 238
263 128
14 199
227 316
179 132
299 190
47 29
289 54
59 144
274 190
157 240
85 200
189 142
76 16