330
1649
0,
1,
2,
3,
4,
5,
6,
7,
8,
9,
10,
11,
12,
13,
14,
15,
16,
17,
18,
19,
20,
21,
22,
23,
24,
25,
26,
27,
28,
29,
30,
31,
32,
33,
34,
35,
36,
37,
38,
39,
40,
41,
42,
43,
44,
45,
46,
47,
48,
49,
50,
51,
52,
53,
54,
55,
56,
57,
58,
59,
60,
61,
62,
63,
64,
65,
66,
67,
68,
69,
70,
71,
72,
73,
74,
75,
76,
77,
78,
79,
80,
81,
82,
83,
84,
85,
86,
87,
88,
89,
90,
91,
92,
93,
94,
95,
96,
97,
98,
99,
100,
101,
102,
103,
104,
105,
106,
107,
108,
109,
110,
111,
112,
113,
114,
115,
116,
117,
118,
119,
120,
121,
122,
123,
124,
125,
126,
127,
128,
129,
130,
131,
132,
133,
134,
135,
136,
137,
138,
139,
140,
141,
142,
143,
144,
145,
146,
147,
148,
149,
150,
151,
152,
153,
154,
155,
156,
157,
158,
159,
160,
161,
162,
163,
164,
165,
166,
167,
168,
169,
170,
171,
172,
173,
174,
175,
176,
177,
178,
179,
180,
181,
182,
183,
184,
185,
186,
187,
188,
189,
190,
191,
192,
193,
194,
195,
196,
197,
198,
199,
200,
201,
202,
203,
204,
205,
206,
207,
208,
209,
210,
211,
212,
213,
214,
215,
216,
217,
218,
219,
220,
221,
222,
223,
224,
225,
226,
227,
228,
229,
230,
231,
232,
233,
234,
235,
236,
237,
238,
239,
240,
241,
242,
243,
244,
245,
246,
247,
248,
249,
250,
251,
252,
253,
254,
255,
256,
257,
258,
259,
260,
261,
262,
263,
264,
265,
266,
267,
268,
269,
270,
271,
272,
273,
274,
275,
276,
277,
278,
279,
280,
281,
282,
283,
284,
285,
286,
287,
288,
289,
290,
291,
292,
293,
294,
295,
296,
297,
298,
299,
300,
301,
302,
303,
304,
305,
306,
307,
308,
309,
310,
311,
312,
313,
314,
315,
316,
317,
318,
319,
320,
321,
322,
323,
324,
325,
326,
327,
328,
329
100 16
16 247
247 230
230 318
318 119
119 138
138 164
164 61
61 238
238 213
213 261
261 154
154 174
174 89
89 30
30 321
321 140
140 170
170 304
304 292
292 122
122 192
192 41
41 237
237 17
17 124
124 167
167 314
314 184
184 260
260 210
210 67
67 50
50 243
243 101
101 73
73 59
59 207
207 69
69 203
203 14
14 90
90 307
307 129
129 229
229 29
29 104
104 231
231 289
289 295
295 250
250 320
320 323
323 54
54 166
166 285
285 132
132 38
38 222
222 306
306 239
239 43
43 185
185 161
161 245
245 241
241 219
219 315
315 177
177 265
265 78
78 3
3 137
137 81
81 28
28 274
274 51
51 87
87 217
217 49
49 75
75 271
271 57
57 79
79 99
99 284
284 171
171 156
156 118
118 58
58 134
134 272
272 20
20 77
77 300
300 267
267 53
53 102
102 263
263 215
215 123
123 233
233 160
160 35
35 286
286 98
98 68
68 214
214 175
175 96
96 139
139 317
317 232
232 254
254 168
168 224
224 85
85 186
186 188
188 235
235 322
322 13
13 291
291 187
187 283
283 211
211 312
312 227
227 209
209 4
4 162
162 268
268 275
275 202
202 313
313 136
136 147
147 326
326 255
255 266
266 72
72 88
88 252
252 36
36 269
269 251
251 26
26 198
198 200
200 190
190 169
169 18
18 33
33 305
305 181
181 199
199 42
42 112
112 197
197 216
216 246
246 225
225 55
55 163
163 303
303 131
131 125
125 31
31 298
298 128
128 56
56 244
244 10
10 27
27 328
328 6
6 142
142 34
34 150
150 264
264 76
76 259
259 196
196 114
114 148
148 180
180 179
179 44
44 172
172 8
8 278
278 70
70 158
158 7
7 107
107 262
262 228
228 201
201 294
294 121
121 1
1 105
105 12
12 234
234 0
0 280
280 257
257 189
189 310
310 329
329 258
258 62
62 165
165 47
47 23
23 11
11 25
25 149
149 135
135 220
220 221
221 146
146 37
37 195
195 253
253 183
183 236
236 133
133 143
143 145
145 191
191 60
60 193
193 64
64 277
277 66
66 82
82 301
301 316
316 86
86 249
249 152
152 290
290 240
240 9
9 205
205 22
22 157
157 311
311 63
63 93
93 24
24 84
84 19
19 302
302 65
65 176
176 242
242 194
194 52
52 97
97 2
2 208
208 109
109 324
324 182
182 270
270 325
325 117
117 297
297 92
92 223
223 94
94 293
293 256
256 103
103 127
127 273
273 282
282 204
204 106
106 206
206 212
212 91
91 15
15 120
120 39
39 279
279 32
32 153
153 319
319 287
287 308
308 116
116 281
281 95
95 173
173 40
40 46
46 288
288 130
130 141
141 108
108 115
115 226
226 71
71 126
126 83
83 159
159 296
296 5
5 144
144 111
111 299
299 113
113 248
248 151
151 21
21 74
74 80
80 178
178 309
309 155
155 48
48 45
45 218
218 276
276 110
110 327
105 141
124 91
235 57
294 118
168 222
277 327
88 202
183 86
190 250
223 55
160 72
266 200
143 157
222 100
166 227
216 9
104 125
162 299
317 127
253 296
58 94
214 32
102 0
117 193
162 38
20 184
281 262
131 295
216 160
119 319
305 90
321 219
23 78
179 301
116 11
176 327
160 167
269 188
288 164
217 87
200 297
247 114
275 52
320 281
313 196
259 152
170 152
52 292
69 135
262 150
142 103
15 286
32 238
168 239
7 264
261 124
126 235
288 238
45 149
66 121
269 147
138 323
196 276
89 301
59 18
56 142
40 229
186 203
24 201
254 282
8 23
198 311
216 27
90 271
40 242
299 135
178 149
207 256
236 66
177 268
94 25
155 230
180 234
17 250
168 194
188 111
98 90
267 124
99 47
40 0
75 166
207 223
270 296
186 273
119 24
288 96
180 251
65 30
299 221
168 252
153 231
238 116
247 108
279 259
92 252
65 137
79 76
257 246
53 263
243 304
303 11
289 235
75 86
75 282
270 97
225 105
324 186
75 45
74 120
33 11
283 37
227 19
36 276
211 190
158 71
284 168
221 247
233 205
93 229
177 39
3 298
312 103
235 16
71 263
279 215
123 211
2 223
156 280
171 274
308 74
242 185
157 213
2 234
92 222
306 204
251 245
28 320
81 74
282 287
249 320
160 283
291 307
271 77
319 267
136 327
132 292
229 17
250 131
256 155
201 242
136 23
302 205
128 283
305 11
237 47
252 191
19 52
52 1
200 169
264 219
176 214
216 128
119 267
300 267
274 323
29 244
29 294
24 46
143 296
214 92
291 179
191 31
245 101
5 305
2 130
142 220
130 21
91 121
133 230
91 186
215 45
249 296
118 141
224 152
125 20
51 199
78 139
118 116
117 205
170 103
41 3
14 224
25 208
214 196
5 184
80 127
137 64
107 191
256 37
180 287
36 273
93 3
131 68
276 205
36 257
150 282
170 318
30 252
279 181
312 106
183 270
233 148
165 29
109 87
221 308
316 185
265 273
47 12
234 156
263 188
317 272
63 184
116 95
259 65
155 154
292 150
61 329
233 167
101 328
45 202
152 203
148 192
51 277
133 151
207 29
100 142
227 259
249 298
247 289
24 135
111 311
49 222
251 196
31 120
270 26
249 145
288 12
251 133
213 92
269 218
54 114
53 190
227 122
247 174
101 145
139 42
303 132
32 213
318 93
272 79
187 309
321 158
118 201
159 279
250 148
1 137
250 85
195 194
50 206
317 279
179 59
56 96
36 216
297 306
181 236
1 35
297 166
49 51
303 240
27 309
23 311
132 228
228 64
270 190
118 82
84 16
128 152
106 101
167 177
218 323
221 308
112 113
243 172
255 194
165 143
112 20
270 166
66 74
26 76
271 225
120 313
283 48
51 22
61 167
193 257
166 191
269 279
318 60
178 142
163 96
268 109
261 205
273 146
214 233
141 8
270 62
216 200
146 225
127 217
201 239
322 296
30 164
171 271
136 4
21 195
1 132
38 294
154 69
178 318
120 8
190 182
141 98
265 56
299 28
4 42
162 286
277 4
65 326
88 16
67 36
105 111
327 226
315 230
204 77
138 126
279 265
139 169
246 101
137 138
130 288
315 11
59 224
78 300
151 72
18 56
225 140
315 78
206 323
218 43
229 296
185 271
155 51
266 244
109 172
227 73
321 314
84 25
223 201
104 144
163 270
129 88
202 104
41 253
142 63
126 95
270 63
102 271
31 46
103 26
268 224
69 173
29 95
79 3
251 273
249 68
9 329
177 137
328 124
282 103
226 69
116 93
225 270
263 250
80 99
273 205
83 228
76 282
21 74
293 310
22 258
316 294
116 321
158 312
209 241
168 79
73 296
180 247
125 113
84 16
99 107
173 103
241 148
224 170
194 324
114 233
219 175
167 136
134 246
107 35
164 227
100 271
70 15
217 235
19 285
254 191
281 151
9 73
46 6
165 62
10 28
90 272
151 42
317 82
29 154
133 308
230 113
304 95
43 245
74 187
35 308
308 194
90 225
248 29
246 323
187 264
114 145
261 296
43 92
156 6
278 36
277 7
13 279
57 265
114 86
182 287
321 271
73 85
154 306
40 178
180 70
105 91
147 265
169 183
58 90
113 260
307 295
34 275
201 195
292 202
10 52
322 167
232 166
35 241
219 14
43 306
195 155
84 16
174 77
24 36
258 101
146 38
55 293
25 260
117 305
255 267
156 17
171 193
57 189
166 79
51 123
138 206
310 102
77 82
265 63
241 209
162 226
178 291
286 289
10 272
310 246
192 123
79 44
31 72
319 78
89 23
144 253
133 47
203 181
90 140
26 263
231 119
287 216
107 45
250 129
247 28
70 180
186 287
180 82
190 161
68 70
49 188
42 322
97 91
53 86
200 300
25 174
43 171
61 46
72 63
151 60
130 159
276 327
143 152
214 43
89 229
199 252
267 269
176 198
241 263
176 247
283 296
162 317
51 175
309 108
146 319
187 228
197 186
238 211
17 302
91 230
153 241
289 224
176 131
24 145
167 181
151 305
112 237
282 89
317 156
218 217
245 285
51 247
227 301
299 39
9 275
38 306
73 1
85 257
323 167
248 173
270 156
18 106
231 52
20 50
64 116
307 170
132 244
182 199
298 129
229 174
283 67
190 73
124 311
112 181
254 194
72 188
198 200
256 153
199 178
55 81
186 51
110 200
201 261
190 321
75 157
250 303
250 215
110 91
147 328
71 328
128 32
297 269
125 208
288 253
175 147
173 286
251 72
164 98
112 148
120 127
118 242
17 319
173 36
103 323
329 245
140 67
135 179
310 255
154 62
135 236
77 239
178 168
106 253
257 198
119 312
308 118
26 36
160 26
94 126
36 158
13 75
60 21
249 46
260 308
254 54
264 69
114 171
160 243
54 102
95 31
4 303
314 55
130 290
6 61
300 204
68 31
84 161
302 219
91 300
67 58
305 0
325 126
236 78
110 210
66 194
105 56
41 3
52 169
321 56
209 81
244 19
226 146
186 117
2 14
95 263
228 242
140 163
244 299
197 134
316 248
284 90
73 272
79 160
23 238
21 83
214 269
34 231
69 90
67 118
100 155
67 316
275 66
214 248
217 266
192 180
175 172
232 102
228 59
203 298
316 46
280 137
286 194
295 296
110 52
243 63
266 80
60 220
45 118
189 55
37 122
100 317
227 307
18 109
270 132
298 238
237 27
243 319
147 218
71 40
230 73
156 146
64 25
283 187
121 165
0 265
166 322
36 69
116 222
261 61
114 155
176 234
61 89
252 123
228 221
119 263
37 305
195 242
315 208
48 304
62 106
258 319
164 118
50 287
119 14
176 309
319 160
296 169
23 140
251 63
245 320
316 58
268 240
233 190
277 196
113 106
217 267
233 185
287 299
218 159
23 248
37 301
113 52
181 21
303 290
260 319
29 233
326 126
265 66
20 160
161 264
150 149
92 122
234 62
23 189
321 41
29 179
74 86
209 68
233 125
119 256
22 146
55 136
79 201
289 239
135 311
87 141
245 239
131 94
322 4
230 185
0 173
44 297
314 137
163 273
320 163
56 9
131 12
132 99
56 194
207 134
23 198
0 132
161 152
239 165
309 298
281 329
286 312
241 174
226 285
286 17
55 250
326 97
322 12
219 270
229 317
293 174
154 113
23 86
24 277
205 70
236 67
99 294
86 93
74 221
112 212
64 21
79 109
301 142
151 175
85 159
322 295
149 303
234 153
44 275
233 92
285 211
296 110
233 181
295 50
111 6
59 302
5 264
151 153
236 40
255 230
100 54
182 47
76 40
309 103
136 74
190 300
11 266
223 270
59 235
321 123
289 173
0 248
329 238
108 38
299 182
254 178
10 100
327 54
77 226
5 120
297 111
76 81
47 24
131 129
281 57
96 229
51 302
140 73
327 10
92 4
69 214
71 266
247 271
228 190
191 79
35 167
74 30
187 153
144 147
2 243
39 71
23 211
267 149
298 52
153 65
271 37
77 63
19 326
28 86
93 271
304 248
323 195
296 68
224 123
141 109
125 235
288 275
172 270
96 187
129 290
34 248
255 226
241 114
310 268
257 247
301 122
0 122
283 95
271 148
262 52
324 248
72 13
266 152
125 38
176 53
17 124
108 282
210 33
317 226
219 280
329 285
263 164
204 33
218 102
8 10
316 139
316 90
24 250
187 10
128 32
310 169
166 24
233 85
171 45
228 6
239 128
12 167
87 117
204 249
31 233
134 185
123 279
138 112
90 30
56 203
163 179
214 244
69 288
111 220
164 240
31 189
19 223
267 294
285 23
185 84
312 323
105 127
294 298
209 158
43 134
19 128
223 45
292 239
51 83
0 179
104 164
56 162
179 239
162 152
219 283
178 197
325 151
299 145
132 251
212 73
79 273
316 213
79 318
312 32
153 215
200 294
184 150
28 87
255 268
246 152
287 305
54 305
38 52
242 58
322 198
222 7
285 199
39 178
219 34
219 245
310 98
266 105
140 30
263 222
288 152
205 264
233 312
180 9
289 127
102 274
58 88
28 12
290 199
4 258
203 216
86 38
42 166
324 277
187 308
300 220
132 44
113 49
139 249
117 158
183 329
118 185
153 215
276 302
244 35
282 123
178 305
286 68
314 194
184 103
234 145
223 77
140 125
247 28
305 15
110 18
252 151
135 162
177 295
181 56
129 1
21 136
253 26
90 104
45 158
142 195
163 134
290 288
240 39
177 296
280 27
162 316
47 155
217 50
202 12
274 225
84 130
299 173
94 151
80 94
10 126
26 86
77 85
273 146
263 191
176 258
23 302
216 39
176 85
190 34
75 11
47 142
218 44
198 98
127 121
127 192
49 292
218 174
46 154
170 116
167 46
83 88
46 22
110 23
252 121
181 9
107 57
115 178
214 35
206 248
140 125
183 44
273 217
32 292
270 163
79 3
286 239
71 77
78 189
69 169
316 281
295 10
152 34
297 27
34 95
307 320
21 293
269 166
248 317
153 279
154 241
26 279
84 275
20 106
317 264
59 144
34 260
108 230
24 327
285 124
250 206
288 236
3 46
279 145
58 313
280 130
195 3
231 190
57 206
106 326
143 157
324 284
327 219
218 99
264 258
303 15
52 191
290 293
83 43
83 23
262 17
15 216
277 40
88 171
11 85
90 164
121 186
280 244
215 62
217 74
145 60
186 27
170 228
39 98
15 16
33 149
216 66
35 6
316 2
34 132
169 14
135 222
281 90
297 281
197 73
83 30
323 142
30 261
151 44
96 23
120 47
270 125
280 103
169 72
177 296
294 226
129 301
80 70
93 198
51 272
26 29
148 106
205 303
252 76
67 251
272 125
321 48
75 78
231 129
160 110
81 245
2 315
255 218
98 249
307 229
4 33
87 262
126 198
108 307
80 106
81 28
169 47
287 253
44 190
303 159
312 19
85 160
58 215
33 4
141 199
90 89
318 182
223 22
42 287
260 247
124 270
224 114
250 229
190 145
306 202
307 181
270 199
90 108
251 317
249 213
304 115
269 193
15 80
7 264
198 28
318 230
232 183
41 100
153 188
99 113
200 322
123 293
95 109
208 96
82 228
96 196
176 255
300 17
306 74
216 104
16 209
255 303
143 257
35 90
80 17
223 107
150 227
275 38
157 64
234 222
124 175
211 210
92 68
170 191
124 156
283 326
44 185
55 118
275 149
31 209
154 2
219 19
14 203
251 101
11 167
215 31
116 115
164 185
208 276
71 221
150 77
298 67
153 83
181 157
227 57
316 292
266 95
285 283
141 109
131 9
145 122
142 115
37 50
5 12
151 270
93 163
208 119
41 221
148 240
227 193
315 268
95 245
181 2
100 110
324 31
283 193
143 286
46 301
47 19
125 327
323 103
248 174
82 6
167 77
131 315
218 216
258 204
120 231
16 149
79 206
329 119