34
169
0,
1,
2,
3,
4,
5,
6,
7,
8,
9,
10,
11,
12,
13,
14,
15,
16,
17,
18,
19,
20,
21,
22,
23,
24,
25,
26,
27,
28,
29,
30,
31,
32,
33
5 25
25 20
20 21
21 7
7 14
14 4
4 26
26 24
24 31
31 13
13 16
16 29
29 15
15 12
12 19
19 32
32 10
10 6
6 17
17 11
11 1
1 0
0 23
23 33
33 22
22 30
30 9
9 3
3 18
18 27
27 28
28 2
2 8
8 20
23 9
20 17
1 25
7 26
6 6
23 2
26 32
11 15
1 2
21 0
10 10
4 28
25 23
3 24
4 33
2 21
14 3
30 6
23 23
13 5
29 6
31 12
0 26
17 2
15 3
24 26
15 24
22 2
1 6
1 30
6 24
16 28
11 18
16 31
22 32
31 12
12 27
20 26
13 8
21 26
26 33
21 7
3 4
7 33
12 22
4 16
11 3
6 29
10 29
8 20
5 10
21 4
13 0
6 1
1 0
2 32
29 29
17 23
17 6
24 11
20 10
5 26
24 30
23 5
6 28
12 23
14 22
0 12
10 13
11 31
31 1
28 6
28 20
33 11
19 19
13 2
17 1
5 0
15 25
4 27
15 23
4 15
32 23
27 20
15 20
24 13
30 21
17 21
0 11
21 7
25 15
31 28
12 30
4 12
1 10
16 21
25 17
1 6
6 1
22 22
12 3
9 23
13 17
18 17
26 9
12 15
33 2
24 32
28 24
15 26
9 33
28 13
28 23
11 12
5 23
33 15
10 1
26 24
11 2
31 19
0 20
23 31
2 29
7 27
23 18
21 3
7 0
9 0
27 1
29 24
27 0
32 4
17 13
23 33
1 25