41
204
0,
1,
2,
3,
4,
5,
6,
7,
8,
9,
10,
11,
12,
13,
14,
15,
16,
17,
18,
19,
20,
21,
22,
23,
24,
25,
26,
27,
28,
29,
30,
31,
32,
33,
34,
35,
36,
37,
38,
39,
40
25 5
5 19
19 20
20 2
2 12
12 40
40 17
17 26
26 15
15 38
38 18
18 21
21 24
24 0
0 9
9 23
23 29
29 34
34 7
7 16
16 37
37 4
4 39
39 10
10 14
14 1
1 30
30 27
27 31
31 8
8 11
11 13
13 28
28 22
22 3
3 35
35 32
32 6
6 36
36 33
16 30
1 6
40 2
38 3
15 0
12 29
16 27
7 29
33 17
31 9
16 35
36 8
34 38
37 27
28 37
17 34
35 34
35 29
19 18
19 16
31 25
7 4
36 21
32 8
20 27
18 0
24 25
35 26
36 24
33 40
36 9
30 0
30 26
16 38
1 25
6 4
28 14
24 40
38 25
23 37
38 36
5 32
38 4
31 0
34 25
11 28
11 24
12 10
20 13
16 10
23 18
6 3
19 22
11 18
24 11
16 5
7 40
28 3
36 37
1 30
23 28
15 14
13 38
10 38
40 15
0 12
9 10
27 38
26 40
28 27
23 34
38 0
13 34
11 18
31 11
37 7
14 24
13 15
23 11
29 29
9 8
30 30
19 20
30 28
7 4
30 37
29 5
15 1
1 38
10 29
16 27
26 2
21 12
8 7
40 13
17 14
38 40
3 7
34 3
20 0
0 25
14 15
20 39
13 2
30 30
4 18
17 1
17 18
10 29
24 9
30 14
20 14
9 30
24 16
0 4
40 5
31 11
22 38
11 33
28 8
8 30
30 21
3 0
28 8
33 3
9 33
28 9
15 31
35 2
37 5
30 9
39 36
28 40
32 36
28 37
38 19
13 25
19 18
15 13
20 2
6 37
22 0
27 24
1 6
26 4
1 33
2 29
35 21
19 34
11 36
15 29
26 21
32 31
19 24
9 37
25 13
21 1
7 18
7 9
25 30
27 22
5 24
21 31
29 1