460
2299
0,
1,
2,
3,
4,
5,
6,
7,
8,
9,
10,
11,
12,
13,
14,
15,
16,
17,
18,
19,
20,
21,
22,
23,
24,
25,
26,
27,
28,
29,
30,
31,
32,
33,
34,
35,
36,
37,
38,
39,
40,
41,
42,
43,
44,
45,
46,
47,
48,
49,
50,
51,
52,
53,
54,
55,
56,
57,
58,
59,
60,
61,
62,
63,
64,
65,
66,
67,
68,
69,
70,
71,
72,
73,
74,
75,
76,
77,
78,
79,
80,
81,
82,
83,
84,
85,
86,
87,
88,
89,
90,
91,
92,
93,
94,
95,
96,
97,
98,
99,
100,
101,
102,
103,
104,
105,
106,
107,
108,
109,
110,
111,
112,
113,
114,
115,
116,
117,
118,
119,
120,
121,
122,
123,
124,
125,
126,
127,
128,
129,
130,
131,
132,
133,
134,
135,
136,
137,
138,
139,
140,
141,
142,
143,
144,
145,
146,
147,
148,
149,
150,
151,
152,
153,
154,
155,
156,
157,
158,
159,
160,
161,
162,
163,
164,
165,
166,
167,
168,
169,
170,
171,
172,
173,
174,
175,
176,
177,
178,
179,
180,
181,
182,
183,
184,
185,
186,
187,
188,
189,
190,
191,
192,
193,
194,
195,
196,
197,
198,
199,
200,
201,
202,
203,
204,
205,
206,
207,
208,
209,
210,
211,
212,
213,
214,
215,
216,
217,
218,
219,
220,
221,
222,
223,
224,
225,
226,
227,
228,
229,
230,
231,
232,
233,
234,
235,
236,
237,
238,
239,
240,
241,
242,
243,
244,
245,
246,
247,
248,
249,
250,
251,
252,
253,
254,
255,
256,
257,
258,
259,
260,
261,
262,
263,
264,
265,
266,
267,
268,
269,
270,
271,
272,
273,
274,
275,
276,
277,
278,
279,
280,
281,
282,
283,
284,
285,
286,
287,
288,
289,
290,
291,
292,
293,
294,
295,
296,
297,
298,
299,
300,
301,
302,
303,
304,
305,
306,
307,
308,
309,
310,
311,
312,
313,
314,
315,
316,
317,
318,
319,
320,
321,
322,
323,
324,
325,
326,
327,
328,
329,
330,
331,
332,
333,
334,
335,
336,
337,
338,
339,
340,
341,
342,
343,
344,
345,
346,
347,
348,
349,
350,
351,
352,
353,
354,
355,
356,
357,
358,
359,
360,
361,
362,
363,
364,
365,
366,
367,
368,
369,
370,
371,
372,
373,
374,
375,
376,
377,
378,
379,
380,
381,
382,
383,
384,
385,
386,
387,
388,
389,
390,
391,
392,
393,
394,
395,
396,
397,
398,
399,
400,
401,
402,
403,
404,
405,
406,
407,
408,
409,
410,
411,
412,
413,
414,
415,
416,
417,
418,
419,
420,
421,
422,
423,
424,
425,
426,
427,
428,
429,
430,
431,
432,
433,
434,
435,
436,
437,
438,
439,
440,
441,
442,
443,
444,
445,
446,
447,
448,
449,
450,
451,
452,
453,
454,
455,
456,
457,
458,
459
157 182
182 140
140 318
318 286
286 174
174 288
288 340
340 425
425 360
360 82
82 110
110 91
91 96
96 86
86 322
322 295
295 301
301 323
323 436
436 451
451 401
401 89
89 129
129 32
32 228
228 315
315 269
269 398
398 105
105 274
274 250
250 287
287 440
440 37
37 161
161 92
92 310
310 247
247 135
135 304
304 142
142 272
272 47
47 66
66 198
198 138
138 307
307 384
384 141
141 285
285 68
68 336
336 279
279 242
242 185
185 145
145 393
393 432
432 381
381 152
152 348
348 107
107 430
430 120
120 320
320 45
45 433
433 200
200 227
227 407
407 429
429 119
119 273
273 205
205 306
306 246
246 52
52 213
213 437
437 190
190 371
371 39
39 132
132 3
3 277
277 349
349 379
379 70
70 459
459 300
300 46
46 222
222 192
192 131
131 128
128 324
324 116
116 363
363 415
415 155
155 95
95 7
7 346
346 449
449 57
57 211
211 10
10 265
265 375
375 180
180 1
1 31
31 408
408 252
252 350
350 326
326 308
308 319
319 445
445 427
427 210
210 316
316 209
209 220
220 235
235 130
130 193
193 411
411 338
338 298
298 165
165 179
179 368
368 457
457 284
284 299
299 203
203 186
186 71
71 124
124 302
302 154
154 251
251 373
373 221
221 403
403 291
291 13
13 456
456 159
159 387
387 134
134 97
97 253
253 380
380 113
113 260
260 206
206 137
137 90
90 244
244 431
431 175
175 54
54 234
234 62
62 51
51 24
24 201
201 296
296 123
123 329
329 88
88 249
249 359
359 215
215 409
409 446
446 282
282 0
0 38
38 413
413 156
156 168
168 416
416 420
420 325
325 80
80 114
114 55
55 332
332 453
453 397
397 160
160 276
276 99
99 361
361 389
389 410
410 399
399 199
199 266
266 226
226 229
229 42
42 352
352 121
121 77
77 256
256 117
117 146
146 58
58 333
333 65
65 335
335 337
337 170
170 196
196 217
217 85
85 330
330 67
67 289
289 122
122 40
40 439
439 204
204 231
231 275
275 8
8 143
143 353
353 342
342 61
61 216
216 44
44 455
455 305
305 347
347 118
118 202
202 383
383 412
412 374
374 194
194 162
162 178
178 214
214 441
441 26
26 15
15 224
224 56
56 364
364 195
195 354
354 293
293 327
327 83
83 219
219 343
343 208
208 106
106 144
144 6
6 19
19 458
458 223
223 207
207 187
187 245
245 328
328 243
243 418
418 164
164 268
268 261
261 79
79 17
17 133
133 76
76 376
376 366
366 447
447 125
125 369
369 16
16 370
370 424
424 414
414 390
390 73
73 351
351 339
339 150
150 280
280 417
417 395
395 372
372 309
309 422
422 259
259 382
382 115
115 212
212 225
225 239
239 84
84 139
139 237
237 75
75 104
104 423
423 263
263 167
167 153
153 405
405 136
136 59
59 18
18 426
426 63
63 428
428 173
173 189
189 163
163 34
34 9
9 378
378 367
367 176
176 87
87 283
283 102
102 278
278 313
313 109
109 402
402 197
197 48
48 28
28 126
126 35
35 341
341 334
334 111
111 22
22 388
388 271
271 29
29 36
36 294
294 100
100 23
23 33
33 292
292 172
172 421
421 317
317 312
312 181
181 362
362 442
442 314
314 281
281 233
233 60
60 11
11 267
267 454
454 303
303 103
103 78
78 171
171 254
254 158
158 262
262 21
21 12
12 74
74 108
108 355
355 191
191 344
344 166
166 290
290 443
443 257
257 183
183 396
396 43
43 30
30 406
406 232
232 258
258 400
400 358
358 50
50 98
98 4
4 93
93 394
394 240
240 230
230 69
69 151
151 127
127 25
25 297
297 270
270 149
149 331
331 392
392 81
81 5
5 188
188 377
377 236
236 255
255 238
238 169
169 404
404 49
49 241
241 264
264 391
391 112
112 386
386 311
311 356
356 444
444 385
385 452
452 2
2 438
438 357
357 450
450 72
72 184
184 434
434 321
321 177
177 41
41 94
94 419
419 148
148 53
53 101
101 27
27 218
218 345
345 64
64 435
435 365
365 248
248 14
14 147
147 20
20 448
130 194
359 355
89 148
5 14
12 25
121 301
43 248
400 88
105 156
312 267
435 387
412 397
282 55
86 409
232 368
256 269
28 426
442 458
6 85
155 12
50 148
449 194
185 396
374 55
255 22
220 279
113 356
263 96
284 124
153 4
380 122
362 144
154 185
136 129
196 362
118 299
121 354
349 417
342 345
88 299
374 94
167 5
264 189
397 399
35 5
330 161
142 459
311 298
122 176
409 298
421 288
251 135
260 420
226 195
446 328
114 57
296 248
197 250
56 94
73 154
152 300
413 232
200 349
307 396
59 374
373 36
398 315
329 42
245 151
346 177
156 361
23 244
440 17
40 8
295 2
348 373
322 265
143 110
73 302
159 87
139 71
360 39
187 281
18 113
128 35
272 226
32 203
198 88
51 449
421 164
167 265
442 203
0 312
303 423
24 3
393 181
248 332
185 370
356 184
36 420
386 17
145 119
190 52
433 162
366 311
209 130
211 311
361 303
70 109
452 103
132 73
48 199
165 44
228 297
12 308
58 279
219 267
440 43
432 263
153 85
430 449
240 101
166 337
410 128
333 405
39 44
229 427
294 150
285 24
61 25
195 0
95 83
259 446
431 335
213 407
362 154
223 426
336 123
105 224
309 408
192 247
347 35
429 101
334 209
408 27
422 142
312 386
280 178
328 440
28 307
212 28
134 314
433 42
305 265
9 131
131 276
196 406
265 123
149 172
104 309
4 8
108 28
133 252
215 419
195 269
60 226
55 125
318 179
177 384
215 5
3 219
117 308
444 187
72 120
243 349
2 267
50 145
244 363
277 329
136 138
438 334
39 356
279 206
291 288
224 295
44 176
294 319
197 347
355 219
97 137
117 57
187 311
95 81
254 103
303 412
160 230
303 116
395 83
361 40
102 423
262 299
264 29
384 433
92 293
160 373
422 176
388 364
357 417
36 403
365 68
146 296
52 456
231 157
373 224
295 234
231 379
110 371
274 31
257 100
416 439
228 8
279 154
150 231
255 33
107 40
35 202
56 245
321 251
355 49
446 456
103 191
262 173
345 258
163 35
226 168
28 132
158 17
299 172
453 15
409 201
316 173
215 401
66 19
182 101
410 409
283 401
425 427
394 219
456 350
42 232
10 11
98 409
95 393
340 186
159 59
401 241
59 55
132 248
380 118
34 56
434 93
391 7
174 367
210 192
401 409
330 125
441 92
382 131
337 150
455 237
144 247
360 51
205 96
410 52
11 327
134 108
57 6
241 231
371 139
285 237
13 57
179 183
28 141
430 54
447 429
164 360
153 64
158 434
215 157
153 391
371 134
404 303
276 64
217 108
153 177
214 266
106 275
444 152
453 209
292 274
160 55
165 6
74 252
407 70
277 372
373 106
303 433
459 365
113 50
145 194
206 440
70 446
428 59
360 269
19 287
53 364
371 275
438 248
230 169
74 121
83 382
381 451
278 335
10 352
365 48
55 289
168 147
56 112
412 357
36 210
399 298
101 366
149 312
283 182
302 133
415 120
147 109
449 374
290 428
396 262
143 403
119 110
219 189
329 272
183 273
426 129
233 223
402 52
67 238
305 175
383 128
413 332
104 311
70 223
41 89
171 267
317 237
433 254
151 75
448 457
158 434
314 406
142 411
129 97
144 337
256 7
65 155
141 356
301 170
244 451
59 314
390 339
124 1
140 167
190 321
386 130
175 119
264 305
312 430
268 156
427 142
288 297
378 410
32 166
271 121
316 162
41 192
255 256
113 106
92 66
87 449
314 185
210 260
373 3
253 66
81 370
458 45
343 121
44 401
14 149
365 265
100 287
175 173
254 172
26 230
192 252
5 126
205 425
35 110
181 348
137 42
418 350
365 154
1 119
60 283
57 225
176 35
219 116
151 434
279 208
445 48
290 236
118 330
403 63
146 33
262 262
24 313
126 113
345 451
339 280
432 329
416 287
203 442
122 400
75 223
15 39
166 13
295 150
174 352
191 32
149 262
425 125
330 96
3 326
331 341
236 13
37 98
403 38
207 203
18 213
398 170
204 49
196 375
429 274
352 188
445 233
284 381
303 389
137 209
448 437
14 401
303 423
355 397
295 170
49 147
144 129
441 431
68 436
118 442
296 398
152 194
380 166
412 399
295 106
418 262
457 27
400 432
324 408
427 296
102 403
25 330
28 230
342 170
413 126
152 74
181 296
335 159
433 88
305 120
55 84
398 116
139 247
80 119
413 34
10 171
199 356
50 344
118 344
183 4
257 435
323 186
92 239
332 301
326 155
185 231
372 329
367 17
22 95
58 325
7 327
304 398
295 305
77 338
120 424
383 418
442 406
96 218
125 443
365 79
201 231
194 431
206 75
183 180
199 200
456 253
42 89
249 206
362 81
125 22
44 416
338 294
301 27
75 414
19 449
10 342
389 239
329 45
153 416
98 213
151 440
383 338
392 184
180 344
439 376
434 111
146 438
134 282
328 82
286 458
185 269
28 383
383 364
359 252
351 47
361 452
176 261
148 419
208 79
50 27
211 368
320 232
149 457
64 246
389 269
136 230
157 441
319 415
360 12
239 136
72 338
336 429
189 335
44 289
409 395
341 221
398 388
306 280
369 343
273 172
32 290
369 55
278 342
254 380
440 54
435 272
409 219
262 103
319 362
285 334
113 186
87 316
379 204
377 439
265 51
436 36
281 89
224 368
167 171
419 429
48 192
102 379
22 424
219 34
246 136
361 236
70 199
84 403
366 12
9 181
399 423
278 39
446 253
15 224
270 443
168 242
321 256
430 397
276 193
176 453
190 422
79 141
118 333
416 165
278 109
390 165
310 149
234 58
283 244
117 335
323 458
383 183
22 189
346 125
279 283
97 455
2 229
341 418
403 378
118 263
306 159
334 274
196 133
455 205
337 419
159 87
318 7
49 113
399 335
173 43
351 272
252 269
13 396
217 200
205 446
34 195
165 51
145 366
338 337
439 353
428 336
177 117
231 224
42 33
291 6
219 80
381 226
49 36
331 22
423 329
369 91
77 8
41 69
444 407
289 220
177 361
157 17
375 196
122 103
233 333
91 118
419 250
212 124
215 265
260 30
414 102
338 149
438 307
361 12
30 51
88 104
340 346
3 328
305 159
224 178
248 20
286 265
127 394
364 189
421 233
200 237
248 359
204 354
374 194
202 385
353 222
87 242
169 377
12 114
123 453
231 358
423 386
277 122
273 87
100 348
198 393
296 118
40 293
388 337
365 433
218 17
130 143
456 327
27 404
89 188
74 25
295 250
443 35
313 270
228 287
149 187
89 69
293 371
18 294
297 419
98 170
163 437
261 455
296 319
322 36
154 11
459 7
313 388
324 309
362 360
158 126
451 54
17 80
406 262
158 342
348 185
220 339
308 91
253 423
21 372
10 160
290 294
83 165
275 332
43 81
268 428
55 361
453 266
326 212
34 263
385 357
123 36
252 220
306 219
104 102
217 123
372 355
9 285
172 244
382 35
288 273
136 105
32 420
99 36
133 123
350 173
94 337
5 338
101 105
259 417
386 189
18 335
10 298
23 96
312 83
155 6
443 268
51 311
228 279
394 416
98 279
120 61
270 318
78 26
334 58
122 337
337 72
266 366
264 101
456 451
280 133
331 289
26 320
359 203
4 88
62 38
45 319
294 313
381 58
58 142
407 288
198 100
402 100
262 286
101 108
122 366
380 379
56 426
249 342
367 225
446 391
150 411
215 266
273 456
292 377
33 254
279 20
441 29
179 395
267 379
226 95
409 276
60 116
367 44
76 81
192 362
311 74
48 159
371 236
72 134
413 173
83 439
170 368
419 436
88 451
13 212
6 374
176 373
411 182
66 186
425 130
158 400
133 108
19 136
23 362
289 209
317 335
436 116
123 420
242 456
70 399
225 369
397 397
323 115
437 180
81 118
327 337
217 227
432 236
110 395
174 348
448 286
36 68
113 280
281 304
392 334
172 112
377 312
21 146
135 349
330 118
271 82
316 286
14 320
403 57
401 293
72 160
400 289
275 332
234 448
381 330
17 335
415 457
34 89
451 315
422 270
65 155
35 185
363 4
450 368
416 144
212 115
347 30
453 206
388 304
12 224
442 58
255 58
137 100
66 200
140 313
424 104
30 7
185 355
396 238
358 236
420 109
374 313
301 424
368 57
306 158
290 223
234 321
338 329
153 163
369 193
138 145
358 233
201 427
448 156
247 273
255 30
279 236
212 28
137 159
183 278
352 37
153 48
378 413
184 330
144 192
223 19
57 155
354 439
400 281
420 268
63 213
151 363
328 287
238 253
109 122
15 134
428 203
78 138
210 340
230 446
258 267
153 81
315 284
366 298
224 205
150 18
146 325
35 326
370 456
253 369
75 101
123 231
109 1
241 285
67 126
203 347
247 314
449 59
122 420
339 85
362 1
45 380
132 27
286 189
306 348
405 227
150 144
250 35
188 174
109 376
223 165
135 206
172 392
66 439
424 180
377 101
23 383
330 274
36 158
85 316
83 215
115 67
146 33
150 55
417 50
410 421
347 27
285 55
29 204
35 446
299 416
220 229
169 197
170 261
13 34
212 242
148 456
407 300
296 269
424 355
342 448
116 170
228 354
160 34
174 258
330 233
228 133
177 353
371 224
154 53
110 94
160 15
255 11
13 300
440 327
64 289
184 83
414 119
175 304
355 349
76 318
121 37
309 144
123 357
359 355
455 213
239 106
291 310
161 202
182 403
446 344
121 195
193 101
352 372
130 233
83 354
365 204
405 172
292 237
5 308
160 64
364 444
171 305
41 263
41 375
144 310
412 285
186 455
398 145
380 15
286 107
25 315
177 13
368 24
7 298
420 95
202 298
202 103
388 14
98 83
89 50
137 152
241 387
396 369
58 396
141 343
119 86
177 80
12 156
142 181
443 165
23 284
102 413
435 272
371 202
401 217
98 40
107 307
68 194
3 259
242 431
327 225
355 40
63 321
342 8
305 208
209 281
2 237
323 125
61 165
221 230
193 100
199 47
373 241
257 409
277 443
356 219
285 440
189 161
103 293
370 111
405 333
239 238
2 1
174 313
330 420
199 113
293 315
195 165
113 20
382 345
141 241
291 91
249 97
421 445
382 418
304 10
85 169
23 347
333 418
344 113
242 147
87 422
226 109
450 242
174 250
176 423
444 386
112 117
38 451
345 114
230 326
1 285
327 409
366 230
261 271
398 447
382 170
152 292
46 147
239 176
417 456
258 284
426 217
435 279
203 437
202 404
6 456
303 294
25 11
331 149
356 127
202 199
128 430
21 24
385 38
416 411
395 21
200 105
157 347
374 142
457 233
456 227
169 4
365 119
318 408
186 34
7 172
339 189
312 373
172 404
342 420
428 66
421 110
1 437
75 125
156 136
373 414
30 31
15 386
186 21
268 168
243 160
212 171
284 165
100 150
348 288
318 67
240 102
424 282
282 53
47 166
427 279
394 224
205 341
165 9
245 407
354 230
328 50
393 197
225 372
268 365
445 112
65 48
122 154
405 173
298 122
416 152
101 100
243 376
354 306
105 111
273 193
98 370
434 150
224 122
178 105
41 303
254 115
434 84
105 323
7 152
4 340
110 408
409 426
0 247
185 170
133 329
423 65
416 354
338 70
435 372
376 456
46 303
63 452
97 117
361 421
233 196
314 213
172 263
160 169
259 355
430 322
164 0
248 18
106 30
365 361
111 205
48 437
14 452
409 318
48 362
203 62
3 283
381 270
203 341
417 459
65 367
2 221
78 174
64 71
309 246
258 335
392 138
339 217
64 54
192 254
228 84
405 326
173 318
313 399
259 458
336 302
36 294
305 101
427 202
63 58
290 371
34 255
70 19
338 78
299 7
147 277
13 261
391 325
350 269
403 153
398 101
51 44
148 144
344 115
375 265
251 149
298 258
40 92
152 387
290 446
246 425
174 251
305 360
16 24
323 49
31 241
365 49
214 367
210 24
93 436
19 237
81 147
186 273
413 167
458 99
328 64
413 179
19 126
300 418
303 398
139 417
127 413
108 433
354 59
408 81
183 36
407 235
29 65
344 207
252 37
296 32
358 413
200 320
189 284
287 282
363 177
77 77
392 39
420 292
435 18
5 138
30 344
206 112
420 71
85 126
124 410
447 305
161 418
27 178
77 9
367 44
97 65
395 396
85 435
284 239
237 329
31 175
432 439
231 351
44 99
337 352
293 348
365 103
50 266
127 15
78 321
19 206
36 143
76 395
279 174
149 248
89 169
342 140
323 434
441 25
215 111
335 438
296 202
203 176
66 291
395 40
156 435
288 441
234 119
369 337
417 214
313 434
331 134
338 297
424 110
35 422
248 332
31 365
358 295
310 202
354 211
290 262
235 9
0 391
285 73
184 411
106 388
30 100
457 113
432 273
44 97
239 340
85 350
441 169
170 179
305 336
23 243
257 132
47 385
447 399
410 299
108 407
67 147
84 288
450 137
299 299
210 8
150 40
434 400
223 220
190 449
405 227
433 350
189 118
351 318
9 144
445 347
110 202
437 88
153 222
16 178
57 457
385 134
16 318
109 98
444 315
204 347
236 353
247 296
418 419
156 226
28 378
382 198
292 307
416 131
290 448
208 167
114 153
439 297
409 325
349 364
308 290
56 293
259 17
432 373
216 359
459 72
329 362
181 236
83 30
373 193
328 356
181 195
7 199
140 265
245 1
208 133
255 108
426 134
329 424
385 399
354 239
96 451
132 102
388 387
356 159
254 252
114 12
224 240
175 409
26 415
443 86
305 449
314 444
109 235
90 182
350 270
430 228
443 412
132 413
239 356
282 180
293 146
172 432
212 103
424 104
366 270
40 318
219 272
290 280
37 95
375 224
308 147
34 117
432 402
406 232
202 101
164 290
438 417
353 391
255 126
223 327
39 59
91 67
261 109
207 110
234 366
440 19
299 239
39 387
158 90
196 73
36 366
165 327
325 164
238 181
28 51
84 375
241 209
377 425
163 164
113 273
447 74
327 58
277 430
91 6
407 303
333 241
406 52
246 372
65 59
297 65
402 370
443 447
304 168
364 142
417 214
188 367
19 150
43 167
275 407
58 234
80 238
241 37
241 321
143 50
339 283
42 293
429 94
320 13
133 154
345 126
298 428
47 458
17 396
188 206
265 44
381 425
94 46
450 314
27 194
251 68
166 65
361 183
203 241
350 61
44 58
210 202
67 454
458 156
115 6
433 215
189 376
326 278
338 66
108 238
77 106
375 423
329 124
283 428
341 46
210 434
2 236
140 335
90 163
53 354
4 145
332 61
283 142
169 420
427 413
155 166
170 212
450 396
263 167
324 175
47 355
36 291
8 217
141 155
21 219
192 404
105 404
452 85
174 251
180 141
310 335
252 108
159 283
447 336
348 152
115 254
423 127
310 203
57 423
390 428
5 72
384 362
363 198
162 203
216 104
14 215
198 218
153 182
231 279
114 13
53 458
149 44
171 280
89 375
77 342
378 160
9 220
275 145
408 333
49 156
240 112
103 239
38 257
128 194
34 16
272 440
165 306
60 154
252 42
18 243
54 425
258 100
156 240
238 258
425 385
328 207
84 441
411 454
153 124
213 237
390 308
262 18
457 82
396 432
262 199
252 350
356 364
187 11
164 286
65 34
391 399
40 84
423 357
405 217
257 276
449 189
125 122
92 30
69 239
430 373
454 275
297 431
219 52
320 307
75 69
374 238
42 381
304 263
0 279
241 291
179 132
50 432
339 142
103 207
373 230
100 244
121 154
242 265
455 247
143 235
452 211
26 397
11 36
165 121
135 375
113 19
29 95
69 53
201 112
168 268
47 64
361 139
24 420
320 293
68 450
109 236
450 372
323 261
353 369
336 336
309 398
9 327
319 293
131 160
264 146
23 439
141 192
71 206
20 13
298 171
228 411
396 301
193 20
131 325
122 269
79 310
195 81
457 220
452 172
314 171
454 108
283 283
356 381
31 425
204 323
65 255
244 391
164 164
164 105
318 401
299 170
180 205
112 226
395 159
322 193
250 231
447 400
62 93
129 157
69 64
385 404
393 376
355 217
357 13
130 196
128 222
328 327
63 105
456 263
382 6
126 349
124 25
266 317
147 274
220 217
1 180
162 357
176 364
317 92
452 137
273 335
303 389
398 395
323 363
22 249
218 62
418 155
88 155
50 136
89 367
309 185
50 442
284 372
167 419
32 34
5 58
96 411
431 7
133 146
111 434
119 246
421 42
343 162
405 164
170 62
399 435
438 227
175 427
330 111
34 95
217 232
342 211