510
2549
0,
1,
2,
3,
4,
5,
6,
7,
8,
9,
10,
11,
12,
13,
14,
15,
16,
17,
18,
19,
20,
21,
22,
23,
24,
25,
26,
27,
28,
29,
30,
31,
32,
33,
34,
35,
36,
37,
38,
39,
40,
41,
42,
43,
44,
45,
46,
47,
48,
49,
50,
51,
52,
53,
54,
55,
56,
57,
58,
59,
60,
61,
62,
63,
64,
65,
66,
67,
68,
69,
70,
71,
72,
73,
74,
75,
76,
77,
78,
79,
80,
81,
82,
83,
84,
85,
86,
87,
88,
89,
90,
91,
92,
93,
94,
95,
96,
97,
98,
99,
100,
101,
102,
103,
104,
105,
106,
107,
108,
109,
110,
111,
112,
113,
114,
115,
116,
117,
118,
119,
120,
121,
122,
123,
124,
125,
126,
127,
128,
129,
130,
131,
132,
133,
134,
135,
136,
137,
138,
139,
140,
141,
142,
143,
144,
145,
146,
147,
148,
149,
150,
151,
152,
153,
154,
155,
156,
157,
158,
159,
160,
161,
162,
163,
164,
165,
166,
167,
168,
169,
170,
171,
172,
173,
174,
175,
176,
177,
178,
179,
180,
181,
182,
183,
184,
185,
186,
187,
188,
189,
190,
191,
192,
193,
194,
195,
196,
197,
198,
199,
200,
201,
202,
203,
204,
205,
206,
207,
208,
209,
210,
211,
212,
213,
214,
215,
216,
217,
218,
219,
220,
221,
222,
223,
224,
225,
226,
227,
228,
229,
230,
231,
232,
233,
234,
235,
236,
237,
238,
239,
240,
241,
242,
243,
244,
245,
246,
247,
248,
249,
250,
251,
252,
253,
254,
255,
256,
257,
258,
259,
260,
261,
262,
263,
264,
265,
266,
267,
268,
269,
270,
271,
272,
273,
274,
275,
276,
277,
278,
279,
280,
281,
282,
283,
284,
285,
286,
287,
288,
289,
290,
291,
292,
293,
294,
295,
296,
297,
298,
299,
300,
301,
302,
303,
304,
305,
306,
307,
308,
309,
310,
311,
312,
313,
314,
315,
316,
317,
318,
319,
320,
321,
322,
323,
324,
325,
326,
327,
328,
329,
330,
331,
332,
333,
334,
335,
336,
337,
338,
339,
340,
341,
342,
343,
344,
345,
346,
347,
348,
349,
350,
351,
352,
353,
354,
355,
356,
357,
358,
359,
360,
361,
362,
363,
364,
365,
366,
367,
368,
369,
370,
371,
372,
373,
374,
375,
376,
377,
378,
379,
380,
381,
382,
383,
384,
385,
386,
387,
388,
389,
390,
391,
392,
393,
394,
395,
396,
397,
398,
399,
400,
401,
402,
403,
404,
405,
406,
407,
408,
409,
410,
411,
412,
413,
414,
415,
416,
417,
418,
419,
420,
421,
422,
423,
424,
425,
426,
427,
428,
429,
430,
431,
432,
433,
434,
435,
436,
437,
438,
439,
440,
441,
442,
443,
444,
445,
446,
447,
448,
449,
450,
451,
452,
453,
454,
455,
456,
457,
458,
459,
460,
461,
462,
463,
464,
465,
466,
467,
468,
469,
470,
471,
472,
473,
474,
475,
476,
477,
478,
479,
480,
481,
482,
483,
484,
485,
486,
487,
488,
489,
490,
491,
492,
493,
494,
495,
496,
497,
498,
499,
500,
501,
502,
503,
504,
505,
506,
507,
508,
509
271 199
199 474
474 233
233 281
281 350
350 394
394 385
385 67
67 424
424 337
337 425
425 496
496 492
492 36
36 6
6 255
255 311
311 39
39 78
78 278
278 120
120 187
187 237
237 22
22 61
61 65
65 18
18 460
460 107
107 126
126 393
393 211
211 96
96 458
458 142
142 37
37 477
477 192
192 148
148 189
189 132
132 64
64 174
174 389
389 357
357 245
245 28
28 415
415 465
465 159
159 227
227 180
180 504
504 217
217 336
336 115
115 408
408 418
418 9
9 124
124 445
445 332
332 71
71 310
310 302
302 125
125 508
508 406
406 90
90 501
501 190
190 507
507 295
295 260
260 144
144 306
306 181
181 343
343 330
330 294
294 140
140 288
288 15
15 135
135 40
40 147
147 225
225 20
20 166
166 437
437 178
178 44
44 197
197 292
292 205
205 11
11 354
354 259
259 240
240 83
83 305
305 314
314 475
475 276
276 499
499 251
251 218
218 434
434 113
113 280
280 213
213 257
257 420
420 414
414 258
258 185
185 277
277 374
374 506
506 30
30 198
198 75
75 313
313 118
118 31
31 467
467 416
416 315
315 269
269 395
395 208
208 219
219 488
488 231
231 130
130 63
63 371
371 484
484 55
55 464
464 7
7 462
462 403
403 275
275 444
444 348
348 152
152 427
427 220
220 12
12 215
215 373
373 94
94 26
26 353
353 254
254 103
103 344
344 74
74 239
239 273
273 34
34 455
455 203
203 209
209 312
312 87
87 400
400 38
38 388
388 481
481 397
397 495
495 376
376 366
366 369
369 502
502 261
261 265
265 387
387 137
137 186
186 347
347 286
286 101
101 76
76 173
173 339
339 151
151 316
316 85
85 303
303 297
297 469
469 326
326 212
212 207
207 66
66 117
117 270
270 364
364 473
473 341
341 136
136 133
133 293
293 370
370 296
296 17
17 461
461 323
323 290
290 82
82 27
27 256
256 421
421 210
210 340
340 242
242 440
440 422
422 150
150 234
234 155
155 105
105 476
476 299
299 413
413 247
247 221
221 417
417 62
62 454
454 123
123 73
73 154
154 355
355 175
175 168
168 308
308 410
410 268
268 404
404 42
42 402
402 95
95 289
289 196
196 459
459 361
361 386
386 367
367 86
86 428
428 232
232 68
68 160
160 216
216 161
161 23
23 320
320 24
24 153
153 200
200 398
398 342
342 411
411 381
381 331
331 119
119 224
224 156
156 60
60 435
435 436
436 338
338 143
143 494
494 300
300 195
195 284
284 8
8 183
183 236
236 285
285 325
325 442
442 456
456 483
483 466
466 21
21 43
43 172
172 391
391 382
382 145
145 53
53 111
111 485
485 141
141 287
287 478
478 191
191 13
13 451
451 505
505 127
127 92
92 307
307 480
480 100
100 223
223 360
360 351
351 97
97 379
379 321
321 322
322 346
346 114
114 146
146 46
46 274
274 433
433 163
163 453
453 241
241 463
463 282
282 390
390 182
182 50
50 328
328 283
283 250
250 157
157 206
206 19
19 497
497 375
375 301
301 99
99 262
262 102
102 128
128 5
5 419
419 304
304 214
214 25
25 448
448 412
412 193
193 446
446 188
188 252
252 279
279 405
405 319
319 177
177 443
443 334
334 179
179 2
2 246
246 349
349 392
392 493
493 194
194 362
362 248
248 45
45 470
470 129
129 352
352 176
176 472
472 399
399 450
450 222
222 368
368 432
432 49
49 93
93 165
165 57
57 204
204 134
134 52
52 16
16 429
429 41
41 167
167 345
345 377
377 80
80 291
291 318
318 423
423 447
447 327
327 170
170 77
77 498
498 149
149 452
452 1
1 0
0 228
228 489
489 104
104 89
89 98
98 110
110 407
407 121
121 58
58 383
383 272
272 253
253 372
372 266
266 91
91 116
116 335
335 69
69 441
441 33
33 438
438 229
229 158
158 238
238 48
48 169
169 70
70 122
122 380
380 491
491 47
47 401
401 365
365 138
138 10
10 309
309 449
449 51
51 267
267 358
358 482
482 356
356 317
317 298
298 109
109 244
244 439
439 88
88 201
201 56
56 184
184 171
171 112
112 263
263 468
468 378
378 226
226 32
32 359
359 164
164 249
249 202
202 457
457 162
162 131
131 503
503 430
430 471
471 243
243 329
329 264
264 490
490 106
106 384
384 363
363 72
72 59
59 431
431 500
500 230
230 409
409 486
486 139
139 35
35 108
108 509
509 333
333 235
235 79
79 84
84 29
29 479
479 396
396 426
426 81
81 14
14 487
487 3
3 54
54 4
4 324
276 200
76 498
9 476
25 439
498 44
80 425
279 363
342 424
131 150
132 259
267 464
176 488
504 223
272 187
284 45
398 419
19 69
219 413
444 490
332 507
204 266
110 64
139 158
93 225
395 106
260 192
389 77
273 466
292 402
24 329
116 380
501 330
463 192
353 459
340 227
371 396
403 229
285 430
181 480
56 26
307 408
126 9
334 308
476 189
5 134
493 435
69 112
262 445
187 185
487 435
322 50
365 285
160 270
328 292
45 182
146 213
213 436
23 248
294 427
409 142
159 109
140 403
7 132
426 111
156 303
369 361
386 357
479 271
472 476
319 51
209 240
231 84
304 492
43 147
445 67
327 441
252 51
358 437
253 491
12 143
428 486
358 251
369 327
184 441
475 302
190 346
49 366
195 65
470 369
432 223
285 162
405 493
216 309
234 200
279 495
360 137
206 394
400 251
430 291
324 430
358 388
72 280
178 487
490 415
475 398
106 316
480 201
443 439
137 474
138 149
321 345
306 413
361 90
81 425
360 179
247 481
205 371
32 367
254 105
204 201
180 147
5 148
243 332
31 267
125 297
37 48
475 387
182 157
461 346
120 94
172 51
221 16
111 45
221 439
350 88
74 77
38 110
368 203
315 142
244 22
353 508
503 186
76 407
266 441
331 18
140 264
207 264
41 409
232 330
41 189
327 119
313 227
419 78
238 214
461 306
313 317
424 280
406 18
313 166
77 281
39 397
245 312
428 37
24 311
197 241
306 42
150 120
38 140
50 360
201 472
110 114
184 146
284 392
365 386
268 133
367 150
33 178
473 421
488 469
253 223
137 503
477 333
481 233
81 338
139 201
69 194
390 224
199 91
354 44
85 422
45 454
44 29
398 460
200 356
22 190
501 175
72 500
191 496
4 165
302 508
208 37
158 310
467 328
507 45
142 482
19 289
2 23
143 18
417 428
359 170
436 142
395 147
245 184
364 370
346 299
324 104
267 348
163 33
265 44
117 289
110 353
342 97
4 9
145 312
400 268
254 356
185 398
155 4
34 372
343 241
109 331
405 272
162 399
213 167
438 193
299 39
131 414
262 62
250 271
297 120
425 57
245 275
487 444
190 485
17 134
449 399
56 98
388 154
465 223
469 482
298 456
22 283
68 496
199 453
348 466
435 327
378 372
486 14
448 183
277 78
2 350
345 452
437 414
217 251
113 439
396 379
43 118
13 143
207 315
451 142
31 8
470 99
472 330
384 414
310 285
414 58
167 170
231 202
407 466
389 451
228 454
420 289
301 14
221 156
292 448
189 281
464 410
338 176
214 244
275 306
415 257
195 115
328 424
290 393
312 182
81 474
380 91
2 112
76 302
206 251
78 420
63 375
150 353
48 94
382 108
210 361
167 347
288 74
67 73
92 259
424 31
170 93
17 374
203 150
260 422
504 346
275 340
317 290
207 506
30 255
370 330
216 443
67 260
136 454
385 50
318 152
261 2
222 182
42 334
27 472
442 422
319 135
37 333
426 242
455 282
200 27
109 429
152 24
101 459
477 443
80 68
145 184
40 429
259 449
469 70
356 87
478 372
58 422
305 50
354 174
150 297
0 409
53 283
443 287
229 329
30 466
393 321
91 94
236 494
259 95
240 182
121 202
126 479
488 37
430 474
152 135
429 419
100 324
364 33
59 415
15 231
489 478
353 217
470 292
275 282
427 368
286 96
402 232
343 168
291 214
292 169
170 260
170 139
308 40
270 250
306 29
109 445
47 496
467 106
412 166
383 506
142 12
509 280
412 156
323 227
239 36
428 295
273 457
161 143
30 467
165 132
40 235
188 177
303 148
213 191
386 19
443 174
360 154
19 329
380 204
486 3
252 7
294 433
350 328
55 292
507 371
263 86
283 458
402 425
257 473
355 426
376 156
498 236
335 33
153 191
70 147
131 471
400 300
463 372
240 331
445 105
46 35
228 187
365 438
130 166
248 254
106 500
468 219
339 115
338 484
319 28
229 197
212 243
479 413
69 162
246 261
279 493
7 183
105 291
149 439
110 442
482 80
157 497
240 123
298 215
349 247
298 130
101 430
149 163
312 490
500 50
90 85
337 342
301 307
394 244
247 172
278 278
386 46
170 410
459 181
148 155
379 154
115 321
502 385
332 197
112 419
186 307
18 76
223 288
318 291
123 77
69 421
132 114
82 384
480 181
127 87
332 328
469 397
93 465
212 504
367 472
244 191
481 50
473 348
176 307
139 395
440 427
148 166
265 151
29 79
38 135
199 221
177 322
2 278
410 393
446 397
118 434
459 214
236 177
143 412
444 210
115 349
453 411
173 342
440 94
490 357
36 32
508 45
289 111
215 344
208 263
173 104
105 364
121 119
492 271
184 463
458 437
19 478
197 167
452 217
331 227
479 48
402 200
349 197
61 453
432 362
178 478
272 447
210 439
151 369
420 137
426 72
139 199
58 129
476 249
360 134
252 171
57 10
312 336
191 370
1 74
411 45
83 427
2 70
193 310
377 348
492 314
333 137
490 42
407 104
115 152
74 186
506 402
313 490
500 183
63 328
252 230
352 34
369 399
266 407
154 84
342 381
29 179
135 273
255 143
0 177
270 399
60 401
140 168
65 360
426 1
384 468
332 48
114 133
193 221
264 219
429 246
450 264
395 314
207 360
469 410
186 493
213 352
164 260
411 466
383 104
71 318
304 32
55 243
20 386
404 203
469 369
67 230
257 8
493 211
263 152
487 28
266 290
163 467
382 116
508 58
378 370
160 180
151 364
78 383
276 306
280 281
230 160
58 471
226 246
342 173
355 256
406 383
188 366
382 324
346 60
465 337
132 20
437 172
362 198
177 58
36 134
437 85
144 170
193 463
349 23
137 382
491 75
326 374
22 224
46 472
322 362
400 402
192 391
508 2
1 50
180 337
373 392
138 49
405 349
107 417
204 112
503 410
444 120
175 491
162 277
16 152
22 232
322 111
280 10
196 378
178 346
86 123
211 95
130 425
43 168
325 98
439 21
114 281
49 443
397 299
2 483
198 256
270 336
395 5
504 38
443 151
303 405
229 175
457 175
17 474
259 139
388 229
233 463
75 167
376 125
326 117
206 412
503 188
174 100
412 350
496 39
288 375
137 491
243 436
278 205
403 92
156 55
11 149
398 445
83 364
448 55
164 134
259 324
17 255
494 341
147 91
491 477
403 380
228 407
230 507
282 229
307 41
177 482
450 44
165 491
30 322
477 166
509 372
169 280
242 467
13 321
342 94
239 1
397 83
115 279
496 110
435 164
75 429
275 404
148 364
152 403
437 273
409 149
196 181
167 303
8 108
139 184
497 190
179 142
101 68
207 333
432 96
414 410
108 326
471 447
226 420
136 483
201 132
359 105
412 157
226 93
452 37
284 287
396 122
56 302
403 171
111 313
451 375
362 322
438 249
105 10
59 93
276 414
114 354
136 202
371 423
372 162
307 371
275 496
314 31
230 294
508 412
155 452
332 210
324 116
161 94
349 107
24 405
114 252
306 317
181 77
22 223
204 300
87 193
458 208
411 25
398 203
485 384
223 157
214 422
150 335
218 464
123 83
95 432
126 425
334 402
71 263
3 279
147 11
295 154
61 35
464 331
316 454
420 364
253 144
65 449
279 308
209 357
295 326
298 375
125 264
30 408
389 331
436 254
471 81
179 139
459 299
130 175
408 9
508 200
257 4
169 73
85 225
59 148
322 506
209 149
202 443
352 220
55 140
320 387
88 353
150 458
477 446
192 290
450 229
319 385
113 37
125 301
459 128
107 441
247 103
354 193
98 63
74 455
140 49
131 58
144 55
26 288
124 46
462 234
380 225
229 505
67 241
452 28
148 222
213 404
213 357
8 179
408 93
183 422
272 238
68 38
502 275
186 413
2 427
385 116
335 480
70 163
330 420
440 246
320 359
91 413
446 359
11 458
372 82
438 6
386 486
5 19
195 299
321 146
404 413
337 475
159 69
29 16
208 132
198 430
280 347
6 22
373 327
359 48
147 345
495 479
460 64
340 399
458 76
399 352
418 230
140 221
245 83
17 40
71 168
163 88
107 404
114 456
389 160
215 376
321 298
10 129
51 141
7 292
354 138
69 396
204 166
216 247
32 57
7 301
317 305
259 106
301 87
481 227
428 209
389 481
191 179
299 48
220 214
397 207
359 118
51 82
97 161
385 332
328 174
2 501
42 393
137 485
30 271
102 403
210 306
187 380
178 10
498 35
45 136
98 136
6 148
434 374
419 372
96 468
494 464
319 268
311 297
315 267
313 165
378 85
410 23
226 250
251 13
351 353
230 403
171 113
201 36
81 111
144 128
490 194
109 495
148 122
144 114
196 258
305 38
136 440
225 386
369 99
237 322
9 110
200 21
16 126
294 148
64 409
368 153
35 126
345 317
195 431
120 419
147 485
332 184
407 418
443 473
499 277
78 30
235 344
502 475
310 216
459 3
60 243
109 505
270 401
327 393
500 391
299 466
346 100
345 168
294 399
399 285
482 311
484 142
339 93
508 138
469 0
49 121
66 453
266 107
493 221
330 169
225 0
345 333
121 353
419 97
413 138
91 80
285 30
3 195
369 244
7 353
137 181
426 419
146 94
478 100
447 311
236 57
287 210
15 139
462 166
229 63
415 270
501 465
76 68
450 60
353 277
137 50
13 501
460 16
352 386
62 293
323 500
505 484
408 314
163 294
125 459
249 249
104 17
318 107
310 344
362 154
494 407
193 19
245 456
505 415
301 65
477 319
249 489
116 193
276 503
25 287
193 480
63 323
204 31
331 354
405 230
3 382
361 290
12 448
22 41
107 191
118 448
446 108
247 491
361 372
107 288
498 252
29 331
190 128
304 144
494 444
354 257
137 411
474 459
260 137
124 375
117 51
42 231
286 158
370 121
199 506
507 70
116 60
351 381
285 37
212 160
91 439
26 217
275 18
109 218
101 384
245 68
5 29
377 372
276 355
394 293
298 281
480 391
310 191
146 284
8 392
388 470
398 29
94 56
30 331
297 351
258 282
461 443
306 363
325 2
219 493
139 194
239 62
276 467
8 443
266 247
353 308
53 26
205 287
197 294
14 94
216 66
22 253
223 119
456 180
62 434
192 80
287 204
241 19
318 309
371 376
404 304
195 27
297 369
331 482
452 441
252 53
366 162
281 246
423 31
132 385
223 404
429 441
277 43
176 168
36 454
45 224
274 311
411 500
256 111
489 278
65 373
30 315
143 95
227 131
460 193
357 46
274 321
51 237
160 4
170 396
93 430
170 87
227 416
462 173
6 144
276 498
337 287
278 446
318 140
374 119
418 321
106 206
134 197
339 242
380 76
499 52
384 60
212 168
162 352
502 399
355 230
379 492
216 374
154 190
33 415
301 135
218 134
216 233
500 185
418 357
508 138
307 307
36 273
487 258
26 424
134 240
213 79
104 64
430 325
140 84
146 36
297 241
141 30
395 167
4 201
330 468
247 83
432 344
93 317
43 452
101 269
53 340
403 379
94 258
296 58
89 409
277 31
390 84
431 220
254 10
47 204
67 299
138 250
461 88
374 19
485 153
319 280
117 95
28 14
224 494
4 473
101 494
439 382
182 204
22 140
230 437
398 64
444 10
377 124
2 85
500 54
467 235
123 46
177 220
236 42
129 51
260 208
429 322
456 192
123 322
148 293
80 284
35 405
329 144
351 242
469 384
402 477
91 398
352 13
435 297
3 62
255 163
42 44
102 160
388 231
362 360
455 436
364 119
493 287
348 361
130 15
114 399
449 453
440 467
345 416
338 280
397 107
357 277
172 312
249 316
18 425
192 32
255 224
209 304
509 480
326 91
148 15
465 425
476 491
215 451
438 451
498 198
319 238
338 54
467 440
182 23
289 330
495 279
132 80
408 486
486 101
113 160
450 340
418 147
1 393
84 196
431 17
165 386
305 432
112 82
410 279
89 115
2 110
487 408
487 225
304 254
221 95
159 73
226 179
392 195
118 102
76 287
31 422
393 366
174 370
493 358
45 285
191 140
358 226
369 72
171 509
131 467
37 222
426 273
210 247
469 407
29 483
260 355
192 366
467 371
275 188
479 68
117 109
201 379
291 76
465 82
336 265
447 213
63 53
60 69
77 342
415 353
462 284
8 250
291 243
457 496
232 23
451 355
225 158
405 362
112 168
98 197
75 251
391 483
13 499
454 27
397 21
456 343
71 418
28 434
472 307
281 113
295 76
472 298
408 258
91 412
22 343
462 411
196 495
306 308
107 35
85 401
372 353
391 243
424 249
503 446
49 442
188 306
418 480
367 361
312 505
480 411
75 421
195 359
309 169
272 157
231 53
188 260
67 69
427 240
418 18
369 170
200 384
16 487
242 452
125 490
389 11
285 420
461 446
67 49
76 104
61 253
500 21
111 365
341 186
143 229
499 253
169 175
344 35
59 416
483 215
76 60
398 441
287 25
483 490
389 125
337 330
229 61
376 489
123 454
105 58
274 193
458 248
326 105
150 170
432 164
178 460
382 335
401 377
283 58
401 339
333 485
122 123
221 345
81 258
459 232
474 468
276 0
175 8
382 157
428 171
254 272
428 136
13 364
130 285
342 238
493 469
361 497
213 472
274 339
299 145
303 131
175 63
80 335
410 221
265 279
365 110
198 24
264 433
151 38
226 194
144 313
106 308
166 361
397 445
143 436
503 42
248 139
342 119
369 146
168 219
26 78
337 79
51 308
41 497
458 108
233 287
398 13
260 225
464 188
382 344
338 496
343 250
240 485
164 487
91 26
259 80
89 420
118 120
123 244
370 174
332 475
466 316
335 505
80 442
469 445
444 43
449 440
359 217
223 419
298 485
7 24
355 59
45 8
290 225
339 18
280 405
81 50
444 91
507 82
486 72
49 351
182 365
270 462
204 268
313 231
335 124
270 74
97 128
396 337
162 386
29 200
502 494
41 258
494 503
306 245
155 509
9 38
85 12
259 244
428 72
425 494
402 237
283 453
334 228
334 502
401 468
66 324
199 136
229 282
47 499
112 284
106 35
239 260
60 356
462 130
104 424
75 467
213 248
70 399
291 258
256 84
432 199
448 387
294 150
178 137
318 444
34 187
123 219
28 497
195 144
227 390
138 331
310 312
471 125
392 294
86 22
398 56
172 27
119 61
462 446
177 150
329 257
20 230
480 355
167 228
474 335
19 359
280 53
451 18
201 422
116 74
47 315
452 135
325 239
173 137
7 505
423 23
492 441
461 225
175 78
289 39
403 141
300 78
148 22
105 165
335 68
413 400
504 48
351 38
285 87
5 405
164 258
22 389
333 291
354 449
45 196
426 350
40 483
157 395
410 337
290 343
214 429
413 32
365 284
109 135
376 274
82 350
91 450
16 393
381 360
407 306
10 297
264 364
237 2
63 107
384 498
354 461
408 279
14 132
139 309
414 225
113 68
304 348
293 181
271 89
284 391
219 506
223 311
110 433
107 173
190 140
322 60
124 111
467 487
457 58
383 332
27 261
138 95
454 19
475 1
499 424
37 432
73 130
4 228
357 482
328 449
183 382
212 71
383 490
42 386
68 236
84 320
233 488
47 178
482 36
237 114
268 70
152 131
441 137
463 59
100 504
115 466
473 497
208 256
417 269
101 401
481 168
501 83
43 112
342 7
199 453
305 408
436 175
386 289
506 233
293 246
196 68
222 159
305 131
497 367
78 227
87 446
210 434
432 396
472 311
374 307
417 327
145 249
502 470
414 183
426 493
85 419
423 47
381 379
501 336
7 153
391 400
375 355
200 184
377 185
235 147
58 423
333 362
297 351
328 16
450 82
265 423
138 420
275 360
205 481
67 73
72 174
481 430
69 269
309 196
206 285
167 454
41 401
458 266
163 163
426 60
141 503
407 480
164 38
164 49
27 173
445 133
360 435
318 118
438 182
470 399
371 82
244 377
315 14
71 259
402 80
131 479
210 421
143 423
194 150
24 379
79 84
283 312
139 157
477 320
34 127
502 217
504 485
279 221
147 460
21 145
434 159
67 383
94 364
457 467
150 203
414 53
345 389
291 32
323 454
118 499
144 308
223 314
427 388
191 303
356 24
165 17
370 352
14 25
262 326
182 204
127 247
200 37
129 12
407 154
443 286
464 79
332 256
130 252
154 111
59 477
132 276
319 45
384 342
222 374
289 307
450 243
347 0
418 58
137 69
293 333
228 473
56 344
139 327
289 123
194 221
469 36
15 188
233 233
161 66
361 456
36 481
325 280
267 42
352 34
197 52
483 110
203 384
164 415
385 140
414 400
112 377
46 342
161 28
462 23
249 98
411 79
392 359
469 318
275 391
272 438
293 223
493 89
296 303
41 222
79 157
399 4
468 282
220 335
112 373
425 420
498 136
110 275
487 339
354 431
291 162
329 378
335 412
29 413
242 163
30 374
279 356
251 490
258 21
360 349
229 381
442 194
301 379
312 417
299 48
271 500
82 41
343 44
43 268
485 115
460 104
447 222
211 170
8 474
182 5
394 36
110 80
385 454
300 119
254 375
239 460
412 411
16 27
38 180
357 255
263 87
48 179
29 357
158 273
183 480
204 293
121 492
493 303
343 143
125 124
336 295
34 223
359 81
115 421
48 20
477 173
68 412
258 166
359 55
217 261
40 122
224 323
214 398
215 89
103 255
483 26
184 335
17 267
496 313
82 342
469 204
27 271
98 143
457 256
188 459
469 38
143 0
167 180
322 261
450 293
504 270
472 34
210 354
451 178
290 211
7 52
478 257
212 312
22 299
282 399
96 474
339 401
67 316
447 354
81 381
339 39
347 13
388 204
483 277
185 458
170 330
449 423
387 272
311 361
108 476
83 72
102 17
193 261
187 311
305 190
119 152
437 458
229 176
208 494
441 347
92 68
352 60
129 502
298 232
133 423
451 408
245 369
331 395
309 334
148 222
423 192
248 180
38 385
67 184
26 333
180 474
35 294
334 283
489 403
316 99
479 358
387 87
284 299
17 499
153 281
436 454
451 182
200 349
409 234
361 360
462 175
246 505
319 247
422 166
135 294
11 422
401 143
380 84
187 272
451 456
209 355
82 30
273 219
200 48
349 90
3 483
300 248
124 280
19 214
234 220
347 267
482 124
47 330
16 289
353 18
187 456
96 104
280 459
33 308
327 289
421 353
159 317