520
2599
0,
1,
2,
3,
4,
5,
6,
7,
8,
9,
10,
11,
12,
13,
14,
15,
16,
17,
18,
19,
20,
21,
22,
23,
24,
25,
26,
27,
28,
29,
30,
31,
32,
33,
34,
35,
36,
37,
38,
39,
40,
41,
42,
43,
44,
45,
46,
47,
48,
49,
50,
51,
52,
53,
54,
55,
56,
57,
58,
59,
60,
61,
62,
63,
64,
65,
66,
67,
68,
69,
70,
71,
72,
73,
74,
75,
76,
77,
78,
79,
80,
81,
82,
83,
84,
85,
86,
87,
88,
89,
90,
91,
92,
93,
94,
95,
96,
97,
98,
99,
100,
101,
102,
103,
104,
105,
106,
107,
108,
109,
110,
111,
112,
113,
114,
115,
116,
117,
118,
119,
120,
121,
122,
123,
124,
125,
126,
127,
128,
129,
130,
131,
132,
133,
134,
135,
136,
137,
138,
139,
140,
141,
142,
143,
144,
145,
146,
147,
148,
149,
150,
151,
152,
153,
154,
155,
156,
157,
158,
159,
160,
161,
162,
163,
164,
165,
166,
167,
168,
169,
170,
171,
172,
173,
174,
175,
176,
177,
178,
179,
180,
181,
182,
183,
184,
185,
186,
187,
188,
189,
190,
191,
192,
193,
194,
195,
196,
197,
198,
199,
200,
201,
202,
203,
204,
205,
206,
207,
208,
209,
210,
211,
212,
213,
214,
215,
216,
217,
218,
219,
220,
221,
222,
223,
224,
225,
226,
227,
228,
229,
230,
231,
232,
233,
234,
235,
236,
237,
238,
239,
240,
241,
242,
243,
244,
245,
246,
247,
248,
249,
250,
251,
252,
253,
254,
255,
256,
257,
258,
259,
260,
261,
262,
263,
264,
265,
266,
267,
268,
269,
270,
271,
272,
273,
274,
275,
276,
277,
278,
279,
280,
281,
282,
283,
284,
285,
286,
287,
288,
289,
290,
291,
292,
293,
294,
295,
296,
297,
298,
299,
300,
301,
302,
303,
304,
305,
306,
307,
308,
309,
310,
311,
312,
313,
314,
315,
316,
317,
318,
319,
320,
321,
322,
323,
324,
325,
326,
327,
328,
329,
330,
331,
332,
333,
334,
335,
336,
337,
338,
339,
340,
341,
342,
343,
344,
345,
346,
347,
348,
349,
350,
351,
352,
353,
354,
355,
356,
357,
358,
359,
360,
361,
362,
363,
364,
365,
366,
367,
368,
369,
370,
371,
372,
373,
374,
375,
376,
377,
378,
379,
380,
381,
382,
383,
384,
385,
386,
387,
388,
389,
390,
391,
392,
393,
394,
395,
396,
397,
398,
399,
400,
401,
402,
403,
404,
405,
406,
407,
408,
409,
410,
411,
412,
413,
414,
415,
416,
417,
418,
419,
420,
421,
422,
423,
424,
425,
426,
427,
428,
429,
430,
431,
432,
433,
434,
435,
436,
437,
438,
439,
440,
441,
442,
443,
444,
445,
446,
447,
448,
449,
450,
451,
452,
453,
454,
455,
456,
457,
458,
459,
460,
461,
462,
463,
464,
465,
466,
467,
468,
469,
470,
471,
472,
473,
474,
475,
476,
477,
478,
479,
480,
481,
482,
483,
484,
485,
486,
487,
488,
489,
490,
491,
492,
493,
494,
495,
496,
497,
498,
499,
500,
501,
502,
503,
504,
505,
506,
507,
508,
509,
510,
511,
512,
513,
514,
515,
516,
517,
518,
519
191 53
53 98
98 462
462 370
370 97
97 10
10 288
288 127
127 312
312 45
45 46
46 156
156 463
463 263
263 135
135 383
383 63
63 285
285 358
358 517
517 489
489 499
499 178
178 343
343 166
166 199
199 143
143 424
424 269
269 82
82 284
284 271
271 457
457 175
175 468
468 399
399 276
276 56
56 373
373 506
506 73
73 322
322 128
128 311
311 34
34 318
318 367
367 28
28 249
249 212
212 152
152 336
336 465
465 264
264 455
455 242
242 139
139 360
360 511
511 1
1 61
61 321
321 16
16 273
273 94
94 292
292 308
308 371
371 119
119 174
174 136
136 218
218 444
444 265
265 437
437 274
274 162
162 228
228 38
38 115
115 363
363 453
453 192
192 180
180 480
480 337
337 297
297 412
412 121
121 186
186 253
253 17
17 70
70 504
504 400
400 413
413 434
434 219
219 9
9 345
345 196
196 301
301 456
456 102
102 485
485 289
289 359
359 333
333 353
353 464
464 272
272 173
173 266
266 277
277 432
432 169
169 258
258 442
442 395
395 125
125 294
294 416
416 270
270 488
488 213
213 287
287 87
87 325
325 74
74 190
190 66
66 280
280 182
182 104
104 184
184 117
117 254
254 116
116 396
396 491
491 69
69 106
106 404
404 24
24 503
503 124
124 172
172 84
84 478
478 89
89 206
206 275
275 146
146 252
252 402
402 29
29 55
55 467
467 436
436 509
509 204
204 153
153 471
471 430
430 221
221 185
185 450
450 443
443 328
328 262
262 361
361 315
315 114
114 460
460 378
378 88
88 405
405 148
148 427
427 304
304 12
12 388
388 403
403 417
417 75
75 51
51 68
68 60
60 382
382 2
2 331
331 300
300 342
342 459
459 30
30 282
282 351
351 501
501 440
440 446
446 372
372 4
4 445
445 195
195 510
510 130
130 36
36 330
330 341
341 223
223 27
27 473
473 158
158 376
376 210
210 62
62 161
161 67
67 168
168 296
296 235
235 352
352 3
3 201
201 493
493 236
236 313
313 418
418 409
409 414
414 500
500 492
492 21
21 439
439 48
48 111
111 419
419 33
33 112
112 26
26 179
179 428
428 189
189 435
435 519
519 18
18 338
338 207
207 389
389 6
6 357
357 354
354 239
239 37
37 208
208 200
200 475
475 507
507 329
329 505
505 425
425 220
220 47
47 516
516 375
375 58
58 310
310 43
43 514
514 344
344 339
339 447
447 470
470 57
57 302
302 408
408 348
348 421
421 149
149 309
309 386
386 349
349 508
508 474
474 422
422 350
350 78
78 454
454 286
286 76
76 49
49 11
11 498
498 230
230 401
401 39
39 307
307 410
410 216
216 305
305 5
5 224
224 171
171 466
466 482
482 20
20 19
19 188
188 203
203 251
251 7
7 142
142 15
15 32
32 267
267 374
374 306
306 132
132 392
392 222
222 93
93 113
113 197
197 420
420 385
385 279
279 327
327 72
72 154
154 183
183 14
14 394
394 96
96 65
65 108
108 317
317 355
355 479
479 138
138 441
441 145
145 233
233 177
177 167
167 0
0 429
429 193
193 295
295 476
476 469
469 22
22 59
59 176
176 71
71 293
293 486
486 170
170 237
237 31
31 319
319 120
120 50
50 205
205 23
23 229
229 334
334 122
122 137
137 181
181 391
391 368
368 448
448 64
64 52
52 461
461 494
494 227
227 299
299 99
99 141
141 406
406 157
157 110
110 362
362 103
103 202
202 25
25 54
54 42
42 79
79 423
423 426
426 487
487 126
126 90
90 160
160 438
438 250
250 398
398 449
449 303
303 123
123 290
290 365
365 326
326 209
209 332
332 472
472 247
247 155
155 95
95 151
151 495
495 433
433 85
85 259
259 451
451 80
80 346
346 255
255 484
484 323
323 278
278 81
81 518
518 187
187 381
381 257
257 140
140 217
217 92
92 83
83 369
369 226
226 481
481 40
40 497
497 238
238 129
129 256
256 118
118 314
314 243
243 431
431 147
147 211
211 298
298 244
244 150
150 225
225 512
512 291
291 165
165 340
340 163
163 35
35 215
215 513
513 483
483 232
232 134
134 240
240 356
356 377
377 283
283 407
407 105
105 241
241 144
144 411
411 364
364 101
101 281
281 316
316 245
245 515
515 347
347 77
77 44
44 214
214 248
248 246
246 320
320 194
194 366
366 231
231 415
415 380
380 390
390 490
490 335
335 41
41 397
397 234
234 260
260 502
502 496
496 13
13 91
91 107
107 393
393 387
387 268
268 452
452 477
477 86
86 131
131 133
133 384
384 324
324 100
100 159
159 198
198 458
458 261
261 8
8 379
379 109
109 164
419 403
134 256
443 181
167 386
491 252
333 201
317 226
272 460
342 313
60 310
211 10
37 376
12 264
78 166
406 311
165 331
146 104
257 254
493 15
20 316
238 435
284 493
113 284
64 306
192 38
384 350
415 37
438 407
19 223
487 360
226 265
429 36
302 384
214 102
215 170
288 492
415 387
250 241
310 409
473 481
439 191
217 221
130 258
477 206
434 141
239 187
425 378
48 425
37 127
264 112
19 79
71 77
184 426
0 504
324 488
424 17
477 33
418 233
322 178
508 107
165 132
141 357
396 347
172 249
171 199
407 144
209 118
352 502
357 251
94 337
492 262
451 119
395 500
190 0
475 373
206 322
225 195
385 329
63 336
101 183
68 474
251 7
331 35
295 431
297 172
206 503
411 218
136 151
1 284
180 204
31 274
36 98
127 8
115 265
106 112
187 498
23 190
255 357
167 65
435 363
194 127
368 229
270 221
400 203
53 263
240 254
447 201
281 238
86 163
361 90
368 487
222 281
265 173
234 189
202 101
149 203
510 396
212 396
32 493
308 162
319 311
212 404
239 278
477 479
15 3
100 407
52 437
359 83
442 172
323 139
343 294
142 350
215 513
291 151
107 217
50 301
427 133
355 186
181 250
415 505
151 277
235 130
55 208
392 469
271 140
477 203
62 212
110 146
44 337
49 261
172 299
373 350
479 145
276 482
53 323
392 170
422 355
228 357
240 269
448 175
247 157
89 475
45 473
487 403
363 164
90 35
418 65
336 88
339 328
161 430
503 446
239 163
188 307
345 325
295 129
40 247
233 467
76 357
155 513
492 134
181 99
58 369
203 406
9 54
398 29
81 120
314 491
65 497
221 114
79 249
214 129
122 162
181 238
477 371
118 97
160 345
330 132
443 343
368 267
36 499
429 143
65 513
282 386
278 334
99 357
321 21
119 187
503 394
88 181
495 329
381 93
147 518
238 400
214 516
509 382
22 493
151 430
352 239
54 227
397 41
362 33
225 195
11 402
191 503
296 179
217 369
404 102
47 78
233 391
325 342
397 201
141 394
93 230
392 499
293 214
241 318
317 109
514 313
456 365
224 281
151 163
459 428
208 487
50 301
222 350
495 385
14 300
230 213
152 239
443 505
272 473
375 329
286 422
33 122
190 36
86 244
132 220
390 167
519 418
505 377
333 412
393 101
56 40
83 289
98 433
387 517
354 414
481 20
493 289
416 9
112 39
18 33
329 375
193 368
158 95
79 374
314 365
89 333
482 192
214 197
134 35
494 37
94 458
52 107
246 287
352 351
66 66
311 248
0 305
175 192
312 13
308 138
359 260
379 235
213 175
396 296
3 250
485 432
390 198
174 320
405 153
257 301
102 206
338 68
140 490
390 114
463 260
70 339
78 484
286 140
435 180
261 292
361 54
257 383
10 139
392 305
138 404
422 132
348 184
426 262
429 508
250 174
494 212
516 87
502 29
144 82
250 169
389 505
493 383
148 406
15 200
406 361
484 350
345 217
138 515
242 119
89 255
134 285
145 503
205 445
110 136
366 439
320 124
233 460
133 235
246 331
449 300
514 443
346 514
94 378
225 275
452 515
416 131
459 119
26 16
420 433
325 441
150 103
511 212
298 251
131 376
505 519
148 430
18 11
378 379
66 494
13 494
158 151
55 161
169 199
76 314
436 336
519 249
57 487
57 116
92 79
488 452
170 192
450 251
387 308
122 506
462 303
390 278
88 366
181 479
295 352
26 33
173 492
263 298
268 510
73 417
221 140
351 501
342 93
151 150
238 344
438 517
454 290
427 415
277 439
259 302
49 57
260 111
244 188
317 420
171 31
8 300
434 484
128 294
215 135
224 97
231 119
201 6
204 317
431 404
457 218
419 56
373 191
115 1
398 421
54 251
261 412
413 482
274 503
186 238
108 420
300 372
200 299
493 440
310 361
88 33
182 446
315 77
299 408
473 347
217 200
71 449
208 298
385 257
113 162
367 287
155 310
246 493
225 400
511 158
159 493
46 356
408 489
322 64
96 62
114 391
40 27
250 56
354 389
327 453
336 379
437 216
322 383
188 320
231 341
317 405
453 170
473 217
330 107
439 180
78 0
205 483
479 216
77 487
219 218
72 464
264 46
227 259
349 230
505 30
61 8
434 476
389 177
199 391
175 257
387 255
241 240
24 142
389 408
54 33
305 216
263 474
316 426
131 439
48 268
123 202
238 241
463 413
261 457
388 289
441 291
180 314
345 2
265 101
228 320
47 486
330 115
4 486
185 167
361 412
432 292
240 323
94 163
456 496
14 380
222 142
315 35
306 101
133 457
135 398
213 17
403 252
386 464
3 464
228 298
49 77
210 436
151 439
106 379
320 428
251 151
208 278
34 464
439 199
69 218
120 241
272 335
140 510
484 238
43 229
121 413
280 189
158 329
75 454
366 519
52 207
295 401
56 82
21 197
174 118
116 261
191 251
136 167
406 448
53 135
124 399
176 99
473 122
250 451
237 381
159 39
71 451
36 502
151 333
453 498
117 464
453 152
136 311
259 146
389 286
250 54
486 73
108 239
398 275
413 389
328 516
138 210
190 482
413 161
412 455
257 136
425 219
206 104
307 153
91 493
56 62
342 107
478 375
498 275
110 501
427 217
45 490
150 455
211 299
94 270
325 331
440 406
491 387
121 420
198 478
61 355
129 81
503 482
495 38
257 149
356 351
178 413
314 57
195 441
51 368
304 283
486 198
226 90
237 76
461 115
5 198
60 338
247 467
201 279
421 171
199 103
257 31
80 384
79 404
87 345
359 99
244 152
376 38
155 198
80 456
304 427
311 380
506 165
219 7
341 207
74 69
386 2
429 193
189 185
352 446
257 408
410 356
20 236
504 334
202 454
188 375
55 77
324 242
43 301
152 186
80 440
261 508
92 133
467 460
447 189
131 339
459 155
160 161
427 152
133 346
437 196
424 404
52 15
81 152
497 199
270 141
249 32
37 362
148 74
416 83
158 163
234 282
113 244
102 34
162 103
432 126
468 168
488 20
503 102
412 54
372 493
492 467
477 292
337 135
72 265
195 95
265 263
379 2
503 94
46 156
5 6
224 363
5 247
428 375
288 483
199 92
516 350
115 28
158 168
0 265
178 292
313 505
193 144
436 275
388 108
355 125
293 261
436 231
426 497
212 117
420 368
193 316
110 440
395 6
405 142
282 404
518 65
55 248
34 209
148 27
214 132
175 472
123 255
130 433
272 395
90 368
144 178
292 325
107 150
237 476
378 207
427 8
397 280
303 287
41 191
87 368
481 243
380 297
411 499
212 234
346 211
310 198
46 186
317 509
391 36
113 104
108 471
169 169
211 503
71 174
398 31
314 77
245 379
457 96
340 443
61 244
479 6
451 395
464 396
326 248
463 230
120 371
240 505
79 88
398 23
195 393
436 248
36 445
168 489
306 510
499 129
447 47
356 445
119 363
6 69
499 249
76 461
66 256
471 104
444 259
499 132
211 272
119 53
329 115
51 156
182 64
492 234
131 348
344 268
440 441
149 36
255 3
154 104
135 289
294 133
470 372
178 391
80 471
121 468
408 115
277 158
160 127
95 357
277 209
368 317
100 188
442 211
83 79
258 361
121 353
155 130
451 110
127 334
289 329
12 146
426 8
55 204
211 107
197 205
263 413
454 88
108 304
161 171
87 49
355 98
13 285
53 116
44 239
120 128
164 50
151 90
409 301
343 256
13 153
89 43
95 201
56 338
213 273
319 306
241 450
265 266
90 382
229 184
457 419
204 223
110 356
382 454
439 439
380 127
420 476
21 430
256 505
179 289
509 237
116 447
54 384
380 514
40 445
442 243
404 101
392 253
87 79
152 452
424 251
407 131
221 349
209 207
354 508
55 260
292 83
0 485
164 350
427 182
163 268
292 121
504 420
372 199
257 171
369 0
129 474
271 372
142 174
161 368
374 130
409 199
88 456
292 38
152 443
434 366
284 52
291 488
365 246
241 365
144 385
474 330
59 54
204 502
63 65
408 142
125 27
275 436
122 28
250 97
436 266
483 406
233 40
366 149
405 300
49 261
342 126
30 393
25 237
378 77
116 352
426 358
114 94
413 305
35 42
262 429
428 515
1 364
2 164
178 455
493 330
325 194
96 510
79 215
105 58
381 183
446 519
405 139
308 30
330 457
500 176
453 465
519 408
327 483
122 339
432 28
168 513
286 476
451 435
203 6
369 369
86 206
162 351
196 382
268 509
177 102
180 383
394 382
226 388
476 159
159 190
9 425
113 502
115 408
273 378
63 275
79 412
276 81
263 348
302 115
297 305
30 391
86 162
43 319
267 185
68 367
298 490
50 276
62 160
338 337
334 19
437 180
245 103
456 397
212 275
435 153
425 493
315 140
455 305
269 451
335 478
511 436
110 485
255 29
436 24
4 59
131 469
504 146
24 277
164 271
256 352
376 452
430 51
127 371
369 167
119 216
447 147
262 21
327 347
100 227
414 160
337 456
289 60
279 392
157 236
332 466
3 38
39 149
332 430
470 260
394 408
459 126
89 436
31 501
328 499
498 230
2 178
407 301
380 355
49 452
333 442
268 397
178 195
315 15
88 13
133 205
375 381
200 223
454 186
74 136
298 518
7 27
208 117
160 427
173 288
365 265
142 351
394 429
73 461
278 243
437 188
55 409
289 349
142 288
379 491
142 262
144 243
185 24
299 209
285 388
174 337
59 97
284 40
155 439
318 239
226 306
222 422
396 366
458 390
43 98
240 437
62 335
487 375
402 379
403 227
212 492
199 410
148 53
199 250
410 259
10 34
387 106
147 494
280 439
367 22
160 254
384 345
73 260
378 354
148 276
253 103
493 12
340 411
393 75
445 24
427 258
354 84
373 299
371 135
162 93
237 314
2 215
22 368
413 364
404 183
445 44
331 518
455 450
414 256
128 116
66 64
407 513
397 281
513 121
123 490
348 108
31 373
282 416
150 9
126 295
87 63
55 449
17 140
448 430
56 455
99 474
466 355
136 154
283 445
452 486
374 277
44 388
518 62
136 111
207 275
437 513
215 249
458 438
512 518
179 104
409 210
252 385
11 375
415 42
400 45
424 301
363 377
271 372
428 378
103 51
284 200
149 299
499 465
517 361
242 137
377 59
157 494
512 404
426 192
72 427
39 14
288 350
295 178
499 224
284 164
464 374
23 105
423 64
83 278
477 457
514 359
121 211
40 24
454 15
133 78
15 67
84 265
7 338
234 492
379 260
404 242
317 180
376 468
291 71
459 409
388 196
8 253
493 12
370 273
228 372
123 31
427 243
273 162
483 443
463 416
412 75
309 463
166 169
307 237
433 28
78 70
432 399
474 92
410 40
428 106
161 188
392 447
88 72
308 342
319 383
375 400
489 346
114 200
265 378
273 105
469 299
120 460
94 53
362 435
383 321
423 131
398 166
364 420
67 134
198 150
402 245
77 508
272 168
274 294
123 28
336 290
159 103
108 203
75 268
378 262
429 314
519 299
70 329
144 58
461 74
62 362
52 250
154 245
65 224
28 434
278 271
184 16
157 167
134 202
337 357
431 324
98 366
480 297
148 298
388 287
438 239
363 445
32 196
217 440
337 187
76 26
260 478
103 77
237 126
223 402
152 338
434 518
405 461
508 75
235 433
428 383
281 384
442 193
104 432
216 237
385 287
41 220
244 507
28 32
400 131
8 348
383 38
85 325
472 466
454 340
204 260
63 239
162 101
347 174
224 211
41 505
229 361
58 24
57 480
516 350
396 478
272 30
358 68
237 41
403 233
454 389
171 506
94 10
446 165
20 182
242 17
173 373
72 365
501 396
228 481
400 90
347 209
453 473
262 32
306 451
467 514
429 211
404 130
134 173
467 436
32 376
282 200
61 114
285 421
458 65
306 203
513 322
241 479
425 122
414 425
140 321
175 8
353 259
142 400
60 243
389 81
461 21
421 46
415 323
459 199
12 210
425 39
9 129
481 85
40 217
63 159
271 163
216 490
211 330
162 80
29 293
21 440
398 338
492 319
199 386
156 247
170 173
378 111
161 242
262 163
362 310
225 362
479 261
12 324
107 378
138 294
481 246
87 173
371 307
417 273
109 34
261 214
177 183
275 129
456 441
100 148
277 333
138 229
223 185
354 170
486 188
222 231
120 55
96 363
294 125
217 510
16 69
248 300
369 500
208 475
139 63
242 470
264 465
229 234
292 24
362 470
446 260
278 106
191 379
85 420
461 10
471 331
155 346
420 463
189 16
47 406
155 458
287 100
417 261
189 74
57 419
131 202
433 193
299 391
422 351
37 415
515 305
322 412
75 305
9 155
196 280
147 268
208 379
243 259
254 124
206 438
359 235
184 80
414 198
27 216
240 384
301 509
508 381
251 196
470 305
355 360
456 244
476 462
60 132
369 111
327 227
189 293
309 407
383 396
489 324
387 189
70 355
367 221
156 351
23 516
270 431
356 278
36 56
261 81
343 87
413 390
477 119
278 409
11 48
267 429
140 448
458 252
295 271
113 311
479 207
97 245
18 54
19 253
422 99
472 76
363 459
164 446
339 246
435 43
455 104
80 374
168 314
416 442
229 407
478 273
519 456
196 312
499 402
459 492
465 196
244 280
101 453
165 214
286 357
41 319
366 14
4 202
371 126
217 284
227 122
305 178
195 425
476 225
365 391
243 203
419 49
85 270
136 460
71 242
409 266
161 205
192 189
30 29
406 231
387 503
302 423
151 467
512 207
44 346
482 515
301 240
126 289
276 189
482 322
456 199
117 197
9 369
45 304
195 115
412 84
416 22
383 6
405 471
15 473
291 119
169 270
372 49
23 329
510 168
303 361
518 358
391 431
475 451
468 51
90 349
299 191
313 11
477 91
38 175
4 430
22 439
5 501
445 274
402 425
328 345
362 207
425 280
502 100
370 489
388 385
213 335
105 405
59 247
443 237
505 488
40 216
21 471
95 414
162 503
210 39
55 50
246 185
172 50
165 189
32 225
24 457
382 261
511 338
290 44
247 374
38 257
280 360
382 493
512 423
28 493
246 22
468 492
505 2
10 472
200 358
155 302
507 499
5 280
195 183
431 320
439 259
92 3
497 143
331 453
302 210
73 22
179 465
164 72
89 285
396 418
138 421
19 354
20 474
415 459
184 203
342 327
280 282
437 442
207 285
134 423
1 22
237 194
182 104
369 104
148 433
21 23
417 105
228 41
262 159
460 319
46 85
478 65
99 91
194 233
44 370
387 24
167 116
309 450
199 421
151 90
205 160
384 141
359 363
267 219
486 271
450 424
389 153
414 195
283 357
81 150
422 400
513 51
220 80
401 118
167 398
365 306
219 502
104 115
383 24
294 213
459 94
202 337
452 114
120 228
29 36
375 340
141 202
85 104
296 442
305 410
167 519
390 96
464 389
228 139
411 231
167 44
64 434
425 326
336 456
277 471
315 249
340 112
260 153
419 446
65 456
240 308
236 422
42 248
456 374
187 169
172 400
420 67
433 410
363 240
499 50
6 271
344 228
398 444
100 124
324 492
471 449
373 491
487 358
362 234
491 185
477 124
481 173
175 405
168 101
352 336
353 93
419 242
418 474
489 10
180 124
259 505
477 22
249 48
413 424
105 179
98 190
131 160
58 198
108 452
151 212
179 480
360 322
71 50
516 41
222 210
243 342
436 165
443 378
380 171
24 422
511 404
268 327
21 70
324 291
387 458
293 161
339 433
21 425
124 398
470 307
73 477
317 285
441 2
288 462
160 28
365 89
462 93
136 122
218 342
419 484
385 107
67 110
479 339
407 224
496 380
313 93
51 292
447 438
86 457
127 399
342 423
278 25
306 430
244 176
323 47
227 55
49 56
77 288
35 120
486 276
216 425
314 49
86 435
306 381
250 346
297 414
360 458
347 403
105 302
76 241
29 430
65 163
389 159
2 423
516 20
334 132
119 502
6 32
492 401
453 186
336 240
481 10
39 338
45 318
63 248
397 33
231 192
432 54
287 231
112 378
112 386
322 493
464 52
252 166
392 168
263 102
121 96
12 149
489 212
215 192
4 98
281 296
262 439
262 113
235 218
463 511
161 373
474 378
296 95
401 497
449 492
232 212
507 183
229 131
5 249
98 287
354 173
398 355
397 341
54 462
336 220
217 118
60 55
308 273
408 246
130 82
39 21
252 94
73 517
273 18
102 118
475 273
334 202
275 326
89 29
14 465
271 429
506 354
445 240
82 405
290 55
457 514
44 13
27 119
6 324
124 516
249 400
224 69
79 241
166 113
317 44
34 157
61 353
466 474
252 258
145 323
450 331
170 456
103 217
10 184
202 303
126 100
301 173
159 479
180 428
36 194
337 490
507 95
162 332
158 13
273 14
349 482
156 430
89 91
400 308
335 267
55 0
189 117
352 502
129 303
0 404
402 464
236 490
277 44
445 512
499 489
126 137
469 234
334 300
368 239
147 214
129 277
51 104
516 498
158 93
455 476
74 271
452 156
474 276
519 337
503 392
265 160
5 505
10 177
476 409
102 324
515 437
192 124
69 325
115 268
420 170
99 204
407 291
301 32
441 147
423 62
4 257
123 134
169 58
205 262
78 491
44 156
446 483
483 243
29 108
128 114
247 256
397 500
100 318
486 419
308 449
148 136
501 244
82 34
282 97
144 228
484 326
277 151
217 376
361 153
216 224
3 337
327 474
491 166
453 192
248 252
267 348
20 279
77 121
381 385
163 255
385 2
445 385
471 326
479 362
86 165
474 70
210 416
447 199
260 511
22 308
41 472
281 493
228 258
413 170
384 160
328 340
211 154
259 190
358 189
291 272
15 56
461 2
79 432
119 61
200 254
188 40
184 248
61 91
352 359
442 405
58 26
204 156
23 374
249 135
401 375
504 110
12 435
481 203
429 387
179 468
341 92
220 354
351 268
286 149
164 28
166 209
172 340
288 258
496 510
340 399
496 155
245 498
85 250
335 20
406 434
47 132
223 197
247 390
309 451
352 153
152 457
373 152
425 389
15 87
466 394
14 52
321 388
514 30
427 182
407 260
145 294
493 402
98 509
509 241
240 83
348 45
268 347
332 285
354 190
106 26
494 375
410 241
7 185
316 392
178 294
377 13
442 393
368 508
162 279
306 176
264 331
347 120
124 165
491 121
232 52
212 176
420 388
360 22
320 321
22 164
295 347
178 234
157 172
505 251
415 126
160 392
168 171
54 301
257 380
107 488
437 393
504 57
20 367
412 420
334 498
23 11
61 194
371 381
130 263
303 210
12 121
94 264
492 412
205 266
204 62
283 28
112 160
24 291
212 96
441 58
482 378
296 359
451 14
337 238
179 117
265 228