52
259
0,
1,
2,
3,
4,
5,
6,
7,
8,
9,
10,
11,
12,
13,
14,
15,
16,
17,
18,
19,
20,
21,
22,
23,
24,
25,
26,
27,
28,
29,
30,
31,
32,
33,
34,
35,
36,
37,
38,
39,
40,
41,
42,
43,
44,
45,
46,
47,
48,
49,
50,
51
51 34
34 12
12 22
22 46
46 9
9 3
3 17
17 20
20 6
6 16
16 48
48 0
0 41
41 37
37 11
11 1
1 31
31 23
23 39
39 21
21 29
29 5
5 25
25 4
4 47
47 45
45 50
50 14
14 30
30 26
26 19
19 42
42 13
13 36
36 2
2 18
18 15
15 43
43 33
33 8
8 27
27 49
49 10
10 32
32 44
44 38
38 28
28 40
40 35
35 24
24 7
47 45
43 7
34 23
40 18
5 49
30 18
41 43
31 43
43 27
1 1
35 20
6 3
16 20
9 30
35 20
24 5
48 5
51 18
37 37
34 7
16 24
44 3
11 41
47 8
44 51
17 18
26 44
4 48
6 42
2 16
39 0
48 11
15 20
46 21
7 43
21 32
33 43
50 43
24 34
50 36
38 23
21 40
46 29
50 19
26 33
50 27
21 44
11 38
46 3
24 50
49 44
6 6
21 37
31 13
8 49
9 36
38 26
47 26
32 34
38 32
9 24
9 19
22 32
40 37
3 14
25 20
37 26
12 46
37 44
37 17
13 41
32 27
46 25
6 8
45 17
42 11
45 36
17 8
0 16
38 3
49 28
2 18
46 34
37 24
16 17
25 39
43 26
39 20
24 29
43 9
49 43
48 16
16 14
27 37
17 35
8 0
43 26
40 48
43 7
5 7
40 45
42 35
21 51
44 33
11 48
11 48
33 31
28 20
3 43
49 0
46 22
10 2
1 50
27 35
47 2
23 40
27 35
46 7
49 2
5 21
33 19
8 20
36 40
25 43
4 11
23 28
31 13
42 48
5 49
2 4
38 29
2 36
48 47
30 29
36 31
16 4
42 36
40 8
8 50
25 44
50 21
34 32
46 41
33 36
47 2
4 43
44 12
0 19
45 24
10 46
12 32
50 5
15 47
4 8
40 1
21 6
1 33
1 7
4 47
43 9
6 37
10 15
24 8
42 6
37 49
33 38
29 18
10 38
6 30
32 4
25 47
51 1
8 47
24 7
48 46
36 26
39 37
46 41
16 51
12 34
25 20
24 1
18 44
30 48
16 18
29 22
28 30
29 17
45 49
3 20
33 3
35 45
47 10
51 29
25 5
29 31
28 32
24 7
2 21
25 21
41 13
19 24
28 4
27 22
6 49
3 30
29 18
2 26