560
2799
0,
1,
2,
3,
4,
5,
6,
7,
8,
9,
10,
11,
12,
13,
14,
15,
16,
17,
18,
19,
20,
21,
22,
23,
24,
25,
26,
27,
28,
29,
30,
31,
32,
33,
34,
35,
36,
37,
38,
39,
40,
41,
42,
43,
44,
45,
46,
47,
48,
49,
50,
51,
52,
53,
54,
55,
56,
57,
58,
59,
60,
61,
62,
63,
64,
65,
66,
67,
68,
69,
70,
71,
72,
73,
74,
75,
76,
77,
78,
79,
80,
81,
82,
83,
84,
85,
86,
87,
88,
89,
90,
91,
92,
93,
94,
95,
96,
97,
98,
99,
100,
101,
102,
103,
104,
105,
106,
107,
108,
109,
110,
111,
112,
113,
114,
115,
116,
117,
118,
119,
120,
121,
122,
123,
124,
125,
126,
127,
128,
129,
130,
131,
132,
133,
134,
135,
136,
137,
138,
139,
140,
141,
142,
143,
144,
145,
146,
147,
148,
149,
150,
151,
152,
153,
154,
155,
156,
157,
158,
159,
160,
161,
162,
163,
164,
165,
166,
167,
168,
169,
170,
171,
172,
173,
174,
175,
176,
177,
178,
179,
180,
181,
182,
183,
184,
185,
186,
187,
188,
189,
190,
191,
192,
193,
194,
195,
196,
197,
198,
199,
200,
201,
202,
203,
204,
205,
206,
207,
208,
209,
210,
211,
212,
213,
214,
215,
216,
217,
218,
219,
220,
221,
222,
223,
224,
225,
226,
227,
228,
229,
230,
231,
232,
233,
234,
235,
236,
237,
238,
239,
240,
241,
242,
243,
244,
245,
246,
247,
248,
249,
250,
251,
252,
253,
254,
255,
256,
257,
258,
259,
260,
261,
262,
263,
264,
265,
266,
267,
268,
269,
270,
271,
272,
273,
274,
275,
276,
277,
278,
279,
280,
281,
282,
283,
284,
285,
286,
287,
288,
289,
290,
291,
292,
293,
294,
295,
296,
297,
298,
299,
300,
301,
302,
303,
304,
305,
306,
307,
308,
309,
310,
311,
312,
313,
314,
315,
316,
317,
318,
319,
320,
321,
322,
323,
324,
325,
326,
327,
328,
329,
330,
331,
332,
333,
334,
335,
336,
337,
338,
339,
340,
341,
342,
343,
344,
345,
346,
347,
348,
349,
350,
351,
352,
353,
354,
355,
356,
357,
358,
359,
360,
361,
362,
363,
364,
365,
366,
367,
368,
369,
370,
371,
372,
373,
374,
375,
376,
377,
378,
379,
380,
381,
382,
383,
384,
385,
386,
387,
388,
389,
390,
391,
392,
393,
394,
395,
396,
397,
398,
399,
400,
401,
402,
403,
404,
405,
406,
407,
408,
409,
410,
411,
412,
413,
414,
415,
416,
417,
418,
419,
420,
421,
422,
423,
424,
425,
426,
427,
428,
429,
430,
431,
432,
433,
434,
435,
436,
437,
438,
439,
440,
441,
442,
443,
444,
445,
446,
447,
448,
449,
450,
451,
452,
453,
454,
455,
456,
457,
458,
459,
460,
461,
462,
463,
464,
465,
466,
467,
468,
469,
470,
471,
472,
473,
474,
475,
476,
477,
478,
479,
480,
481,
482,
483,
484,
485,
486,
487,
488,
489,
490,
491,
492,
493,
494,
495,
496,
497,
498,
499,
500,
501,
502,
503,
504,
505,
506,
507,
508,
509,
510,
511,
512,
513,
514,
515,
516,
517,
518,
519,
520,
521,
522,
523,
524,
525,
526,
527,
528,
529,
530,
531,
532,
533,
534,
535,
536,
537,
538,
539,
540,
541,
542,
543,
544,
545,
546,
547,
548,
549,
550,
551,
552,
553,
554,
555,
556,
557,
558,
559
96 143
143 158
158 120
120 515
515 521
521 280
280 127
127 218
218 42
42 332
332 394
394 170
170 261
261 559
559 411
411 326
326 383
383 67
67 145
145 63
63 359
359 372
372 151
151 444
444 302
302 239
239 201
201 254
254 508
508 408
408 133
133 168
168 401
401 513
513 32
32 518
518 21
21 456
456 131
131 428
428 520
520 343
343 482
482 415
415 92
92 191
191 544
544 30
30 289
289 546
546 338
338 19
19 309
309 528
528 525
525 538
538 545
545 511
511 466
466 500
500 128
128 496
496 3
3 420
420 46
46 485
485 368
368 298
298 223
223 455
455 514
514 283
283 551
551 222
222 166
166 329
329 543
543 435
435 153
153 316
316 199
199 367
367 296
296 13
13 286
286 117
117 387
387 290
290 397
397 443
443 464
464 224
224 342
342 125
125 161
161 499
499 44
44 312
312 126
126 291
291 400
400 122
122 555
555 410
410 483
483 38
38 81
81 272
272 238
238 10
10 351
351 210
210 282
282 233
233 49
49 285
285 549
549 251
251 196
196 11
11 154
154 130
130 37
37 391
391 405
405 451
451 436
436 333
333 440
440 390
390 215
215 221
221 14
14 318
318 376
376 465
465 206
206 33
33 356
356 64
64 252
252 510
510 315
315 363
363 26
26 403
403 31
31 177
177 360
360 106
106 307
307 247
247 71
71 148
148 507
507 491
491 492
492 535
535 418
418 85
85 15
15 340
340 389
389 375
375 378
378 23
23 431
431 135
135 139
139 173
173 506
506 429
429 532
532 366
366 69
69 268
268 54
54 203
203 388
388 17
17 22
22 180
180 412
412 40
40 536
536 219
219 205
205 137
137 370
370 354
354 425
425 51
51 116
116 505
505 522
522 364
364 217
217 399
399 91
91 259
259 330
330 193
193 407
407 244
244 60
60 28
28 147
147 83
83 172
172 18
18 439
439 474
474 76
76 184
184 526
526 187
187 93
93 55
55 479
479 311
311 86
86 202
202 553
553 182
182 409
409 512
512 100
100 194
194 74
74 430
430 84
84 557
557 97
97 294
294 434
434 287
287 353
353 306
306 98
98 183
183 523
523 211
211 547
547 504
504 229
229 382
382 358
358 414
414 39
39 487
487 533
533 448
448 556
556 540
540 529
529 558
558 65
65 422
422 337
337 90
90 160
160 34
34 185
185 236
236 163
163 381
381 352
352 346
346 347
347 328
328 437
437 41
41 322
322 245
245 476
476 165
165 132
132 398
398 531
531 156
156 320
320 24
24 527
527 433
433 155
155 267
267 299
299 88
88 266
266 345
345 80
80 242
242 264
264 373
373 232
232 43
43 288
288 111
111 550
550 516
516 72
72 361
361 248
248 62
62 57
57 477
477 253
253 310
310 442
442 317
317 314
314 416
416 162
162 380
380 325
325 419
419 12
12 371
371 292
292 293
293 279
279 379
379 159
159 554
554 257
257 207
207 103
103 331
331 212
212 189
189 274
274 152
152 95
95 186
186 460
460 423
423 121
121 404
404 75
75 304
304 209
209 256
256 473
473 79
79 395
395 164
164 462
462 140
140 225
225 167
167 6
6 494
494 146
146 234
234 101
101 269
269 270
270 421
421 198
198 220
220 498
498 541
541 175
175 319
319 452
452 458
458 327
327 157
157 87
87 495
495 16
16 20
20 89
89 384
384 66
66 129
129 468
468 176
176 336
336 52
52 124
124 56
56 300
300 213
213 216
216 214
214 459
459 301
301 27
27 488
488 393
393 2
2 284
284 426
426 339
339 115
115 365
365 524
524 308
308 450
450 305
305 246
246 362
362 446
446 277
277 123
123 484
484 9
9 250
250 118
118 99
99 402
402 73
73 104
104 231
231 350
350 341
341 503
503 497
497 105
105 445
445 178
178 303
303 119
119 472
472 461
461 517
517 240
240 335
335 478
478 70
70 369
369 457
457 263
263 138
138 149
149 61
61 258
258 471
471 281
281 171
171 278
278 374
374 82
82 7
7 102
102 47
47 114
114 321
321 357
357 470
470 413
413 467
467 348
348 141
141 509
509 68
68 249
249 169
169 295
295 386
386 195
195 424
424 110
110 539
539 48
48 396
396 392
392 190
190 275
275 134
134 480
480 542
542 334
334 108
108 45
45 235
235 385
385 548
548 150
150 29
29 534
534 453
453 454
454 59
59 313
313 297
297 227
227 552
552 179
179 188
188 228
228 441
441 77
77 519
519 493
493 427
427 8
8 255
255 174
174 36
36 112
112 226
226 432
432 181
181 142
142 107
107 344
344 58
58 113
113 449
449 200
200 78
78 25
25 323
323 406
406 109
109 208
208 192
192 4
4 265
265 537
537 0
0 481
481 260
260 271
271 5
5 262
262 349
349 377
377 501
501 438
438 324
324 469
469 35
35 144
144 230
230 273
273 94
94 475
475 53
53 241
241 1
1 463
463 50
50 417
417 276
276 204
204 197
197 530
530 486
486 490
490 502
502 237
237 447
447 243
243 489
489 136
136 355
278 106
534 327
228 30
388 437
247 28
452 491
461 78
500 53
140 289
97 36
100 362
332 264
251 119
222 293
153 47
304 114
253 293
457 121
220 223
49 340
46 65
275 153
76 72
289 362
388 38
395 168
79 535
145 490
369 441
166 486
317 453
420 21
108 178
313 391
394 173
325 387
79 43
402 282
526 251
41 194
544 347
116 513
239 205
362 195
70 280
152 56
85 270
374 110
226 260
78 249
344 304
558 537
12 384
333 378
137 337
404 178
88 270
437 387
539 66
125 324
412 440
550 557
82 190
521 361
443 232
71 87
286 316
332 318
451 451
523 394
556 286
435 374
37 53
88 455
174 258
170 281
378 422
249 550
204 287
2 448
390 435
1 265
266 542
249 152
296 122
363 31
404 436
271 278
422 12
35 142
164 134
271 452
477 16
59 23
444 412
282 299
115 202
341 455
425 467
21 164
132 41
476 95
265 434
309 447
83 136
520 124
46 334
552 540
444 411
182 0
70 123
357 243
52 316
72 56
446 437
418 54
391 264
485 424
8 329
249 8
127 99
486 543
416 441
219 473
484 119
182 72
457 461
446 111
88 75
159 173
441 48
105 158
34 150
183 137
50 19
210 525
59 357
391 306
431 451
500 492
387 519
84 546
549 138
396 331
300 330
449 465
125 459
94 249
232 63
244 249
117 400
58 347
194 501
529 224
431 60
175 117
526 175
219 366
474 43
349 121
294 460
106 328
443 485
445 450
493 190
97 264
316 237
448 297
344 37
164 484
411 479
150 204
418 33
129 110
66 483
237 287
460 158
352 444
128 479
536 212
467 537
106 447
436 218
336 372
111 466
52 413
306 500
244 302
82 173
119 15
457 441
175 173
386 225
401 240
290 41
483 352
53 213
309 543
5 245
143 401
177 156
126 69
2 439
176 444
277 122
492 447
353 407
82 509
88 95
26 300
397 3
66 3
467 353
283 109
163 245
522 377
490 250
556 151
400 72
292 516
453 465
350 89
344 175
378 423
438 84
53 262
188 392
403 23
79 489
66 419
7 113
200 503
492 306
417 55
86 515
27 172
20 12
516 326
85 129
57 282
557 217
470 455
463 157
484 253
483 127
507 548
452 355
163 105
34 240
403 253
380 46
146 468
91 427
363 30
324 57
72 349
149 26
71 298
257 85
395 49
489 105
329 176
550 207
209 406
472 490
226 15
355 83
171 323
280 168
100 397
257 71
394 373
503 318
256 250
33 293
159 462
301 491
147 142
273 344
82 235
514 269
101 124
278 379
463 38
509 541
462 99
495 408
48 412
86 492
293 497
14 512
335 371
233 528
103 361
15 103
360 53
64 248
266 95
435 85
421 207
406 265
359 446
73 479
129 64
494 52
175 94
341 457
110 549
254 414
148 206
435 407
230 10
76 34
209 162
519 338
321 222
287 108
77 233
368 357
161 183
348 96
55 511
494 351
159 491
360 180
378 450
467 168
87 353
199 227
511 87
509 118
471 289
531 544
83 245
127 543
44 28
158 489
186 465
438 223
1 378
543 65
429 523
374 465
418 184
58 110
237 444
16 382
426 407
469 543
415 184
414 398
315 154
174 237
174 431
159 195
558 172
95 25
456 68
533 105
110 532
524 211
368 210
202 424
477 132
518 473
266 132
107 277
499 325
65 450
146 82
94 74
159 516
273 177
49 483
459 276
213 466
249 177
182 121
367 410
382 362
471 200
231 527
494 178
205 8
188 428
200 307
354 185
510 399
41 149
335 382
92 409
317 492
401 492
528 552
553 547
410 292
135 125
434 292
87 453
172 222
161 44
301 547
71 20
136 500
394 210
50 452
153 372
472 430
168 118
520 250
412 372
258 24
1 35
533 381
243 364
118 203
59 394
236 178
518 154
266 424
202 492
227 370
177 516
276 407
448 469
434 330
359 267
552 247
210 249
74 11
148 500
157 543
113 502
306 457
326 169
194 179
402 315
251 11
181 536
22 516
35 53
50 285
313 95
540 498
207 277
552 393
389 49
433 388
206 502
523 355
364 340
292 239
345 307
379 137
244 164
361 102
412 350
386 153
236 249
454 262
344 248
12 451
550 436
197 412
426 354
542 159
466 152
255 533
121 344
37 544
457 1
18 37
329 515
538 417
117 385
385 318
489 108
449 419
30 80
93 449
531 315
0 407
254 69
99 50
342 357
198 160
478 242
531 393
407 480
470 210
482 550
521 523
147 374
475 461
83 548
147 139
506 304
485 39
478 555
63 506
323 523
554 472
25 269
175 100
373 33
556 261
269 217
536 366
209 478
477 495
160 389
541 163
205 71
161 441
212 409
533 316
59 127
88 204
99 157
554 333
252 223
359 128
483 488
368 342
494 171
24 14
109 69
334 386
127 247
218 424
526 494
55 500
277 198
6 301
360 45
402 333
68 481
224 2
333 232
220 368
481 250
411 430
556 555
508 397
103 371
96 219
21 59
381 492
41 303
316 212
108 462
476 213
557 280
74 382
119 308
464 114
15 188
165 309
515 517
481 389
371 114
51 21
18 75
173 541
352 158
438 512
523 350
206 74
414 105
358 38
112 461
306 284
481 528
303 229
521 75
206 447
83 187
23 68
322 334
62 459
36 247
486 537
240 307
533 275
4 7
115 106
262 92
377 505
11 403
294 338
269 202
559 232
406 72
481 419
552 247
406 513
367 461
288 146
436 78
169 275
76 220
280 402
18 200
160 56
25 508
3 519
64 267
454 27
432 4
322 272
419 136
453 222
552 534
97 113
342 176
176 271
379 476
11 480
117 501
239 28
235 298
503 130
199 269
70 17
552 247
193 32
225 100
546 506
33 424
553 522
282 130
67 351
533 256
489 245
537 144
102 198
250 381
452 476
112 406
427 28
473 370
451 466
397 203
175 280
152 549
420 42
92 279
408 289
394 322
44 43
388 555
170 539
248 443
170 420
313 8
277 203
3 237
413 371
214 346
424 483
432 256
516 83
510 45
523 459
154 310
413 436
536 299
243 195
445 37
12 21
129 281
480 306
201 213
488 406
161 293
339 372
529 56
351 269
116 331
540 517
239 465
508 216
360 518
122 467
431 335
165 176
461 409
63 142
366 30
169 389
552 146
459 259
479 303
295 169
109 145
554 324
128 185
156 56
332 483
427 107
275 394
418 532
190 377
147 422
356 100
134 134
161 502
8 524
33 161
132 154
67 305
119 476
458 396
207 53
222 268
372 63
518 370
88 285
520 380
528 514
87 241
413 23
24 23
460 553
410 533
363 376
493 403
1 138
236 7
152 169
170 363
498 95
450 318
157 198
60 525
519 126
429 326
237 30
15 287
352 363
151 106
139 191
521 163
128 528
62 164
111 397
151 451
29 44
49 41
81 63
382 453
124 176
96 137
306 494
200 523
250 445
311 407
23 376
427 126
516 156
429 408
69 531
228 236
531 124
293 448
246 432
505 530
271 558
522 230
133 221
191 504
99 350
500 137
100 97
325 459
157 144
303 52
214 439
326 456
436 410
434 291
70 450
382 332
462 366
60 467
38 82
138 385
368 187
190 210
441 89
37 489
315 315
288 365
449 312
516 25
205 270
225 211
109 510
287 64
387 293
145 236
383 235
87 4
249 284
255 326
288 432
274 493
370 29
2 203
127 120
20 281
331 472
166 323
27 309
550 475
284 316
311 363
405 486
45 282
508 191
316 103
185 23
354 188
559 514
64 182
498 425
162 232
55 482
196 238
282 62
194 257
452 552
235 473
87 433
194 540
41 407
274 212
25 513
410 162
497 82
426 177
86 418
456 491
239 279
324 366
334 450
391 467
297 35
371 390
140 285
40 250
84 405
132 336
442 420
22 396
477 532
32 364
434 493
94 279
52 451
173 96
121 303
239 232
116 253
483 38
348 31
113 445
56 121
42 310
23 25
304 547
63 535
155 225
493 262
506 414
352 85
359 332
102 0
116 527
170 214
164 494
134 286
493 13
472 538
483 286
478 40
523 122
31 454
190 447
302 236
442 145
23 348
35 188
243 546
246 325
364 490
35 281
542 321
98 303
552 99
191 197
45 235
123 491
205 44
394 61
495 469
178 413
242 237
69 74
110 408
268 307
297 9
306 176
33 502
310 94
321 457
485 519
282 199
177 41
25 133
307 280
64 49
254 262
143 236
7 502
141 282
216 4
156 387
275 534
489 552
176 481
230 417
471 236
354 22
364 180
282 120
325 381
453 186
302 425
289 372
88 504
301 521
20 180
442 456
261 190
363 271
414 109
163 174
99 426
61 313
180 197
512 63
291 321
49 243
377 339
437 293
215 175
78 386
176 49
401 459
331 319
143 353
238 236
158 344
330 207
276 259
67 186
538 273
133 0
88 62
360 134
472 43
393 137
536 241
413 518
371 375
6 381
475 432
537 367
104 419
159 107
403 419
471 185
268 553
250 59
213 122
553 445
320 20
235 472
516 338
83 382
147 8
121 527
535 328
332 427
316 7
59 238
443 280
178 66
357 482
277 148
279 43
405 490
235 246
513 533
241 474
431 435
366 296
308 153
283 514
270 215
506 354
193 494
209 414
89 63
406 316
395 229
66 99
163 417
202 238
70 198
77 5
243 370
425 347
292 224
39 536
478 237
240 43
96 120
514 449
316 240
2 125
530 446
284 55
465 425
114 281
11 168
59 361
500 404
12 187
52 365
406 73
176 425
55 307
186 298
506 449
411 196
142 58
135 56
548 558
537 516
488 357
47 525
139 384
509 202
532 24
523 390
364 109
269 63
281 286
437 498
339 460
180 463
248 526
396 207
92 170
423 556
490 235
276 510
540 521
327 52
16 284
195 546
263 129
274 412
434 541
237 301
507 315
460 220
418 511
398 502
287 313
0 62
501 29
495 371
222 484
103 327
386 556
426 357
153 87
357 133
78 275
6 3
422 442
377 163
501 535
44 313
102 523
114 109
172 221
220 325
343 547
285 284
78 331
538 503
464 186
200 517
112 242
152 339
500 209
98 95
228 494
345 281
443 488
184 348
217 557
148 538
261 432
91 8
343 485
302 79
280 269
207 506
228 467
305 551
492 547
453 453
72 165
372 111
37 308
314 269
545 36
436 518
157 424
153 264
75 299
127 159
199 216
495 226
322 363
517 204
91 85
307 220
520 18
479 390
292 538
377 130
247 85
130 200
424 199
175 15
273 314
123 238
387 85
403 169
270 456
33 382
476 384
257 531
422 188
433 312
47 127
475 272
275 183
357 85
58 444
94 43
223 136
419 450
447 82
276 342
275 232
153 320
485 0
38 321
108 167
533 194
181 202
474 302
476 18
17 407
330 2
225 441
86 91
53 556
480 487
448 230
257 139
131 485
494 371
400 320
84 100
458 468
346 333
42 440
538 408
8 468
28 291
93 314
67 482
319 232
430 126
398 377
508 331
59 325
391 63
503 248
178 57
479 122
339 441
430 448
352 161
229 265
244 134
347 389
508 283
181 489
157 301
546 136
65 191
151 501
322 124
342 451
319 473
162 476
26 129
345 386
406 220
556 309
295 449
398 82
74 290
350 178
201 547
287 142
60 156
249 50
391 211
15 518
239 219
239 526
474 234
389 285
503 459
164 278
445 26
189 19
264 7
213 66
374 521
77 5
199 41
47 466
196 398
299 366
183 79
341 128
220 406
145 554
26 74
153 191
315 61
278 249
542 55
520 280
138 2
207 546
132 419
193 261
528 122
13 201
259 104
211 416
302 2
252 478
348 360
339 59
23 217
269 510
150 97
142 291
420 93
40 215
149 295
123 185
395 78
317 335
122 244
219 167
247 23
284 292
484 10
140 163
437 25
424 410
436 367
501 371
491 141
77 288
414 331
84 256
56 229
18 369
540 108
314 308
89 441
231 149
299 177
139 14
415 50
86 255
98 95
509 372
129 296
339 343
293 110
386 204
460 176
314 200
218 380
483 376
528 232
173 437
90 197
136 497
179 369
341 548
231 325
173 372
36 89
72 364
6 87
62 186
216 175
192 142
448 257
131 70
428 314
283 202
103 311
427 499
381 168
293 147
214 9
547 122
148 79
238 213
419 1
140 289
542 230
108 242
107 445
514 555
332 451
549 115
152 370
548 155
192 233
315 225
524 80
102 84
134 46
8 504
98 247
511 506
385 442
304 349
69 207
362 33
167 294
165 330
559 284
223 452
50 453
209 316
22 290
307 146
371 190
169 46
77 229
280 444
398 137
526 285
421 327
490 444
129 426
385 165
311 17
528 539
510 492
8 210
306 115
491 100
389 8
376 5
190 498
126 551
350 130
503 156
199 160
413 53
204 554
63 122
305 130
161 82
64 97
397 151
293 343
14 88
73 373
533 230
545 268
9 215
3 187
315 257
481 392
88 41
72 379
259 294
333 328
246 354
532 390
312 540
7 102
408 25
41 494
471 22
485 399
484 123
305 455
57 213
139 288
373 11
206 433
446 513
472 541
11 378
478 549
489 167
183 490
167 61
9 50
460 274
528 556
14 224
174 511
25 455
124 263
272 15
392 39
363 270
132 343
140 216
255 447
298 351
112 152
559 119
150 530
70 221
104 457
191 20
266 468
2 53
379 166
22 392
380 427
501 182
100 189
441 310
139 559
230 484
21 423
223 360
51 27
421 463
234 424
426 282
449 333
273 505
122 358
55 221
248 401
516 524
299 418
529 31
48 342
79 134
493 334
490 213
290 6
247 112
228 559
526 141
64 295
200 367
51 536
233 335
239 291
274 344
199 49
83 440
329 417
95 152
545 56
223 473
499 321
316 459
34 497
180 229
222 203
35 356
358 499
468 106
503 174
175 87
491 180
144 455
312 358
220 77
490 471
557 9
526 213
433 312
36 178
324 148
516 392
136 231
341 552
406 127
299 192
51 475
407 161
213 541
99 483
458 313
384 164
48 512
426 98
525 270
152 406
555 304
62 263
428 223
550 192
238 301
115 210
516 528
18 274
6 80
119 272
461 407
555 533
422 498
407 298
501 362
353 236
57 501
94 324
215 277
452 345
475 517
430 197
269 525
410 104
182 362
395 186
138 44
511 300
528 272
231 451
535 362
399 550
290 296
266 211
341 442
234 99
223 243
320 59
486 529
554 111
175 220
212 45
28 326
428 12
162 328
506 276
146 401
477 364
194 93
270 133
27 458
191 219
455 160
252 58
271 389
552 28
183 237
95 520
197 484
175 142
510 417
515 50
415 152
547 414
520 47
557 390
218 198
419 174
219 77
278 138
506 11
485 323
83 442
328 515
158 464
22 178
73 185
444 41
444 51
417 410
86 143
349 368
409 39
91 474
346 456
349 260
483 263
169 452
260 260
94 122
381 530
451 141
283 552
236 538
433 261
453 155
446 78
289 478
132 334
429 438
397 72
269 352
448 138
304 497
476 415
227 535
107 190
485 479
455 444
346 9
114 320
118 503
234 500
359 91
46 206
133 48
369 18
518 504
280 235
425 338
526 463
426 513
532 216
308 362
317 166
341 53
159 437
42 264
47 503
365 497
209 429
368 213
163 248
113 389
246 503
265 220
86 165
28 250
62 418
151 154
307 381
431 312
482 16
195 229
153 315
91 106
474 517
434 140
465 420
308 70
107 221
503 298
450 157
89 336
324 418
176 282
149 417
109 245
331 37
320 80
552 265
546 5
21 137
407 343
230 201
286 317
496 345
258 114
228 416
222 200
45 16
405 379
390 338
478 389
23 494
219 33
239 74
470 219
373 31
556 277
291 265
301 456
437 373
219 246
208 60
430 542
34 312
382 540
208 295
537 253
253 316
302 71
35 89
545 127
161 58
434 484
333 187
515 7
495 170
301 169
98 159
49 119
174 28
454 467
378 61
441 334
206 258
6 533
214 493
509 324
408 48
288 408
388 292
153 494
503 145
27 30
324 89
385 298
513 496
546 14
371 178
212 530
511 297
416 530
52 163
129 433
172 103
267 309
26 43
411 62
55 383
167 223
176 184
110 443
28 333
312 125
151 41
236 414
440 192
157 276
125 95
149 553
227 50
359 143
72 134
274 509
518 344
442 340
370 241
50 143
94 354
216 450
48 310
95 184
500 447
117 90
301 484
395 499
516 373
196 133
43 170
353 431
59 514
273 293
8 78
235 119
412 10
447 246
494 331
377 179
439 353
165 18
52 445
256 321
182 500
456 459
349 451
305 434
312 262
392 395
530 525
94 27
544 145
510 281
13 438
557 396
506 505
265 396
507 224
442 54
348 292
328 187
543 532
59 336
524 336
48 557
425 535
513 542
167 378
81 58
11 65
239 534
236 112
443 137
371 446
163 42
538 72
435 227
464 491
313 235
313 38
281 217
196 375
266 137
419 478
6 308
88 283
488 509
307 431
145 92
175 150
511 352
421 354
365 526
118 547
439 431
50 108
137 242
448 378
414 219
533 550
109 156
445 130
454 46
229 452
272 517
323 288
164 293
244 499
196 549
83 459
204 213
93 484
34 271
546 2
350 515
337 93
196 54
444 99
77 466
269 362
249 201
276 50
60 417
428 546
229 149
170 481
450 92
324 185
10 493
432 286
392 232
24 356
390 255
65 308
441 52
480 130
405 149
411 459
240 388
438 77
35 301
447 230
552 86
244 284
538 232
130 227
169 469
260 497
79 162
24 384
228 178
402 281
133 143
287 263
304 284
302 412
148 434
397 52
368 260
548 209
370 495
461 81
471 60
478 259
518 304
433 345
114 56
208 26
548 55
546 550
74 76
428 503
244 242
333 541
481 118
254 14
539 350
495 500
213 408
365 494
6 160
477 469
315 388
200 41
221 350
503 1
332 39
54 287
335 215
223 292
267 285
442 284
316 353
85 192
438 505
155 283
473 181
90 463
374 398
544 225
54 80
397 485
189 341
543 314
216 222
58 441
445 428
206 181
271 406
525 9
423 391
472 361
443 324
235 410
350 352
251 511
496 383
442 512
512 63
521 499
525 280
79 500
365 150
125 300
449 151
76 94
510 131
512 332
132 371
107 139
38 185
168 220
330 546
364 353
50 166
445 342
195 41
186 502
396 456
119 206
385 352
181 334
154 47
509 278
298 210
244 430
39 77
331 80
310 383
235 257
60 486
311 57
233 57
185 392
207 481
244 487
162 334
434 146
339 542
225 283
357 353
345 397
227 98
270 396
381 44
270 438
531 255
309 558
522 164
553 66
472 512
195 459
494 333
409 357
409 392
401 45
488 45
233 322
139 214
489 326
64 423
551 95
387 140
518 107
361 401
171 507
445 375
0 474
138 393
336 236
330 289
229 520
368 22
424 203
502 69
507 230
373 321
320 58
303 117
432 195
85 535
375 158
515 299
34 44
270 262
533 410
508 421
140 336
484 358
128 93
148 257
279 332
261 492
253 155
369 503
43 74
551 62
459 389
461 489
21 216
550 128
537 529
448 74
418 69
76 390
231 106
58 159
60 453
406 140
428 366
380 316
244 299
326 404
467 470
476 319
327 527
492 244
115 260
453 353
350 504
303 155
28 35
106 429
71 176
495 508
483 129
87 58
272 246
212 212
228 553
488 555
56 407
122 193
166 91
95 136
311 35
307 431
539 219
364 422
459 6
450 456
68 19
388 2
410 337
428 205
439 349
413 316
153 357
312 211
281 24
85 305
209 531
554 284
426 60
468 326
308 349
31 293
276 501
151 508
290 235
235 4
229 95
27 531
180 522
514 240
329 487
85 74
62 293
419 428
134 454
15 128
184 333
329 358
456 498
126 115
261 488
157 429
334 374
259 305
169 274
68 110
54 339
241 441
428 416
484 52
237 50
470 502
23 474
92 76
403 184
143 383
534 302
373 268
364 136
106 279
109 66
239 168
324 467
201 249
451 203
370 184
508 166
233 370
388 178
538 508
188 283
212 325
117 357
402 79
297 553
522 259
41 392
250 358
110 387
313 427
259 178
142 407
195 200
160 126
403 144
275 429
461 298
278 290
308 541
524 61
174 462
304 431
320 149
365 387
557 508
467 215
491 181
143 249
551 357
126 160
276 178
459 431
264 229
529 189
362 241
358 246
4 480
384 527
390 430
502 391
506 5
294 1
65 177
163 498