56
279
0,
1,
2,
3,
4,
5,
6,
7,
8,
9,
10,
11,
12,
13,
14,
15,
16,
17,
18,
19,
20,
21,
22,
23,
24,
25,
26,
27,
28,
29,
30,
31,
32,
33,
34,
35,
36,
37,
38,
39,
40,
41,
42,
43,
44,
45,
46,
47,
48,
49,
50,
51,
52,
53,
54,
55
13 51
51 54
54 8
8 3
3 49
49 48
48 28
28 26
26 19
19 7
7 33
33 5
5 24
24 25
25 23
23 27
27 31
31 21
21 43
43 52
52 14
14 37
37 47
47 44
44 39
39 11
11 32
32 35
35 12
12 41
41 36
36 34
34 9
9 50
50 2
2 17
17 42
42 0
0 10
10 16
16 30
30 20
20 38
38 1
1 53
53 55
55 46
46 22
22 40
40 4
4 29
29 18
18 6
6 45
45 15
51 47
44 13
22 41
0 20
51 21
20 21
38 24
12 53
23 51
45 33
22 31
34 21
4 47
6 49
55 50
1 4
37 22
9 25
24 34
38 19
17 15
36 18
43 25
54 5
22 54
0 33
0 38
19 45
11 40
6 17
2 4
52 38
54 37
41 7
11 40
49 55
52 5
21 18
37 7
20 11
54 0
25 44
16 20
7 45
38 21
15 51
40 52
7 22
47 31
31 42
9 5
23 42
39 55
34 46
38 27
5 6
27 48
38 31
27 4
4 0
35 35
51 1
23 0
36 18
49 22
32 15
22 55
40 24
28 43
21 48
27 5
19 1
23 16
17 3
41 51
20 11
41 22
28 31
27 4
36 33
36 44
48 23
12 21
42 38
48 0
32 41
33 47
6 17
6 52
4 33
3 4
43 25
48 38
39 20
34 4
9 48
49 31
28 36
27 25
25 24
49 55
27 2
31 8
22 2
22 48
32 52
17 4
3 36
10 28
43 31
42 5
40 54
0 38
2 11
23 29
40 54
37 7
55 43
5 53
55 32
50 11
44 49
7 14
35 1
33 22
46 33
37 12
34 54
29 20
39 41
45 26
1 37
3 54
40 5
29 46
5 15
7 17
31 13
35 33
23 1
15 17
20 38
13 20
11 33
49 0
35 13
40 48
49 1
37 55
55 18
48 3
39 30
3 26
26 28
55 23
53 32
47 53
13 54
46 21
24 32
43 35
17 55
33 41
39 3
37 20
26 51
38 27
34 30
36 30
0 44
48 29
21 32
35 3
26 24
31 27
54 38
26 21
24 39
49 3
38 13
12 38
6 52
9 10
31 22
35 18
26 13
22 14
54 45
30 7
5 49
53 30
44 2
48 29
19 12
9 51
53 38
34 55
21 30
8 44
11 26
41 26
20 24
16 43
26 21
35 13
17 36
46 35
24 55
52 22
0 14
33 40
1 43
37 4
2 52
44 7
23 24
10 28
6 43
3 21
13 17
22 32
44 7
5 29
16 10