600
2999
0,
1,
2,
3,
4,
5,
6,
7,
8,
9,
10,
11,
12,
13,
14,
15,
16,
17,
18,
19,
20,
21,
22,
23,
24,
25,
26,
27,
28,
29,
30,
31,
32,
33,
34,
35,
36,
37,
38,
39,
40,
41,
42,
43,
44,
45,
46,
47,
48,
49,
50,
51,
52,
53,
54,
55,
56,
57,
58,
59,
60,
61,
62,
63,
64,
65,
66,
67,
68,
69,
70,
71,
72,
73,
74,
75,
76,
77,
78,
79,
80,
81,
82,
83,
84,
85,
86,
87,
88,
89,
90,
91,
92,
93,
94,
95,
96,
97,
98,
99,
100,
101,
102,
103,
104,
105,
106,
107,
108,
109,
110,
111,
112,
113,
114,
115,
116,
117,
118,
119,
120,
121,
122,
123,
124,
125,
126,
127,
128,
129,
130,
131,
132,
133,
134,
135,
136,
137,
138,
139,
140,
141,
142,
143,
144,
145,
146,
147,
148,
149,
150,
151,
152,
153,
154,
155,
156,
157,
158,
159,
160,
161,
162,
163,
164,
165,
166,
167,
168,
169,
170,
171,
172,
173,
174,
175,
176,
177,
178,
179,
180,
181,
182,
183,
184,
185,
186,
187,
188,
189,
190,
191,
192,
193,
194,
195,
196,
197,
198,
199,
200,
201,
202,
203,
204,
205,
206,
207,
208,
209,
210,
211,
212,
213,
214,
215,
216,
217,
218,
219,
220,
221,
222,
223,
224,
225,
226,
227,
228,
229,
230,
231,
232,
233,
234,
235,
236,
237,
238,
239,
240,
241,
242,
243,
244,
245,
246,
247,
248,
249,
250,
251,
252,
253,
254,
255,
256,
257,
258,
259,
260,
261,
262,
263,
264,
265,
266,
267,
268,
269,
270,
271,
272,
273,
274,
275,
276,
277,
278,
279,
280,
281,
282,
283,
284,
285,
286,
287,
288,
289,
290,
291,
292,
293,
294,
295,
296,
297,
298,
299,
300,
301,
302,
303,
304,
305,
306,
307,
308,
309,
310,
311,
312,
313,
314,
315,
316,
317,
318,
319,
320,
321,
322,
323,
324,
325,
326,
327,
328,
329,
330,
331,
332,
333,
334,
335,
336,
337,
338,
339,
340,
341,
342,
343,
344,
345,
346,
347,
348,
349,
350,
351,
352,
353,
354,
355,
356,
357,
358,
359,
360,
361,
362,
363,
364,
365,
366,
367,
368,
369,
370,
371,
372,
373,
374,
375,
376,
377,
378,
379,
380,
381,
382,
383,
384,
385,
386,
387,
388,
389,
390,
391,
392,
393,
394,
395,
396,
397,
398,
399,
400,
401,
402,
403,
404,
405,
406,
407,
408,
409,
410,
411,
412,
413,
414,
415,
416,
417,
418,
419,
420,
421,
422,
423,
424,
425,
426,
427,
428,
429,
430,
431,
432,
433,
434,
435,
436,
437,
438,
439,
440,
441,
442,
443,
444,
445,
446,
447,
448,
449,
450,
451,
452,
453,
454,
455,
456,
457,
458,
459,
460,
461,
462,
463,
464,
465,
466,
467,
468,
469,
470,
471,
472,
473,
474,
475,
476,
477,
478,
479,
480,
481,
482,
483,
484,
485,
486,
487,
488,
489,
490,
491,
492,
493,
494,
495,
496,
497,
498,
499,
500,
501,
502,
503,
504,
505,
506,
507,
508,
509,
510,
511,
512,
513,
514,
515,
516,
517,
518,
519,
520,
521,
522,
523,
524,
525,
526,
527,
528,
529,
530,
531,
532,
533,
534,
535,
536,
537,
538,
539,
540,
541,
542,
543,
544,
545,
546,
547,
548,
549,
550,
551,
552,
553,
554,
555,
556,
557,
558,
559,
560,
561,
562,
563,
564,
565,
566,
567,
568,
569,
570,
571,
572,
573,
574,
575,
576,
577,
578,
579,
580,
581,
582,
583,
584,
585,
586,
587,
588,
589,
590,
591,
592,
593,
594,
595,
596,
597,
598,
599
504 480
480 353
353 135
135 464
464 433
433 366
366 475
475 1
1 105
105 168
168 322
322 307
307 48
48 447
447 450
450 162
162 412
412 314
314 221
221 225
225 17
17 534
534 390
390 357
357 434
434 118
118 181
181 492
492 337
337 594
594 451
451 89
89 216
216 68
68 40
40 498
498 418
418 180
180 179
179 274
274 285
285 242
242 193
193 251
251 248
248 250
250 399
399 269
269 402
402 198
198 437
437 206
206 380
380 32
32 384
384 90
90 472
472 88
88 426
426 268
268 295
295 463
463 586
586 327
327 7
7 189
189 174
174 72
72 410
410 120
120 358
358 304
304 545
545 316
316 558
558 111
111 218
218 441
441 13
13 93
93 34
34 228
228 489
489 478
478 257
257 56
56 23
23 439
439 289
289 270
270 562
562 65
65 76
76 514
514 159
159 6
6 308
308 301
301 96
96 388
388 344
344 554
554 299
299 35
35 264
264 276
276 500
500 49
49 520
520 484
484 249
249 505
505 63
63 496
496 122
122 449
449 421
421 555
555 24
24 560
560 166
166 153
153 311
311 533
533 175
175 273
273 462
462 19
19 306
306 119
119 287
287 469
469 209
209 220
220 509
509 44
44 323
323 149
149 541
541 215
215 201
201 524
524 526
526 377
377 187
187 423
423 373
373 444
444 87
87 331
331 382
382 156
156 226
226 260
260 593
593 556
556 154
154 55
55 547
547 378
378 436
436 315
315 243
243 26
26 292
292 336
336 364
364 298
298 493
493 22
22 70
70 202
202 458
458 551
551 394
394 561
561 401
401 563
563 238
238 502
502 178
178 272
272 33
33 131
131 173
173 488
488 101
101 550
550 577
577 567
567 64
64 229
229 20
20 414
414 565
565 438
438 483
483 515
515 568
568 253
253 83
83 160
160 9
9 143
143 271
271 37
37 252
252 543
543 177
177 517
517 389
389 265
265 14
14 161
161 370
370 346
346 330
330 582
582 497
497 151
151 121
121 12
12 107
107 263
263 429
429 396
396 576
576 290
290 192
192 428
428 62
62 448
448 137
137 521
521 415
415 57
57 10
10 574
574 403
403 491
491 207
207 138
138 60
60 528
528 163
163 531
531 569
569 527
527 445
445 404
404 288
288 510
510 36
36 170
170 467
467 16
16 280
280 453
453 476
476 328
328 284
284 234
234 186
186 340
340 219
219 38
38 4
4 339
339 232
232 212
212 468
468 71
71 546
546 578
578 305
305 312
312 15
15 416
416 116
116 494
494 470
470 293
293 79
79 461
461 28
28 222
222 158
158 385
385 82
82 386
386 129
129 391
391 571
571 191
191 139
139 5
5 279
279 282
282 442
442 208
208 597
597 117
117 431
431 348
348 58
58 435
435 381
381 393
393 211
211 236
236 106
106 41
41 537
537 42
42 145
145 303
303 405
405 329
329 553
553 595
595 310
310 3
3 133
133 365
365 511
511 18
18 196
196 2
2 379
379 109
109 535
535 443
443 542
542 199
199 321
321 150
150 325
325 326
326 261
261 368
368 147
147 536
536 529
529 300
300 369
369 21
21 74
74 371
371 460
460 171
171 205
205 266
266 486
486 231
231 73
73 452
452 585
585 27
27 538
538 51
51 406
406 52
52 255
255 296
296 333
333 583
583 204
204 575
575 570
570 262
262 230
230 195
195 190
190 503
503 584
584 360
360 590
590 411
411 144
144 479
479 46
46 80
80 11
11 84
84 508
508 103
103 112
112 235
235 61
61 516
516 342
342 522
522 128
128 540
540 354
354 130
130 481
481 499
499 519
519 8
8 188
188 356
356 136
136 69
69 580
580 244
244 544
544 114
114 466
466 176
176 417
417 398
398 440
440 387
387 485
485 596
596 50
50 59
59 165
165 359
359 281
281 318
318 579
579 254
254 146
146 167
167 66
66 459
459 277
277 141
141 258
258 134
134 155
155 345
345 532
532 104
104 286
286 383
383 110
110 239
239 566
566 125
125 309
309 0
0 123
123 31
31 94
94 471
471 422
422 319
319 457
457 113
113 490
490 589
589 86
86 30
30 237
237 420
420 213
213 343
343 320
320 400
400 164
164 224
224 446
446 246
246 419
419 214
214 194
194 197
197 454
454 223
223 98
98 559
559 140
140 313
313 465
465 259
259 425
425 47
47 169
169 43
43 77
77 275
275 525
525 572
572 127
127 95
95 132
132 203
203 185
185 372
372 294
294 530
530 283
283 581
581 564
564 54
54 397
397 350
350 341
341 432
432 324
324 99
99 395
395 376
376 495
495 392
392 91
91 256
256 477
477 97
97 240
240 548
548 456
456 588
588 587
587 592
592 102
102 363
363 573
573 108
108 591
591 351
351 474
474 227
227 241
241 413
413 317
317 430
430 92
92 233
233 172
172 291
291 367
367 267
267 374
374 245
245 355
355 85
85 361
361 424
424 247
247 182
182 152
152 25
25 297
297 75
75 512
512 347
347 39
39 455
455 501
501 375
375 552
552 157
157 349
349 217
217 539
539 473
473 352
352 81
81 332
332 126
126 338
338 29
29 334
334 487
487 549
549 100
100 210
210 115
115 148
148 599
599 513
513 302
302 427
427 506
506 183
183 523
523 45
45 362
362 557
557 335
335 407
407 142
142 408
408 482
482 184
184 409
409 78
78 200
200 67
67 278
278 53
53 518
518 507
507 598
598 124
329 93
216 585
11 245
365 236
490 277
592 568
217 542
499 45
132 519
422 302
590 367
518 571
512 559
249 345
539 497
74 178
326 155
222 337
67 65
307 521
489 154
444 328
439 595
56 529
524 273
478 405
316 123
66 236
486 370
259 443
303 11
534 30
139 528
499 350
423 123
524 534
1 37
173 3
71 377
103 69
17 137
133 294
170 180
124 247
210 402
60 427
58 516
475 369
307 106
319 212
102 533
116 23
232 488
442 503
595 137
482 300
35 314
483 470
546 594
512 87
495 598
466 584
232 590
270 271
316 489
513 113
391 190
118 13
587 482
530 348
598 221
193 35
25 0
221 129
62 411
582 139
390 394
434 555
549 40
387 284
458 438
439 241
131 163
157 132
238 494
282 71
26 102
366 251
309 120
361 173
421 520
469 486
101 249
175 342
351 463
489 47
212 322
92 106
189 76
554 255
478 591
361 39
499 8
245 363
57 485
373 538
142 420
423 245
10 33
409 440
214 122
162 387
78 314
463 495
133 101
553 433
411 320
369 238
450 202
459 259
156 458
12 202
81 501
298 371
214 202
567 175
81 98
498 427
259 250
464 142
216 121
368 596
510 358
582 320
121 539
112 495
32 165
184 529
166 490
388 228
231 147
173 581
501 418
119 395
100 176
133 104
136 358
78 514
583 186
144 350
340 251
475 164
161 443
269 364
414 90
453 375
451 539
456 419
360 194
133 4
444 273
114 111
156 349
7 511
431 376
526 184
573 245
157 567
243 82
284 587
239 593
348 470
588 238
573 579
161 150
331 318
413 263
289 74
549 225
230 43
14 245
13 320
119 394
312 338
102 575
496 433
572 536
288 445
545 386
58 417
541 50
203 504
25 489
260 86
123 299
141 339
530 252
279 307
539 261
185 357
198 457
97 546
290 125
51 386
291 95
382 229
397 185
505 142
115 290
267 0
558 398
212 588
205 475
563 236
489 36
348 526
23 488
532 376
81 353
176 127
14 386
509 562
235 171
318 69
444 326
199 371
562 63
579 429
528 153
430 552
28 242
570 152
403 201
109 186
243 35
556 487
373 58
581 494
223 345
436 570
544 195
368 418
344 11
223 488
20 549
290 58
560 445
167 415
326 269
429 538
30 268
490 363
180 106
567 317
226 356
322 101
76 577
266 348
419 537
570 263
447 287
268 562
348 269
386 98
104 295
430 313
225 500
208 425
385 165
164 277
25 133
191 596
301 300
445 61
78 152
1 386
141 517
268 379
48 497
144 393
36 467
537 405
368 515
241 510
583 253
60 468
429 550
367 330
198 100
586 293
209 143
426 35
84 470
529 442
458 421
20 411
414 416
27 569
180 406
364 185
83 415
283 564
463 524
371 283
142 235
361 79
179 57
92 104
127 307
450 525
196 230
184 35
29 414
214 188
311 226
270 493
150 567
121 27
366 363
385 198
295 404
218 393
220 477
78 108
493 201
40 580
195 416
597 588
66 308
553 89
272 530
152 147
137 112
339 307
240 179
405 582
571 416
120 28
102 273
107 210
303 211
220 430
554 163
140 340
571 575
41 57
347 512
85 241
160 237
445 566
447 552
48 306
343 511
364 205
308 593
202 498
479 278
348 295
492 39
73 215
489 171
179 291
438 547
124 41
120 93
473 522
17 51
80 540
543 210
319 166
397 349
221 95
122 15
205 182
53 110
189 238
310 500
375 43
108 317
188 262
324 180
260 479
234 578
328 566
438 99
166 283
287 39
3 263
572 43
122 280
362 446
577 564
153 555
229 565
273 540
284 365
478 508
205 183
415 100
311 296
79 103
300 281
102 185
256 326
347 419
81 16
515 512
577 332
62 596
369 333
314 83
51 293
43 421
451 317
324 456
94 217
496 316
237 286
122 331
53 517
595 243
183 448
292 24
156 174
17 190
158 380
242 9
469 475
515 322
41 521
582 218
80 423
375 489
453 386
335 86
341 534
223 377
444 537
340 21
278 413
70 509
374 377
570 350
316 546
202 248
431 292
106 336
217 199
165 548
583 486
69 583
175 552
503 215
216 394
84 202
184 573
113 50
227 317
115 491
92 143
562 270
382 194
264 594
157 476
239 219
358 65
420 173
288 216
60 523
444 591
298 354
499 584
179 589
329 330
257 126
182 334
112 542
589 520
340 155
552 109
183 105
260 348
531 202
209 364
291 319
325 160
356 529
198 49
464 559
95 14
489 28
524 385
9 12
256 191
242 520
555 396
51 30
84 461
489 163
321 251
62 506
72 277
434 205
165 239
542 274
22 266
526 37
22 261
175 153
431 310
241 362
103 387
567 192
551 113
6 185
357 13
409 365
120 335
476 57
563 594
517 52
536 580
248 567
323 336
245 140
533 450
246 393
414 228
135 242
568 411
315 61
267 11
471 231
207 25
520 592
200 468
407 410
201 482
128 431
208 339
443 140
295 382
229 295
134 574
481 407
11 203
13 329
254 585
452 291
189 300
23 172
310 5
246 567
522 438
492 152
406 530
4 161
89 25
551 143
233 304
78 233
333 408
174 168
415 144
352 288
238 209
489 258
126 289
214 124
598 164
396 51
206 110
511 214
105 91
226 180
419 82
48 50
195 383
64 589
462 78
597 483
33 561
574 370
359 504
527 392
328 383
232 363
441 524
55 579
582 536
139 128
259 393
148 157
208 277
219 160
70 187
570 103
211 293
135 140
184 65
393 597
104 231
258 103
206 371
16 168
82 457
342 586
410 127
579 264
8 54
151 459
275 35
72 348
194 574
92 531
139 410
468 457
505 597
181 70
210 436
203 83
477 33
238 387
272 317
32 152
360 498
251 113
228 415
314 460
334 550
263 514
228 57
249 27
198 281
525 285
186 212
458 316
449 513
520 540
313 76
497 512
152 454
557 422
25 364
366 447
520 48
222 95
52 186
581 552
264 507
7 43
97 369
528 180
312 93
67 479
73 261
584 584
574 93
566 109
437 89
470 249
361 54
271 303
582 133
128 578
72 291
278 557
312 579
55 158
1 528
384 394
349 274
77 24
560 233
17 542
517 466
497 218
336 546
281 102
303 344
326 181
552 520
502 111
45 271
518 396
588 203
352 60
14 547
187 157
537 331
261 335
366 470
554 195
124 416
53 61
325 531
342 415
597 465
83 146
564 156
440 316
580 256
549 114
301 223
457 484
376 70
34 310
537 198
105 241
527 599
76 588
251 369
444 168
438 398
532 334
40 345
60 101
384 419
14 240
178 204
513 186
29 433
478 44
336 305
513 269
428 63
202 430
325 172
29 60
366 54
58 45
10 202
389 301
469 527
380 409
326 463
454 351
91 163
361 100
573 521
179 122
578 268
140 466
232 599
507 296
565 382
274 93
346 76
434 282
183 572
128 340
468 371
254 64
524 565
293 297
423 57
181 45
211 427
88 536
196 357
374 420
357 488
236 315
469 280
199 119
485 264
373 473
358 170
356 584
389 188
478 562
89 461
281 178
341 408
114 294
195 408
328 238
333 231
127 483
423 209
212 143
570 24
131 377
6 95
351 321
112 325
322 401
295 199
134 80
261 77
299 482
464 31
539 500
466 78
590 503
56 392
31 246
250 283
523 536
579 426
223 588
450 548
533 261
575 91
449 13
151 353
534 568
284 61
392 2
388 413
205 582
568 142
135 302
588 89
231 314
120 513
340 78
314 202
590 261
472 218
509 46
257 306
316 220
240 466
418 22
318 473
131 564
382 469
13 395
44 478
129 596
458 544
276 270
46 596
21 490
202 188
136 524
292 57
481 11
569 330
242 571
204 525
431 153
455 159
103 423
184 540
468 299
24 404
276 307
444 174
109 503
147 505
152 369
130 441
531 91
395 547
360 315
518 16
376 108
6 107
250 425
62 525
552 594
243 529
267 559
298 32
237 522
213 411
444 303
434 592
8 307
596 389
141 443
227 331
332 9
79 39
208 222
23 465
287 140
326 87
462 19
551 3
71 145
266 561
585 278
431 388
472 147
341 155
300 135
577 251
223 591
529 217
329 295
192 418
370 505
368 560
32 142
578 99
269 111
534 396
142 382
553 349
144 433
461 584
79 420
415 103
181 426
508 501
412 123
38 332
199 64
18 86
316 122
478 436
480 348
359 17
104 109
24 224
73 9
37 371
202 54
470 8
276 515
131 561
267 97
77 25
422 414
503 585
184 15
329 220
467 197
192 446
462 27
199 478
447 303
284 330
125 42
202 542
110 223
128 566
574 513
432 552
284 159
89 386
415 402
339 2
231 158
233 103
207 274
268 138
496 232
9 548
132 532
178 521
487 493
544 57
296 439
311 356
355 307
567 153
579 457
427 255
317 251
255 256
348 152
446 146
572 406
472 353
513 368
348 141
167 215
530 420
14 330
496 471
401 164
551 434
368 227
519 71
238 121
557 197
475 260
578 65
249 457
225 54
123 390
73 220
565 331
171 470
510 108
276 341
396 71
316 229
284 4
439 528
101 182
323 450
7 13
158 344
583 176
322 569
531 61
574 223
451 320
414 202
5 586
567 47
441 15
598 130
197 382
370 17
60 319
548 43
89 28
395 27
341 2
275 529
596 310
435 220
3 291
115 274
583 55
96 214
198 499
369 527
596 564
393 157
138 200
480 119
416 329
40 0
572 348
488 508
40 258
4 162
448 149
130 480
584 483
224 535
134 23
511 103
218 226
533 6
509 101
275 126
301 240
249 167
73 541
39 252
516 482
481 343
41 220
591 173
526 309
534 101
565 14
176 419
410 70
570 497
277 453
24 517
341 370
17 245
597 139
151 299
44 531
116 57
246 189
240 372
78 7
309 447
543 530
599 452
228 157
156 435
229 405
11 275
405 20
356 420
190 466
473 357
41 30
385 72
410 558
32 483
503 242
337 379
100 199
131 439
372 459
172 355
449 349
473 565
1 461
310 62
526 361
473 107
478 163
149 29
342 424
111 122
444 204
179 354
137 81
54 112
390 488
407 415
230 224
120 414
536 275
537 425
226 219
278 453
347 157
76 422
83 316
391 586
202 35
450 560
382 423
460 578
422 41
261 493
328 542
230 426
123 599
55 422
445 175
423 577
55 298
366 191
543 22
152 305
589 70
546 535
548 29
247 18
338 460
149 403
143 285
135 573
434 441
579 478
74 491
23 253
209 205
119 50
138 48
546 246
273 402
451 37
66 375
551 439
384 511
361 320
255 51
18 143
445 108
507 403
204 164
308 573
382 574
21 420
142 329
124 261
369 195
591 133
1 257
568 418
536 262
259 473
167 280
451 307
61 569
147 388
439 76
251 72
588 126
328 248
566 498
120 223
470 333
188 415
369 466
366 547
238 406
121 459
482 0
436 96
215 465
562 340
244 491
25 475
22 102
224 475
428 160
456 85
15 503
576 408
140 331
270 275
337 489
309 191
91 162
415 374
528 313
88 484
516 506
417 298
113 195
472 117
270 228
400 27
498 329
181 31
153 500
185 281
403 348
309 334
592 423
86 174
488 559
529 304
499 549
251 545
477 435
139 321
56 14
128 103
521 60
1 417
296 529
137 135
92 18
308 292
261 37
383 291
178 531
315 147
77 231
361 176
392 575
164 474
263 546
192 145
40 405
400 93
43 213
35 407
105 368
303 568
506 277
144 506
294 549
223 378
214 364
593 481
347 497
489 283
570 412
73 191
424 379
67 521
317 558
304 562
541 170
318 424
591 106
121 267
422 246
491 310
541 575
107 249
323 445
596 229
528 96
272 267
92 76
438 491
68 375
138 303
581 421
374 583
92 376
483 239
227 396
216 105
256 212
289 510
289 201
344 516
219 233
365 373
578 432
304 598
131 221
84 476
178 559
521 250
146 297
331 586
149 188
291 185
382 289
98 78
31 61
274 124
363 393
476 137
60 155
91 78
333 457
310 442
201 414
558 521
63 570
561 530
523 144
159 433
475 77
25 263
40 488
359 123
477 329
448 115
501 333
265 497
388 267
546 448
139 397
320 182
368 103
562 377
411 524
149 267
178 240
26 440
30 442
162 20
339 512
517 167
433 466
396 199
99 129
129 198
467 331
121 544
503 509
130 232
191 266
353 477
48 471
319 67
107 178
563 440
338 381
469 383
70 46
207 545
470 369
389 63
462 14
342 224
42 182
239 464
359 27
376 490
111 344
358 221
184 562
170 419
184 147
54 568
321 265
425 430
220 97
151 109
534 475
208 92
115 399
531 28
323 449
372 571
240 369
229 441
189 367
58 383
239 381
157 16
152 426
50 255
584 59
538 79
424 340
568 598
372 330
536 100
172 140
25 246
238 581
441 559
188 83
358 123
376 368
240 499
261 398
483 218
131 98
21 410
247 456
356 148
261 585
469 438
433 496
231 433
408 556
345 528
488 340
207 470
533 572
73 376
164 320
82 70
565 446
218 79
240 247
128 74
223 491
129 125
209 387
118 350
277 237
420 37
277 591
431 225
468 243
578 427
487 356
37 220
317 460
16 3
416 369
499 280
553 170
563 184
426 92
516 182
480 425
497 450
340 42
136 497
425 537
259 534
257 370
451 47
50 429
271 381
67 498
192 276
3 430
532 47
392 116
129 458
466 592
478 376
282 467
110 370
4 355
119 595
29 107
503 216
99 43
265 510
524 395
82 333
296 306
337 254
293 259
416 128
361 103
313 353
544 475
220 351
86 341
383 57
11 178
17 195
343 300
472 561
274 360
439 253
226 450
447 377
173 22
223 256
41 483
497 529
436 155
48 591
345 193
84 151
596 339
425 481
418 45
436 383
416 481
452 475
216 3
341 99
327 567
64 594
264 565
518 262
83 559
157 365
28 89
286 178
137 379
109 594
17 457
96 589
408 84
530 319
18 551
539 206
203 405
58 564
262 17
0 118
448 402
574 403
230 305
211 418
230 169
361 366
210 500
91 31
213 38
324 203
208 358
562 252
170 307
476 595
566 269
170 268
329 83
13 538
409 52
91 521
551 137
530 501
41 292
399 274
499 85
426 332
316 502
322 40
427 301
449 598
420 417
300 416
236 412
362 548
46 76
513 145
593 148
557 589
372 319
528 388
390 492
597 337
339 366
558 153
379 311
244 484
478 255
207 0
406 395
371 47
412 525
165 8
273 401
291 373
142 320
453 458
498 541
272 519
370 565
55 68
445 89
548 379
244 459
532 555
513 496
429 4
487 597
596 180
271 557
463 10
589 382
227 536
237 529
491 131
266 267
5 355
418 375
571 337
233 156
395 453
210 136
331 514
188 581
484 256
165 203
409 391
418 253
469 489
60 372
190 270
551 80
10 350
261 444
496 492
258 120
90 575
530 493
234 274
195 595
199 312
337 54
573 126
437 101
287 576
418 27
86 276
309 51
379 578
119 308
588 381
12 256
259 266
491 565
383 418
209 599
129 448
490 229
318 440
360 573
145 146
16 348
478 316
278 83
459 132
32 314
434 421
407 598
569 157
386 85
426 478
487 68
542 255
294 8
165 495
217 160
160 579
310 554
6 532
376 253
119 475
382 59
351 346
526 377
15 249
515 84
71 589
540 203
156 472
354 140
429 452
21 546
4 124
195 85
519 78
198 102
390 35
508 50
565 155
541 82
103 363
39 205
452 449
135 109
467 553
70 456
585 283
393 306
305 28
70 335
51 14
201 523
428 594
469 567
291 96
72 164
153 545
42 516
488 302
28 328
335 154
362 354
435 437
306 161
110 238
274 185
339 327
492 253
366 552
106 393
468 460
190 228
268 162
34 229
335 446
322 43
138 454
500 399
5 16
115 169
541 468
562 551
29 485
477 240
468 145
72 418
533 291
365 146
15 561
300 500
57 137
111 87
533 336
270 52
310 23
556 12
108 423
373 240
402 390
578 348
320 416
221 282
368 429
458 516
305 531
91 594
195 469
391 356
587 198
202 63
390 336
515 243
450 587
518 97
517 474
81 306
37 386
480 250
451 199
355 83
451 388
348 247
411 385
170 141
417 157
401 90
29 271
299 331
111 15
493 332
350 42
123 514
529 372
80 531
315 452
61 121
345 195
94 523
48 200
447 57
187 442
304 107
171 219
111 276
271 281
355 470
285 459
77 233
44 317
376 175
185 512
316 463
148 118
12 599
566 482
397 200
373 566
335 461
330 224
499 325
34 416
328 455
385 211
422 39
136 378
234 526
206 263
583 117
113 525
281 184
138 474
404 165
356 358
501 462
349 491
369 486
433 155
91 202
567 123
297 449
364 588
193 57
484 347
286 419
128 356
150 43
27 117
466 365
353 471
119 584
406 231
213 125
413 4
443 126
393 227
142 536
446 26
220 66
278 450
405 327
539 423
252 223
265 516
186 472
180 133
546 529
397 94
176 5
547 492
140 542
203 385
0 43
550 320
463 461
454 43
550 321
412 101
216 591
536 115
592 445
221 303
82 494
396 357
68 457
106 500
35 85
192 218
35 450
90 35
242 587
319 562
306 239
229 396
488 557
493 29
552 589
483 121
215 445
6 6
301 586
104 142
284 256
431 486
263 460
489 213
546 132
446 200
199 88
557 130
230 194
355 272
371 174
393 473
449 536
528 416
453 529
459 108
436 116
538 92
413 297
249 210
552 482
220 577
566 131
98 415
371 566
480 586
275 264
431 102
514 522
174 565
98 297
278 418
420 487
82 331
277 241
367 469
568 142
93 128
404 157
27 445
306 177
464 13
3 422
202 354
78 340
9 85
230 147
599 518
317 353
167 209
284 525
143 570
203 484
379 435
143 193
214 572
473 10
310 123
55 277
150 562
536 544
506 538
26 496
475 387
583 27
242 26
465 44
18 253
314 164
104 349
398 398
122 134
404 38
127 570
187 345
28 145
574 519
453 516
391 142
425 495
534 152
111 95
43 175
240 219
11 169
451 501
49 297
524 19
559 291
183 516
115 338
152 55
249 179
465 297
491 345
377 33
577 243
112 224
240 175
192 112
250 324
145 413
480 303
165 511
525 53
439 121
283 439
164 81
455 158
389 18
162 363
300 230
579 490
195 527
524 488
295 57
559 246
78 456
442 341
180 97
154 121
297 164
598 255
105 130
202 571
140 149
6 435
182 509
429 125
216 412
421 248
171 150
352 148
125 48
590 395
534 156
467 203
264 332
196 576
23 489
552 135
138 67
585 552
319 117
85 493
129 460
553 35
106 54
220 13
362 222
371 136
597 474
572 91
349 305
281 538
558 381
201 305
98 167
516 598
228 19
592 265
580 268
401 409
181 193
250 269
372 428
244 590
330 503
446 59
307 436
259 265
194 496
301 13
426 110
398 45
276 194
360 35
170 452
74 480
360 246
348 228
295 366
100 28
85 387
318 517
462 41
395 432
84 355
78 49
320 295
160 66
197 273
481 362
450 35
272 538
416 203
89 150
568 576
356 363
354 302
54 421
439 445
441 329
357 65
541 37
89 570
133 62
349 36
16 63
183 557
166 168
290 157
431 459
353 233
307 452
331 276
169 297
408 439
344 382
309 557
237 375
346 224
543 493
222 136
76 129
262 53
57 256
533 207
517 20
391 262
452 448
503 339
453 289
569 165
164 486
123 460
248 209
309 244
415 62
371 523
543 466
233 113
358 598
443 63
250 103
430 296
324 497
184 485
41 158
485 435
338 398
257 82
356 170
83 596
112 17
437 146
74 377
249 251
554 333
46 181
236 456
264 34
207 187
39 429
26 473
204 555
331 465
494 580
121 488
362 570
478 219
255 20
391 185
319 503
370 168
581 175
272 86
281 142
505 128
243 291
499 130
176 253
513 314
93 129
344 289
579 298
365 305
532 329
44 432
41 524
545 182
539 19
148 354
201 214
531 492
514 295
539 181
312 299
521 405
539 585
599 437
297 225
590 506
187 104
393 213
355 118
500 328
379 592
370 583
287 191
331 202
177 96
223 105
351 272
519 183
106 307
159 457
289 24
126 486
30 345
131 290
269 450
199 72
382 461
58 170
139 365
24 577
574 590
420 209
597 107
62 114
147 53
407 467
570 480
334 63
282 347
465 502
102 541
42 369
569 19
378 339
425 192
340 474
447 177
8 44
588 87
461 524
115 114
405 213
550 102
397 157
36 441
35 23
183 560
201 133
560 246
319 485
98 455
570 402
484 76
582 416
306 67
201 270
356 438
137 209
21 254
462 480
508 470
542 494
23 32
84 153
198 21
325 418
157 380
491 470
446 94
316 287
455 546
48 575
226 127
468 587
460 46
254 184
222 276
267 293
364 469
438 127
254 533
268 455
77 160
219 414
169 123
383 489
313 166
326 534
409 5
248 417
312 554
436 446
191 251
300 199
266 485
308 420
52 584
426 12
69 111
444 77
148 91
13 210
48 550
12 354
575 201
268 129
399 96
546 384
33 284
6 364
595 365
223 132
340 107
130 12
515 96
17 42
337 179
528 92
442 7
461 209
12 418
113 156
44 565
212 413
481 123
102 81
6 77
482 122
430 93
568 148
424 288
403 555
575 448
21 570
371 317
199 272
415 337
414 241
249 453
449 550
367 497
403 5
259 594
156 465
378 5
562 536
46 347
145 142
123 189
452 49
137 217
592 136
173 129
506 330
25 75
21 439
504 30
580 245
503 42
143 8
510 230
169 183
127 101
309 428
322 111
334 198
305 455
167 483
414 340
24 132
308 176
384 458
374 453
426 26
522 483
131 336
352 197
288 327
410 10
428 271
548 441
473 203
312 450
53 396
597 522
582 491
291 204
365 433
79 564
146 572
372 143
557 110
313 359
19 417
424 530
358 494
530 406
76 526
247 149
304 36
254 418
183 349
199 223
72 14
291 216