620
3099
0,
1,
2,
3,
4,
5,
6,
7,
8,
9,
10,
11,
12,
13,
14,
15,
16,
17,
18,
19,
20,
21,
22,
23,
24,
25,
26,
27,
28,
29,
30,
31,
32,
33,
34,
35,
36,
37,
38,
39,
40,
41,
42,
43,
44,
45,
46,
47,
48,
49,
50,
51,
52,
53,
54,
55,
56,
57,
58,
59,
60,
61,
62,
63,
64,
65,
66,
67,
68,
69,
70,
71,
72,
73,
74,
75,
76,
77,
78,
79,
80,
81,
82,
83,
84,
85,
86,
87,
88,
89,
90,
91,
92,
93,
94,
95,
96,
97,
98,
99,
100,
101,
102,
103,
104,
105,
106,
107,
108,
109,
110,
111,
112,
113,
114,
115,
116,
117,
118,
119,
120,
121,
122,
123,
124,
125,
126,
127,
128,
129,
130,
131,
132,
133,
134,
135,
136,
137,
138,
139,
140,
141,
142,
143,
144,
145,
146,
147,
148,
149,
150,
151,
152,
153,
154,
155,
156,
157,
158,
159,
160,
161,
162,
163,
164,
165,
166,
167,
168,
169,
170,
171,
172,
173,
174,
175,
176,
177,
178,
179,
180,
181,
182,
183,
184,
185,
186,
187,
188,
189,
190,
191,
192,
193,
194,
195,
196,
197,
198,
199,
200,
201,
202,
203,
204,
205,
206,
207,
208,
209,
210,
211,
212,
213,
214,
215,
216,
217,
218,
219,
220,
221,
222,
223,
224,
225,
226,
227,
228,
229,
230,
231,
232,
233,
234,
235,
236,
237,
238,
239,
240,
241,
242,
243,
244,
245,
246,
247,
248,
249,
250,
251,
252,
253,
254,
255,
256,
257,
258,
259,
260,
261,
262,
263,
264,
265,
266,
267,
268,
269,
270,
271,
272,
273,
274,
275,
276,
277,
278,
279,
280,
281,
282,
283,
284,
285,
286,
287,
288,
289,
290,
291,
292,
293,
294,
295,
296,
297,
298,
299,
300,
301,
302,
303,
304,
305,
306,
307,
308,
309,
310,
311,
312,
313,
314,
315,
316,
317,
318,
319,
320,
321,
322,
323,
324,
325,
326,
327,
328,
329,
330,
331,
332,
333,
334,
335,
336,
337,
338,
339,
340,
341,
342,
343,
344,
345,
346,
347,
348,
349,
350,
351,
352,
353,
354,
355,
356,
357,
358,
359,
360,
361,
362,
363,
364,
365,
366,
367,
368,
369,
370,
371,
372,
373,
374,
375,
376,
377,
378,
379,
380,
381,
382,
383,
384,
385,
386,
387,
388,
389,
390,
391,
392,
393,
394,
395,
396,
397,
398,
399,
400,
401,
402,
403,
404,
405,
406,
407,
408,
409,
410,
411,
412,
413,
414,
415,
416,
417,
418,
419,
420,
421,
422,
423,
424,
425,
426,
427,
428,
429,
430,
431,
432,
433,
434,
435,
436,
437,
438,
439,
440,
441,
442,
443,
444,
445,
446,
447,
448,
449,
450,
451,
452,
453,
454,
455,
456,
457,
458,
459,
460,
461,
462,
463,
464,
465,
466,
467,
468,
469,
470,
471,
472,
473,
474,
475,
476,
477,
478,
479,
480,
481,
482,
483,
484,
485,
486,
487,
488,
489,
490,
491,
492,
493,
494,
495,
496,
497,
498,
499,
500,
501,
502,
503,
504,
505,
506,
507,
508,
509,
510,
511,
512,
513,
514,
515,
516,
517,
518,
519,
520,
521,
522,
523,
524,
525,
526,
527,
528,
529,
530,
531,
532,
533,
534,
535,
536,
537,
538,
539,
540,
541,
542,
543,
544,
545,
546,
547,
548,
549,
550,
551,
552,
553,
554,
555,
556,
557,
558,
559,
560,
561,
562,
563,
564,
565,
566,
567,
568,
569,
570,
571,
572,
573,
574,
575,
576,
577,
578,
579,
580,
581,
582,
583,
584,
585,
586,
587,
588,
589,
590,
591,
592,
593,
594,
595,
596,
597,
598,
599,
600,
601,
602,
603,
604,
605,
606,
607,
608,
609,
610,
611,
612,
613,
614,
615,
616,
617,
618,
619
397 375
375 356
356 269
269 545
545 153
153 221
221 451
451 490
490 611
611 523
523 323
323 319
319 468
468 135
135 511
511 116
116 548
548 398
398 448
448 583
583 57
57 475
475 280
280 75
75 526
526 9
9 259
259 341
341 508
508 330
330 25
25 551
551 105
105 166
166 291
291 443
443 332
332 297
297 311
311 559
559 170
170 304
304 206
206 17
17 333
333 365
365 16
16 579
579 587
587 454
454 581
581 351
351 63
63 181
181 413
413 293
293 143
143 188
188 198
198 495
495 210
210 165
165 603
603 243
243 392
392 394
394 91
91 35
35 117
117 386
386 530
530 477
477 415
415 51
51 209
209 303
303 467
467 217
217 40
40 42
42 344
344 391
391 140
140 497
497 512
512 368
368 424
424 325
325 470
470 331
331 115
115 462
462 418
418 355
355 22
22 220
220 314
314 539
539 301
301 383
383 288
288 222
222 315
315 528
528 96
96 139
139 30
30 614
614 289
289 605
605 46
46 62
62 108
108 565
565 295
295 150
150 111
111 328
328 370
370 201
201 171
171 513
513 158
158 167
167 335
335 231
231 141
141 437
437 237
237 240
240 56
56 427
427 474
474 302
302 322
322 234
234 219
219 213
213 377
377 393
393 218
218 156
156 607
607 32
32 359
359 244
244 306
306 271
271 253
253 76
76 390
390 434
434 535
535 266
266 264
264 102
102 8
8 362
362 223
223 305
305 249
249 173
173 4
4 402
402 67
67 202
202 279
279 182
182 98
98 354
354 164
164 261
261 174
174 606
606 469
469 578
578 205
205 177
177 479
479 15
15 414
414 190
190 373
373 144
144 616
616 485
485 265
265 425
425 126
126 483
483 555
555 192
192 473
473 321
321 364
364 275
275 514
514 36
36 0
0 274
274 88
88 353
353 499
499 110
110 79
79 268
268 594
594 187
187 312
312 442
442 31
31 162
162 439
439 456
456 142
142 404
404 568
568 560
560 416
416 128
128 598
598 45
45 590
590 239
239 258
258 346
346 230
230 357
357 575
575 381
381 458
458 337
337 299
299 195
195 148
148 238
238 407
407 433
433 348
348 417
417 276
276 465
465 123
123 87
87 352
352 21
21 47
47 516
516 385
385 130
130 540
540 428
428 482
482 23
23 309
309 109
109 97
97 466
466 426
426 248
248 577
577 480
480 283
283 251
251 186
186 478
478 569
569 347
347 412
412 49
49 481
481 489
489 506
506 38
38 562
562 112
112 584
584 260
260 281
281 296
296 557
557 537
537 529
529 99
99 37
37 224
224 515
515 601
601 191
191 618
618 236
236 326
326 145
145 421
421 285
285 573
573 263
263 374
374 59
59 510
510 411
411 500
500 593
593 119
119 69
69 43
43 247
247 524
524 26
26 435
435 476
476 343
343 242
242 531
531 498
498 553
553 447
447 169
169 137
137 204
204 408
408 114
114 185
185 55
55 460
460 615
615 92
92 10
10 561
561 95
95 168
168 486
486 134
134 542
542 84
84 342
342 14
14 11
11 320
320 367
367 544
544 307
307 619
619 378
378 389
389 410
410 518
518 290
290 438
438 324
324 520
520 422
422 591
591 532
532 85
85 522
522 564
564 431
431 610
610 245
245 563
563 599
599 178
178 54
54 27
27 129
129 180
180 588
588 338
338 600
600 488
488 487
487 384
384 124
124 549
549 60
60 491
491 200
200 552
552 2
2 273
273 525
525 464
464 149
149 255
255 233
233 286
286 80
80 592
592 502
502 617
617 399
399 184
184 406
406 39
39 252
252 28
28 152
152 6
6 52
52 554
554 463
463 570
570 70
70 53
53 58
58 345
345 73
73 595
595 423
423 339
339 387
387 241
241 34
34 358
358 536
536 298
298 566
566 5
5 197
197 216
216 313
313 229
229 235
235 400
400 146
146 445
445 19
19 609
609 3
3 432
432 612
612 50
50 7
7 256
256 66
66 461
461 41
41 48
48 574
574 93
93 270
270 215
215 267
267 509
509 349
349 257
257 103
103 604
604 208
208 453
453 409
409 363
363 571
571 484
484 471
471 316
316 138
138 118
118 232
232 193
193 278
278 572
572 517
517 151
151 172
172 227
227 596
596 133
133 401
401 505
505 90
90 262
262 371
371 211
211 327
327 550
550 83
83 494
494 250
250 472
472 585
585 329
329 194
194 317
317 33
33 225
225 541
541 444
444 519
519 282
282 77
77 159
159 441
441 527
527 455
455 107
107 64
64 429
429 380
380 136
136 71
71 308
308 395
395 160
160 277
277 546
546 369
369 361
361 12
12 29
29 122
122 226
226 446
446 419
419 366
366 372
372 13
13 132
132 183
183 175
175 81
81 212
212 154
154 534
534 586
586 318
318 504
504 214
214 246
246 131
131 430
430 61
61 613
613 459
459 196
196 121
121 203
203 405
405 94
94 287
287 396
396 82
82 147
147 157
157 558
558 189
189 501
501 533
533 68
68 547
547 120
120 420
420 163
163 379
379 113
113 20
20 496
496 608
608 582
582 101
101 300
300 65
65 336
336 18
18 125
125 1
1 179
179 403
403 100
100 360
360 292
292 589
589 44
44 334
334 376
376 176
176 576
576 340
340 78
78 284
284 74
74 543
543 104
104 507
507 440
440 493
493 452
452 106
106 457
457 272
272 556
556 450
450 567
567 199
199 155
155 597
597 207
207 228
228 72
72 294
294 388
388 602
602 350
350 127
127 382
382 24
24 161
161 538
538 310
310 449
449 254
254 89
89 521
521 580
580 503
503 436
436 86
86 492
220 0
443 86
146 610
3 540
96 444
424 431
80 560
401 138
230 416
360 209
74 422
282 464
550 362
336 129
160 79
616 331
174 86
149 567
479 181
143 258
4 573
313 145
251 282
445 617
388 432
340 438
497 97
477 240
480 546
207 401
523 227
526 608
330 188
219 230
572 510
76 581
142 357
328 173
215 121
2 566
166 450
375 389
589 134
67 342
420 442
373 59
107 590
302 591
426 266
30 39
244 19
422 232
143 95
477 453
443 512
577 410
418 396
256 488
381 393
558 45
70 483
435 583
114 40
406 372
90 70
191 469
524 280
36 189
560 438
70 573
311 389
222 405
473 450
295 214
206 370
424 405
481 510
253 196
70 353
114 339
303 153
400 511
27 567
289 225
310 401
494 480
389 232
136 221
222 287
503 465
549 55
529 518
144 234
544 61
545 321
498 452
506 589
422 14
27 540
7 481
389 579
528 530
480 142
192 143
496 164
176 482
469 122
150 170
180 375
168 553
167 142
602 481
600 381
387 578
197 256
92 480
246 373
220 356
193 340
95 582
39 195
163 512
410 167
243 422
590 265
618 126
397 413
428 576
177 391
539 288
100 537
480 319
332 44
588 290
248 99
97 261
213 456
125 360
351 541
86 315
138 112
481 227
209 617
456 19
46 376
586 602
597 315
476 4
21 577
572 264
203 65
616 298
165 230
147 461
449 128
317 563
303 593
287 281
426 568
444 235
599 122
54 321
537 524
57 120
20 416
135 116
117 197
234 469
314 408
360 313
377 329
436 394
40 82
325 333
587 358
331 550
117 381
308 456
166 155
525 361
385 95
596 168
531 116
373 459
41 318
469 530
440 263
346 472
515 452
374 255
448 406
12 610
537 259
520 447
80 205
279 144
342 244
185 436
194 554
174 67
477 554
84 439
259 218
506 580
382 355
539 209
307 585
223 341
567 506
397 98
547 333
31 304
287 568
546 618
452 189
602 616
316 252
315 288
150 493
127 341
542 169
7 284
241 210
47 21
205 550
251 93
386 12
488 321
13 246
421 448
44 8
201 119
95 397
248 346
428 246
32 43
197 250
90 95
215 77
54 553
183 276
243 564
64 121
226 594
544 225
233 442
375 69
296 284
531 533
179 28
314 98
4 131
412 360
26 429
525 604
204 481
535 214
554 445
231 577
578 197
369 298
355 273
51 378
217 124
177 455
398 451
342 64
195 407
242 79
441 389
444 84
308 166
390 33
549 555
212 495
195 302
67 60
242 348
7 455
83 155
452 261
353 73
168 44
189 390
458 581
420 617
481 101
261 257
87 585
285 609
238 43
372 464
136 25
396 580
492 53
408 45
56 444
182 415
300 481
412 503
506 150
474 514
217 603
25 348
575 157
463 517
251 156
173 197
266 579
520 365
274 62
8 578
352 324
45 596
84 336
401 253
558 442
167 366
458 64
563 288
395 13
220 255
582 215
489 334
381 379
64 191
342 290
144 48
208 513
596 285
429 306
374 26
424 375
307 467
473 582
514 239
332 593
237 429
352 167
497 608
211 244
447 28
151 612
438 236
471 491
23 137
401 469
132 134
23 596
321 340
178 539
316 33
384 81
342 163
243 4
351 31
99 419
15 99
596 342
152 366
565 94
85 138
382 109
420 46
444 562
567 411
449 551
108 306
117 325
270 134
427 41
462 43
559 119
222 106
196 606
558 400
491 267
103 30
209 483
12 296
443 235
220 543
219 48
375 265
237 615
525 288
75 344
424 362
309 18
568 268
498 6
436 122
214 556
42 546
325 112
467 609
345 305
48 65
424 134
183 561
147 612
36 182
394 467
309 618
15 505
460 28
549 426
615 615
534 396
378 104
255 54
574 524
8 89
255 537
542 494
520 250
337 85
90 3
39 602
241 487
216 341
215 248
369 424
420 338
519 166
168 268
104 12
56 340
184 432
393 38
429 395
530 271
324 266
330 354
403 587
569 19
517 384
346 539
400 53
20 610
552 161
13 323
443 18
362 578
478 30
227 152
480 388
183 435
152 192
484 413
537 164
526 342
369 39
53 612
551 0
195 88
519 301
197 496
16 88
235 398
93 529
304 411
81 499
450 598
560 300
595 409
380 32
49 483
577 411
43 194
321 219
111 114
170 323
383 85
310 560
618 183
549 543
212 320
575 124
546 568
510 333
404 355
140 122
305 123
409 55
296 103
273 191
377 615
239 76
179 8
31 119
471 123
350 146
16 157
211 595
577 478
69 303
372 502
228 455
159 255
542 493
293 482
443 289
571 499
598 533
368 294
445 394
376 104
518 145
103 329
17 278
258 427
230 181
332 224
534 90
464 302
505 564
311 20
234 429
348 185
385 480
111 317
166 81
212 150
453 513
146 137
25 496
447 188
255 238
119 503
512 245
356 124
551 311
237 44
110 167
9 285
161 262
500 541
531 593
379 188
597 189
122 81
418 318
138 436
138 104
20 225
552 279
480 283
245 563
600 502
535 400
88 619
414 500
276 446
537 390
401 39
276 355
73 219
105 217
443 157
563 109
16 266
163 33
190 229
147 527
366 588
480 512
486 421
292 95
399 253
408 414
388 210
449 101
519 256
283 299
601 292
82 486
532 97
83 95
247 459
495 145
173 577
233 501
176 220
33 244
421 372
313 502
6 97
545 370
304 54
120 52
603 583
106 52
391 104
302 33
28 207
127 336
472 229
395 235
405 461
107 221
398 21
577 33
545 578
283 290
462 218
25 312
186 520
562 80
81 233
309 486
279 247
528 591
558 457
239 318
309 605
589 544
284 444
300 261
446 380
178 447
195 446
65 95
361 123
612 467
124 435
500 143
592 539
553 51
345 255
441 596
507 547
424 567
97 14
240 171
284 601
197 140
42 203
94 132
475 393
580 156
341 147
595 241
209 158
215 491
395 193
527 207
157 294
136 450
4 172
102 385
350 311
588 526
413 186
221 179
178 303
600 354
495 324
561 54
64 359
610 378
53 406
473 26
132 492
463 13
112 318
325 134
270 277
488 4
409 489
570 473
334 351
192 498
614 247
534 313
165 382
123 581
411 376
4 149
211 9
28 323
494 74
437 428
99 40
453 519
283 465
302 578
86 525
168 289
170 486
89 435
297 554
454 235
479 24
61 145
158 442
580 577
24 119
574 233
352 393
449 299
0 102
54 291
23 109
112 87
9 189
301 310
310 319
324 171
425 457
377 229
191 81
13 321
176 129
586 618
532 180
463 444
153 486
261 68
55 363
524 495
407 160
394 456
20 545
160 93
544 71
475 522
523 203
391 189
550 558
408 573
331 158
292 68
504 504
586 7
132 456
617 100
43 6
178 218
271 273
366 44
547 137
10 300
577 615
497 552
107 595
563 338
563 470
196 363
497 274
495 490
154 253
187 406
434 281
463 21
324 498
253 26
524 38
401 222
475 359
515 242
601 71
389 604
279 393
381 466
206 529
574 252
95 619
513 327
116 497
579 15
390 485
232 404
17 292
50 246
492 228
258 557
59 1
551 22
487 324
380 491
284 488
138 304
453 245
96 277
517 444
419 567
73 546
437 89
38 255
192 498
215 103
194 139
277 33
455 64
37 90
382 607
618 423
138 220
495 224
73 289
557 457
292 23
612 252
72 341
591 342
99 433
398 88
216 618
141 216
597 19
433 456
108 357
184 506
497 361
85 182
52 559
80 40
84 482
242 310
335 616
240 88
324 160
213 583
114 176
129 289
411 281
311 444
312 595
165 8
434 55
133 434
328 331
321 454
379 290
506 91
456 391
491 326
82 265
182 590
278 555
521 59
41 501
504 441
408 240
401 392
99 576
567 343
518 74
471 359
539 445
87 7
141 277
556 159
589 521
319 167
546 571
97 40
129 403
434 515
9 317
618 547
319 536
110 347
357 601
174 571
216 550
439 357
543 395
186 174
617 480
573 472
479 228
588 305
346 525
531 535
397 138
344 583
82 550
604 209
207 214
530 332
585 544
394 402
165 447
130 552
316 257
215 543
333 282
376 543
6 233
427 424
562 536
246 67
29 14
285 165
131 619
569 321
350 104
396 17
533 1
515 554
422 309
214 527
97 580
508 11
427 118
503 318
333 485
84 289
115 608
411 333
431 27
492 487
355 462
291 322
86 197
99 343
406 394
596 166
16 574
67 404
241 305
79 301
364 82
249 453
593 476
221 545
366 143
59 181
215 127
392 446
96 5
270 372
582 363
395 356
135 612
564 171
65 151
600 12
618 363
595 576
56 299
119 37
211 510
176 18
459 531
62 537
361 77
146 68
316 312
157 415
105 170
367 489
597 525
99 401
612 75
461 341
77 333
406 333
411 166
468 572
222 394
598 514
451 102
589 587
162 258
420 364
287 437
546 297
145 437
300 394
208 605
528 394
150 295
162 256
119 503
259 141
110 256
48 39
406 301
484 547
179 350
272 171
424 448
17 30
120 70
309 21
189 494
546 52
224 186
608 146
27 587
452 314
456 502
507 197
208 99
45 109
397 307
299 468
111 540
58 34
331 262
221 347
204 483
140 31
519 275
279 439
360 518
610 116
156 343
524 447
454 79
264 533
448 403
142 608
486 328
219 66
424 533
369 31
43 430
462 353
180 577
460 605
156 70
77 510
487 465
77 71
126 288
181 314
421 509
334 478
51 181
291 480
39 571
117 267
82 523
489 118
354 426
518 181
145 144
119 53
492 441
449 111
240 181
539 263
507 19
582 558
54 425
349 107
343 245
30 616
151 424
478 151
379 252
525 33
477 524
504 258
518 228
244 84
26 289
345 315
69 216
49 393
103 47
19 379
255 35
519 159
369 343
384 163
450 88
245 133
260 362
190 517
39 164
544 123
163 75
533 154
495 62
344 236
382 492
444 443
74 433
547 477
506 358
287 128
390 364
173 516
446 409
573 343
424 302
38 187
274 496
544 60
122 574
74 264
404 496
1 415
173 509
343 283
588 12
243 461
66 149
559 30
531 297
161 293
229 175
217 243
43 611
602 482
439 96
492 184
26 135
362 3
531 446
203 440
369 71
429 131
10 327
299 109
500 269
615 36
494 341
356 133
143 310
134 277
502 96
609 10
82 149
389 538
241 36
205 391
495 183
102 129
184 77
318 587
192 567
549 352
361 409
348 153
456 96
473 277
30 51
551 289
196 73
111 135
466 107
44 497
211 520
51 518
326 240
292 219
385 102
508 452
143 280
525 169
596 615
175 559
434 228
5 374
105 23
340 531
454 39
24 303
216 548
199 521
214 173
9 92
618 241
572 431
439 347
303 172
432 243
386 594
596 146
258 2
199 287
560 598
554 578
469 436
263 3
606 167
188 428
474 552
567 507
180 325
414 322
211 434
365 0
365 445
308 361
423 26
63 91
243 545
179 448
187 363
532 25
353 109
531 156
206 192
155 12
335 331
225 573
490 0
135 610
363 288
134 160
225 576
229 329
363 549
411 445
579 185
430 536
324 567
316 468
387 283
473 242
588 302
430 171
564 315
155 340
89 250
527 492
405 449
488 314
29 280
539 5
293 386
251 189
386 449
26 411
112 109
558 468
82 174
516 466
174 544
156 351
594 572
395 594
343 37
568 341
537 349
299 490
62 474
121 275
137 323
568 121
346 355
234 519
126 124
582 166
488 132
89 297
601 548
311 309
444 37
494 145
441 137
32 310
530 74
477 215
285 52
154 443
77 511
590 70
76 30
1 513
570 119
61 405
126 238
201 64
134 192
119 228
206 246
546 286
560 60
352 185
78 494
501 54
538 365
488 180
406 220
271 421
228 405
410 313
480 58
456 420
131 456
242 478
211 235
154 356
238 146
287 222
482 569
137 198
209 337
566 510
79 503
93 368
387 530
23 314
54 189
71 282
521 295
601 420
192 439
327 107
574 172
497 431
273 237
69 532
393 345
402 10
17 429
162 359
107 531
0 581
141 291
104 444
86 488
531 84
582 473
323 600
544 144
126 229
2 513
403 139
54 317
2 334
70 221
196 15
349 592
582 452
566 440
146 199
512 509
218 548
335 99
427 425
474 231
357 139
355 346
148 517
443 617
326 517
267 523
277 28
229 104
294 471
591 533
83 422
294 20
479 385
353 321
202 139
263 49
270 26
572 491
506 357
437 596
143 303
61 469
204 139
498 314
454 72
452 103
551 455
131 1
347 91
134 252
411 350
425 586
276 151
122 335
264 563
34 118
368 116
530 284
390 413
517 424
510 573
541 439
13 583
33 49
298 179
188 524
47 179
348 528
179 115
601 466
63 596
479 26
16 103
336 543
287 294
149 296
447 552
443 281
333 254
260 283
524 129
111 607
487 489
603 423
572 206
371 330
159 543
269 364
486 275
422 381
530 335
473 345
103 126
441 510
429 316
146 60
516 229
533 207
385 331
87 245
385 104
91 351
185 619
440 56
484 87
88 150
90 469
474 199
519 37
197 225
258 483
264 497
185 548
197 559
602 408
153 61
251 517
212 536
347 565
600 41
504 185
35 151
294 607
55 385
42 543
174 245
424 101
65 352
436 347
44 423
277 272
361 570
543 484
267 70
238 221
423 596
262 317
489 41
513 505
75 277
351 31
357 331
90 330
150 443
41 615
561 558
435 236
355 299
110 613
380 436
92 113
27 544
523 356
221 518
198 215
461 51
344 74
201 34
558 507
184 440
459 534
279 162
103 471
509 384
236 107
436 275
397 332
508 38
220 307
518 129
370 85
415 268
126 491
30 364
277 111
126 365
348 579
53 408
338 361
258 194
381 31
4 557
111 548
108 62
432 200
53 158
410 103
260 13
482 27
598 154
43 471
479 80
206 509
412 151
255 208
580 11
442 146
596 205
534 535
445 513
479 565
231 342
378 221
437 313
310 460
200 447
194 173
464 73
440 598
94 253
501 167
197 535
552 382
587 500
454 399
399 432
609 250
459 609
513 147
526 200
499 514
392 127
231 191
474 458
479 287
213 619
516 613
274 81
33 271
600 48
12 514
157 318
354 38
127 6
79 532
80 68
175 540
127 95
358 277
192 488
440 206
515 581
236 382
144 139
89 364
251 99
456 390
263 111
190 272
102 128
372 587
1 118
509 231
105 245
41 380
341 600
168 427
426 483
312 571
589 259
316 337
310 542
122 378
492 303
223 304
213 344
582 80
195 458
348 569
211 64
448 593
301 206
576 446
271 15
323 501
467 428
600 498
503 454
580 244
86 598
171 27
326 317
264 227
184 261
340 512
381 70
376 195
324 424
114 501
453 470
235 391
149 589
136 86
495 152
134 564
374 224
208 164
537 536
285 377
25 202
566 132
548 406
144 378
500 94
557 395
143 282
503 570
440 294
376 481
236 394
440 218
154 275
26 223
610 602
519 174
425 471
215 5
351 124
266 379
349 146
239 430
149 102
45 507
603 111
101 446
19 410
340 567
285 381
224 248
540 598
111 414
409 312
123 214
571 44
217 404
304 447
429 225
192 457
44 61
90 57
204 463
452 59
366 305
388 279
424 612
571 51
368 127
395 511
197 222
32 249
454 225
411 189
87 322
613 577
69 109
186 293
430 448
288 415
5 477
209 22
229 352
21 251
424 474
282 36
269 418
465 212
315 534
576 403
0 494
619 37
574 94
376 111
496 450
351 489
565 233
401 326
535 426
497 424
184 575
126 359
450 589
516 403
102 153
612 202
368 63
245 328
124 175
262 22
596 582
377 60
77 108
181 64
520 397
508 492
444 207
310 150
204 39
453 30
251 76
439 292
298 124
464 462
499 101
555 33
225 399
331 245
244 307
268 497
542 230
346 54
330 597
25 581
337 600
367 546
58 465
589 180
591 230
413 486
255 194
558 331
97 242
556 372
57 421
233 39
286 543
450 570
594 99
132 376
416 241
244 64
174 116
565 245
15 260
480 531
419 127
429 128
200 392
504 539
317 512
106 469
221 42
381 457
537 544
91 352
489 327
374 600
417 487
443 481
558 482
535 282
211 447
85 29
273 131
540 63
210 63
613 333
50 367
542 5
436 186
312 145
108 51
204 243
474 261
388 260
308 354
508 53
64 152
190 594
248 270
431 2
365 264
531 259
107 264
488 325
126 432
483 31
387 267
344 62
344 191
546 26
407 301
156 111
117 5
572 561
442 85
461 588
169 48
507 70
174 151
27 92
224 356
410 85
189 45
287 87
507 537
190 268
133 386
340 351
548 315
555 559
559 150
81 567
236 28
425 349
551 260
93 423
302 49
365 434
122 408
342 339
357 51
285 555
414 353
544 287
56 49
364 161
330 365
496 205
17 309
353 577
200 76
307 311
197 481
175 219
616 464
105 481
567 257
141 93
316 99
253 511
427 585
440 527
190 339
503 91
320 381
81 135
27 450
184 172
97 521
67 383
270 393
24 229
434 260
563 436
568 85
61 543
328 90
256 341
146 371
334 590
237 289
539 308
522 136
182 600
582 357
447 595
512 204
213 441
370 473
86 456
144 187
162 31
128 274
166 235
15 574
207 78
523 389
187 113
78 7
460 45
574 594
198 181
298 407
280 82
18 177
239 18
101 595
53 345
87 603
146 512
45 521
15 393
306 271
183 606
185 537
183 588
282 113
495 151
77 440
251 181
4 124
582 273
358 66
275 84
83 201
504 390
240 40
387 159
323 543
4 457
353 497
461 36
368 445
199 105
507 2
44 31
47 58
45 460
573 480
294 385
412 113
579 22
399 255
424 282
319 291
195 278
20 90
47 326
374 323
530 593
370 95
576 121
394 296
69 76
118 92
497 506
54 174
42 323
176 487
417 411
244 544
349 370
582 62
288 76
553 143
487 518
284 60
365 147
383 241
175 568
127 354
126 303
255 34
129 395
64 445
105 308
162 251
582 236
48 255
243 424
65 367
9 55
262 211
33 2
195 301
56 580
427 10
120 89
302 22
206 209
532 285
210 170
4 451
290 462
430 319
381 422
422 175
64 103
534 76
601 80
26 137
123 244
106 350
2 69
538 175
313 78
527 246
15 206
168 71
247 487
608 589
216 417
78 152
289 492
524 28
186 535
72 127
550 477
567 603
373 198
201 460
15 494
453 371
408 616
532 498
473 41
8 292
266 102
407 295
377 44
238 416
187 452
105 126
12 335
223 286
238 213
573 154
25 84
524 456
377 442
430 233
240 433
275 209
348 608
212 151
516 211
458 460
286 45
534 345
297 108
186 63
513 169
324 549
272 516
208 75
235 417
573 598
481 452
33 324
313 427
32 27
222 354
471 373
479 427
247 104
76 134
553 428
191 415
177 12
610 559
309 501
273 211
438 62
560 16
28 245
262 131
475 95
255 364
201 103
367 74
122 556
356 522
12 164
482 267
31 519
331 335
277 578
198 306
24 55
489 316
89 255
84 488
234 356
476 21
461 146
617 75
4 460
52 305
464 580
425 229
531 33
388 122
286 529
318 331
443 61
334 367
158 319
105 280
363 121
540 30
168 547
548 276
459 318
509 358
599 554
168 164
218 288
120 231
548 540
39 598
522 304
381 16
574 321
525 556
461 114
409 8
287 55
163 102
558 473
10 553
431 345
43 390
194 50
545 157
341 592
452 277
603 414
104 169
508 286
416 203
429 521
555 170
594 582
495 178
176 208
534 478
11 427
373 334
285 571
569 99
113 69
141 430
360 312
458 538
100 224
95 179
336 377
593 566
226 328
224 460
529 241
601 187
334 238
298 71
92 84
11 337
68 595
95 400
463 574
578 402
457 327
156 231
395 429
10 35
448 550
160 333
216 192
327 363
409 534
22 491
233 342
619 419
471 151
559 586
524 584
434 149
613 462
177 549
300 315
29 360
198 175
233 33
302 531
266 322
538 217
209 227
301 394
500 192
520 588
157 577
18 238
447 296
461 527
205 262
333 289
11 521
539 108
179 468
493 235
386 472
376 277
517 378
18 501
133 58
130 120
506 280
415 596
141 363
424 296
343 11
315 481
19 188
500 394
263 399
554 431
601 162
143 78
614 348
505 496
114 589
558 617
439 308
89 482
235 187
325 590
392 585
79 29
464 407
100 496
14 592
283 7
328 26
355 465
414 204
143 192
335 511
521 325
576 287
427 356
91 89
45 190
547 262
474 114
97 403
8 69
142 64
50 604
163 93
185 192
252 432
573 422
153 184
227 332
343 592
236 415
71 237
38 533
278 433
471 458
16 567
284 145
257 403
84 526
193 450
506 63
565 613
284 49
40 592
226 206
403 473
408 49
146 186
192 442
325 486
266 272
82 28
453 481
344 43
475 446
263 402
205 474
353 470
38 25
320 383
327 607
70 415
52 59
388 607
292 272
14 30
166 619
60 217
384 430
310 328
82 476
353 74
232 362
284 602
154 176
97 508
154 461
347 563
210 349
57 508
517 389
539 71
519 13
234 274
234 291
436 446
196 443
404 360
188 369
406 117
31 568
511 116
472 253
591 474
161 375
83 338
489 158
419 464
67 94
0 303
503 255
153 322
485 39
243 447
490 607
37 192
514 454
56 192
417 285
325 178
609 617
555 308
457 383
40 392
98 314
323 564
398 505
195 283
53 465
60 117
463 311
468 487
356 296
332 311
191 420
502 370
105 441
397 167
96 504
77 338
399 96
69 404
505 269
157 114
290 544
310 152
0 554
555 348
484 436
40 609
437 15
203 239
130 57
33 111
108 344
65 167
214 267
490 406
431 202
305 303
403 480
613 265
246 585
45 342
494 191
69 203
476 295
600 482
400 180
72 335
507 505
24 291
214 571
14 374
91 616
617 395
168 533
422 19
50 324
502 415
240 385
475 374
309 190
374 63
327 277
382 23
238 320
476 447
603 22
40 205
113 600
217 156
591 187
79 268
421 136
329 426
309 522
88 308
181 294
403 301
415 242
297 193
491 257
306 219
413 603
585 2
204 598
18 32
278 166
3 18
150 225
243 378
26 601
28 461
604 300
524 189
300 206
404 276
214 607
285 507
214 105
537 109
380 25
201 316
184 467
338 68
570 162
480 65
63 140
119 387
99 610
360 113
73 217
472 285
415 581
440 422
134 239
504 257
494 214
471 335
115 150
493 235
398 590
560 338
169 288
589 441
446 200
90 58
124 484
520 362
522 90
377 366
298 108
594 552
202 12
331 599
102 81
435 105
447 365
178 497
351 247
348 225
607 444
316 535
311 282
418 161