66
329
0,
1,
2,
3,
4,
5,
6,
7,
8,
9,
10,
11,
12,
13,
14,
15,
16,
17,
18,
19,
20,
21,
22,
23,
24,
25,
26,
27,
28,
29,
30,
31,
32,
33,
34,
35,
36,
37,
38,
39,
40,
41,
42,
43,
44,
45,
46,
47,
48,
49,
50,
51,
52,
53,
54,
55,
56,
57,
58,
59,
60,
61,
62,
63,
64,
65
59 18
18 33
33 36
36 31
31 55
55 27
27 63
63 21
21 5
5 54
54 46
46 30
30 49
49 37
37 15
15 1
1 6
6 12
12 45
45 2
2 61
61 53
53 23
23 35
35 38
38 19
19 58
58 57
57 3
3 8
8 13
13 10
10 52
52 9
9 51
51 60
60 39
39 26
26 44
44 43
43 14
14 11
11 22
22 24
24 7
7 4
4 50
50 32
32 20
20 16
16 62
62 0
0 34
34 25
25 29
29 40
40 17
17 28
28 65
65 64
64 47
47 42
42 41
41 48
48 56
7 22
60 44
30 8
45 44
23 63
52 49
4 16
53 8
20 40
12 44
39 34
18 1
51 35
40 22
7 9
18 45
50 60
29 45
20 34
44 51
5 36
55 54
58 60
12 33
1 43
31 54
6 24
23 6
25 37
0 15
44 54
10 42
4 26
30 38
50 11
8 33
35 51
27 25
1 54
39 7
37 56
40 42
8 28
55 27
38 49
12 52
27 29
24 60
52 64
65 44
47 42
60 62
63 20
30 1
38 21
14 41
63 50
6 25
35 59
59 54
43 0
42 36
55 50
31 17
36 11
24 53
4 26
62 9
2 62
42 13
65 8
46 15
2 4
65 0
43 28
9 60
28 47
6 38
8 58
0 4
55 40
3 8
36 3
33 48
35 58
9 28
23 13
48 3
44 8
46 38
23 26
0 11
43 41
9 30
51 29
31 9
13 2
21 0
9 2
59 40
48 37
10 8
22 19
49 10
43 2
23 39
42 41
18 4
28 42
65 48
12 14
49 9
13 9
4 10
45 20
18 19
33 63
56 43
22 24
16 61
35 40
54 35
61 42
49 15
10 31
59 61
31 5
7 16
43 47
9 64
27 13
65 23
33 61
53 56
64 31
53 55
16 65
40 53
43 2
61 47
58 42
43 45
25 29
63 31
12 1
11 56
14 46
10 2
34 54
62 27
49 44
19 35
6 11
45 0
1 12
31 50
47 32
13 41
54 16
58 12
17 43
58 56
10 17
24 55
39 53
50 20
23 61
39 17
3 55
8 13
25 49
35 16
55 7
25 10
40 35
50 6
51 18
21 8
54 56
9 56
33 25
27 9
27 45
35 26
39 1
3 28
43 8
25 35
35 34
7 34
62 21
9 2
57 28
26 41
11 36
19 20
33 52
9 63
38 25
52 21
20 30
26 51
63 18
54 39
41 11
62 53
21 65
36 61
21 30
31 28
41 20
55 59
35 64
64 58
43 61
12 27
55 1
46 57
8 25
29 1
46 30
60 4
24 58
0 28
40 50
4 19
49 44
63 24
34 1
18 47
56 19
45 25
26 54
4 59
41 54
34 3
65 1
54 3
4 11
64 11
32 18
42 50
3 26
18 58
18 14
56 4
59 42
18 46
41 32
47 33
52 25
36 5
18 62
63 25
33 10
15 22
11 33
28 13
33 14
59 63
34 55
8 63
41 13
64 35