720
3599
0,
1,
2,
3,
4,
5,
6,
7,
8,
9,
10,
11,
12,
13,
14,
15,
16,
17,
18,
19,
20,
21,
22,
23,
24,
25,
26,
27,
28,
29,
30,
31,
32,
33,
34,
35,
36,
37,
38,
39,
40,
41,
42,
43,
44,
45,
46,
47,
48,
49,
50,
51,
52,
53,
54,
55,
56,
57,
58,
59,
60,
61,
62,
63,
64,
65,
66,
67,
68,
69,
70,
71,
72,
73,
74,
75,
76,
77,
78,
79,
80,
81,
82,
83,
84,
85,
86,
87,
88,
89,
90,
91,
92,
93,
94,
95,
96,
97,
98,
99,
100,
101,
102,
103,
104,
105,
106,
107,
108,
109,
110,
111,
112,
113,
114,
115,
116,
117,
118,
119,
120,
121,
122,
123,
124,
125,
126,
127,
128,
129,
130,
131,
132,
133,
134,
135,
136,
137,
138,
139,
140,
141,
142,
143,
144,
145,
146,
147,
148,
149,
150,
151,
152,
153,
154,
155,
156,
157,
158,
159,
160,
161,
162,
163,
164,
165,
166,
167,
168,
169,
170,
171,
172,
173,
174,
175,
176,
177,
178,
179,
180,
181,
182,
183,
184,
185,
186,
187,
188,
189,
190,
191,
192,
193,
194,
195,
196,
197,
198,
199,
200,
201,
202,
203,
204,
205,
206,
207,
208,
209,
210,
211,
212,
213,
214,
215,
216,
217,
218,
219,
220,
221,
222,
223,
224,
225,
226,
227,
228,
229,
230,
231,
232,
233,
234,
235,
236,
237,
238,
239,
240,
241,
242,
243,
244,
245,
246,
247,
248,
249,
250,
251,
252,
253,
254,
255,
256,
257,
258,
259,
260,
261,
262,
263,
264,
265,
266,
267,
268,
269,
270,
271,
272,
273,
274,
275,
276,
277,
278,
279,
280,
281,
282,
283,
284,
285,
286,
287,
288,
289,
290,
291,
292,
293,
294,
295,
296,
297,
298,
299,
300,
301,
302,
303,
304,
305,
306,
307,
308,
309,
310,
311,
312,
313,
314,
315,
316,
317,
318,
319,
320,
321,
322,
323,
324,
325,
326,
327,
328,
329,
330,
331,
332,
333,
334,
335,
336,
337,
338,
339,
340,
341,
342,
343,
344,
345,
346,
347,
348,
349,
350,
351,
352,
353,
354,
355,
356,
357,
358,
359,
360,
361,
362,
363,
364,
365,
366,
367,
368,
369,
370,
371,
372,
373,
374,
375,
376,
377,
378,
379,
380,
381,
382,
383,
384,
385,
386,
387,
388,
389,
390,
391,
392,
393,
394,
395,
396,
397,
398,
399,
400,
401,
402,
403,
404,
405,
406,
407,
408,
409,
410,
411,
412,
413,
414,
415,
416,
417,
418,
419,
420,
421,
422,
423,
424,
425,
426,
427,
428,
429,
430,
431,
432,
433,
434,
435,
436,
437,
438,
439,
440,
441,
442,
443,
444,
445,
446,
447,
448,
449,
450,
451,
452,
453,
454,
455,
456,
457,
458,
459,
460,
461,
462,
463,
464,
465,
466,
467,
468,
469,
470,
471,
472,
473,
474,
475,
476,
477,
478,
479,
480,
481,
482,
483,
484,
485,
486,
487,
488,
489,
490,
491,
492,
493,
494,
495,
496,
497,
498,
499,
500,
501,
502,
503,
504,
505,
506,
507,
508,
509,
510,
511,
512,
513,
514,
515,
516,
517,
518,
519,
520,
521,
522,
523,
524,
525,
526,
527,
528,
529,
530,
531,
532,
533,
534,
535,
536,
537,
538,
539,
540,
541,
542,
543,
544,
545,
546,
547,
548,
549,
550,
551,
552,
553,
554,
555,
556,
557,
558,
559,
560,
561,
562,
563,
564,
565,
566,
567,
568,
569,
570,
571,
572,
573,
574,
575,
576,
577,
578,
579,
580,
581,
582,
583,
584,
585,
586,
587,
588,
589,
590,
591,
592,
593,
594,
595,
596,
597,
598,
599,
600,
601,
602,
603,
604,
605,
606,
607,
608,
609,
610,
611,
612,
613,
614,
615,
616,
617,
618,
619,
620,
621,
622,
623,
624,
625,
626,
627,
628,
629,
630,
631,
632,
633,
634,
635,
636,
637,
638,
639,
640,
641,
642,
643,
644,
645,
646,
647,
648,
649,
650,
651,
652,
653,
654,
655,
656,
657,
658,
659,
660,
661,
662,
663,
664,
665,
666,
667,
668,
669,
670,
671,
672,
673,
674,
675,
676,
677,
678,
679,
680,
681,
682,
683,
684,
685,
686,
687,
688,
689,
690,
691,
692,
693,
694,
695,
696,
697,
698,
699,
700,
701,
702,
703,
704,
705,
706,
707,
708,
709,
710,
711,
712,
713,
714,
715,
716,
717,
718,
719
695 64
64 461
461 170
170 261
261 209
209 697
697 643
643 484
484 438
438 372
372 333
333 473
473 653
653 536
536 267
267 17
17 503
503 679
679 465
465 240
240 282
282 290
290 167
167 689
689 258
258 599
599 642
642 546
546 110
110 283
283 41
41 36
36 120
120 505
505 711
711 95
95 469
469 247
247 90
90 652
652 409
409 58
58 708
708 60
60 356
356 404
404 314
314 76
76 528
528 558
558 476
476 684
684 70
70 551
551 403
403 588
588 4
4 556
556 592
592 497
497 448
448 223
223 360
360 331
331 509
509 413
413 156
156 218
218 2
2 398
398 289
289 131
131 140
140 225
225 437
437 418
418 350
350 326
326 443
443 577
577 203
203 452
452 386
386 478
478 449
449 204
204 194
194 10
10 165
165 279
279 44
44 3
3 100
100 238
238 624
624 664
664 639
639 693
693 535
535 337
337 166
166 382
382 421
421 308
308 19
19 663
663 434
434 611
611 375
375 545
545 54
54 547
547 373
373 399
399 495
495 298
298 97
97 171
171 327
327 62
62 648
648 228
228 582
582 718
718 512
512 532
532 613
613 330
330 597
597 172
172 696
696 154
154 9
9 29
29 491
491 295
295 541
541 514
514 405
405 259
259 22
22 318
318 190
190 1
1 67
67 227
227 388
388 537
537 82
82 615
615 363
363 311
311 703
703 549
549 182
182 419
419 392
392 447
447 702
702 561
561 26
26 451
451 293
293 334
334 493
493 420
420 595
595 411
411 454
454 14
14 381
381 660
660 128
128 202
202 629
629 178
178 669
669 560
560 674
674 496
496 215
215 24
24 74
74 31
31 552
552 43
43 69
69 134
134 516
516 127
127 635
635 352
352 8
8 655
655 579
579 255
255 690
690 174
174 479
479 48
48 680
680 191
191 143
143 569
569 378
378 470
470 15
15 297
297 235
235 153
153 121
121 367
367 320
320 65
65 675
675 192
192 453
453 52
52 231
231 712
712 83
83 51
51 75
75 474
474 306
306 524
524 130
130 467
467 706
706 376
376 424
424 213
213 506
506 681
681 661
661 257
257 676
676 72
72 617
617 649
649 486
486 322
322 387
387 96
96 299
299 53
53 520
520 384
384 146
146 200
200 628
628 377
377 316
316 132
132 277
277 670
670 211
211 0
0 510
510 336
336 567
567 481
481 716
716 278
278 488
488 135
135 152
152 455
455 63
63 344
344 205
205 464
464 87
87 623
623 253
253 176
176 241
241 57
57 115
115 242
242 717
717 93
93 229
229 317
317 489
489 214
214 463
463 555
555 292
292 27
27 593
593 361
361 380
380 637
637 195
195 686
686 529
529 157
157 522
522 239
239 329
329 340
340 351
351 699
699 303
303 50
50 416
416 482
482 490
490 98
98 687
687 7
7 185
185 714
714 483
483 348
348 102
102 531
531 285
285 704
704 234
234 264
264 366
366 641
641 401
401 431
431 570
570 345
345 116
116 142
142 262
262 596
596 466
466 59
59 78
78 37
37 79
79 368
368 523
523 400
400 608
608 20
20 288
288 591
591 414
414 644
644 55
55 207
207 39
39 554
554 302
302 162
162 585
585 271
271 33
33 359
359 589
589 280
280 125
125 246
246 349
349 245
245 220
220 539
539 186
186 353
353 81
81 163
163 249
249 636
636 603
603 86
86 233
233 312
312 651
651 550
550 244
244 310
310 618
618 394
394 701
701 616
616 243
243 691
691 457
457 673
673 254
254 385
385 662
662 365
365 559
559 189
189 487
487 533
533 571
571 719
719 34
34 208
208 315
315 568
568 562
562 625
625 393
393 144
144 89
89 584
584 358
358 5
5 566
566 423
423 477
477 193
193 181
181 650
650 425
425 347
347 659
659 456
456 136
136 71
71 354
354 287
287 222
222 468
468 321
321 607
607 586
586 56
56 183
183 626
626 118
118 313
313 281
281 638
638 300
300 707
707 248
248 598
598 415
415 709
709 444
444 230
230 92
92 25
25 284
284 402
402 594
594 45
45 692
692 530
530 682
682 169
169 150
150 435
435 141
141 268
268 574
574 525
525 511
511 406
406 391
391 61
61 319
319 543
543 499
499 583
583 494
494 480
480 518
518 123
123 270
270 342
342 309
309 544
544 408
408 237
237 94
94 397
397 640
640 668
668 117
117 436
436 601
601 526
526 472
472 508
508 383
383 646
646 46
46 260
260 600
600 126
126 502
502 177
177 364
364 99
99 40
40 338
338 369
369 286
286 446
446 323
323 422
422 13
13 188
188 705
705 332
332 647
647 475
475 694
694 612
612 683
683 291
291 11
11 112
112 32
32 175
175 294
294 620
620 197
197 155
155 517
517 304
304 91
91 685
685 160
160 665
665 605
605 666
666 460
460 429
429 274
274 133
133 427
427 627
627 498
498 580
580 672
672 106
106 564
564 440
440 324
324 21
21 307
307 122
122 265
265 715
715 557
557 199
199 501
501 198
198 101
101 325
325 180
180 269
269 47
47 677
677 575
575 622
622 462
462 540
540 485
485 713
713 412
412 224
224 700
700 507
507 266
266 576
576 139
139 49
49 263
263 219
219 73
73 18
18 341
341 35
35 542
542 210
210 590
590 109
109 68
68 630
630 458
458 371
371 108
108 563
563 633
633 296
296 441
441 251
251 201
201 226
226 196
196 275
275 587
587 158
158 396
396 124
124 113
113 147
147 578
578 305
305 335
335 631
631 161
161 513
513 184
184 370
370 610
610 42
42 252
252 38
38 138
138 236
236 389
389 390
390 471
471 632
632 602
602 521
521 658
658 565
565 103
103 105
105 417
417 216
216 119
119 548
548 504
504 459
459 538
538 410
410 23
23 328
328 339
339 428
428 439
439 217
217 28
28 85
85 667
667 272
272 573
573 407
407 357
357 500
500 656
656 534
534 492
492 168
168 581
581 519
519 430
430 173
173 301
301 129
129 104
104 256
256 433
433 107
107 609
609 527
527 6
6 159
159 187
187 343
343 614
614 221
221 179
179 374
374 148
148 88
88 606
606 657
657 206
206 114
114 151
151 710
710 84
84 698
698 362
362 445
445 66
66 619
619 30
30 12
12 553
553 111
111 688
688 250
250 273
273 379
379 355
355 450
450 80
80 654
654 678
678 232
232 145
145 432
432 164
164 515
515 395
395 572
572 671
671 276
276 634
634 16
16 137
137 77
77 212
212 645
645 149
149 426
426 621
621 442
442 604
604 346
291 224
582 175
461 401
666 15
424 621
78 70
113 443
400 253
563 482
420 412
609 201
134 272
267 260
646 209
444 72
68 368
552 129
537 254
503 154
643 199
270 257
91 94
343 446
529 674
533 446
331 69
165 277
610 501
556 158
196 226
475 94
21 85
100 573
12 498
379 43
644 297
251 463
19 160
252 210
523 395
704 630
111 75
336 178
713 30
545 97
578 83
663 513
442 72
277 268
11 590
674 339
630 403
577 126
53 696
209 470
443 3
113 107
121 394
234 27
517 86
166 185
645 626
473 386
394 433
709 382
136 388
169 104
494 591
161 718
710 556
399 584
168 308
619 666
155 424
142 195
573 164
418 390
660 461
43 401
242 545
690 406
598 24
175 682
118 196
494 565
684 573
147 186
506 180
160 96
406 345
537 76
86 717
517 229
131 681
216 295
49 701
114 683
335 300
538 169
290 391
671 627
711 561
603 447
679 226
336 703
60 331
123 93
279 573
53 425
244 282
190 705
111 422
686 1
24 566
60 268
152 669
714 99
571 62
450 557
540 274
644 147
466 378
221 407
632 569
608 94
182 592
402 689
489 125
302 234
374 389
653 120
378 468
524 452
506 250
539 127
640 602
583 26
304 84
597 363
362 607
501 93
679 68
485 239
151 673
47 143
435 468
341 552
643 443
111 673
247 422
601 238
243 501
276 713
196 64
32 16
222 451
230 203
670 330
471 9
105 487
622 565
479 565
4 183
242 25
509 572
700 453
45 60
313 321
486 336
677 715
604 559
688 596
486 234
602 103
199 218
79 28
638 23
463 84
664 180
397 53
201 14
578 127
360 573
166 415
594 20
603 411
580 77
490 350
290 55
298 200
658 712
437 684
270 279
405 708
534 536
2 289
616 104
275 643
459 257
414 259
685 284
370 663
608 96
353 540
371 202
690 119
49 490
607 263
355 671
716 652
299 130
384 301
423 583
614 563
8 594
417 227
550 518
670 545
145 154
649 13
76 356
151 485
409 570
71 26
281 424
664 419
607 26
627 40
417 390
267 65
196 128
184 619
253 273
268 457
2 181
448 331
237 643
229 100
663 358
218 629
12 88
151 508
591 516
485 387
615 668
523 448
485 483
317 530
436 580
309 255
276 412
482 395
315 190
477 169
309 53
174 208
561 445
267 546
299 329
198 687
216 506
406 711
324 353
333 188
567 272
344 628
338 489
615 132
210 481
69 324
240 347
579 552
233 491
3 152
154 79
389 213
593 413
35 281
656 238
220 188
207 138
668 507
293 586
306 653
402 440
516 664
512 631
218 584
459 31
500 447
114 586
483 441
424 361
50 145
616 269
342 486
379 186
528 79
642 500
527 170
478 509
334 653
14 18
98 152
322 219
532 7
142 694
644 240
542 531
346 291
163 430
166 350
168 209
610 511
577 379
531 454
304 657
347 263
81 674
138 17
270 430
657 473
610 391
213 662
665 337
239 532
645 134
422 80
246 468
476 44
436 664
156 707
447 540
558 391
693 500
641 283
104 562
378 204
229 515
713 624
304 473
119 92
75 246
246 177
423 456
146 621
705 251
710 628
157 480
185 400
679 569
284 55
669 506
701 15
595 146
589 526
560 120
29 550
599 460
570 370
17 335
21 27
547 24
123 273
97 714
99 367
161 276
452 276
702 142
558 85
469 434
552 694
229 591
320 374
133 147
259 261
614 261
201 86
457 220
263 537
662 15
601 511
680 523
618 370
686 193
327 613
380 674
287 94
599 33
386 328
406 74
552 87
304 62
19 137
115 325
599 496
291 50
364 446
245 391
31 50
62 712
290 487
268 60
241 359
603 320
453 237
467 426
334 506
283 302
296 197
172 270
442 73
109 378
133 565
389 62
170 413
81 123
119 64
204 234
233 97
343 214
50 170
519 406
557 649
238 561
699 460
398 57
545 644
302 240
542 359
163 704
5 626
103 138
440 622
329 243
448 437
126 379
226 504
710 196
595 117
128 440
655 478
699 337
435 517
437 73
180 126
277 142
28 566
326 140
257 437
705 338
585 89
69 330
234 30
210 685
445 424
0 371
77 699
426 704
363 705
600 157
82 547
78 457
154 253
639 24
91 706
474 500
448 338
655 269
619 20
250 161
338 330
66 263
1 693
600 376
469 231
47 283
552 640
72 531
437 108
69 20
290 202
600 608
716 489
93 384
695 170
662 561
536 130
284 110
622 484
486 407
557 626
28 255
435 225
675 474
370 456
19 380
365 672
176 72
357 640
401 248
74 567
101 406
575 174
607 392
435 223
565 274
528 668
274 409
274 592
304 615
0 316
520 341
22 543
504 303
252 673
389 259
302 41
363 270
609 4
114 181
702 42
417 124
344 494
20 460
178 402
326 665
339 248
99 606
321 39
652 208
46 119
286 478
190 22
207 164
336 578
322 265
102 446
295 78
260 21
175 34
113 444
326 570
28 401
687 236
638 505
254 269
220 567
642 693
460 560
80 393
29 40
77 32
386 372
630 348
178 71
650 610
653 426
200 312
606 606
102 362
537 62
235 238
40 506
146 198
116 566
112 100
590 511
10 278
547 160
382 162
31 700
465 465
536 623
380 322
222 508
700 119
86 692
472 588
86 115
664 120
597 260
108 312
340 711
522 415
717 253
550 499
193 409
469 337
586 635
589 200
291 576
74 556
257 519
539 382
29 106
593 281
493 460
303 701
316 77
295 217
537 337
437 621
395 146
213 45
478 205
208 385
592 30
55 427
135 18
579 213
285 321
617 385
474 70
185 498
467 100
124 571
419 308
520 590
217 433
90 26
254 572
484 700
587 635
318 252
35 97
257 161
462 414
517 206
345 352
444 448
541 373
315 176
637 367
517 269
238 362
106 471
2 200
191 257
368 409
618 31
58 660
520 2
100 411
544 103
667 65
282 611
555 338
10 665
710 505
177 408
90 192
130 578
403 179
141 572
564 71
667 8
157 687
543 175
376 169
165 146
471 224
383 347
320 366
107 411
310 25
44 145
314 676
388 66
522 191
672 710
399 19
369 681
137 251
406 300
492 660
675 454
35 146
598 260
16 465
659 437
47 684
591 48
653 13
239 545
17 126
366 496
38 519
264 613
661 59
366 6
465 503
580 624
295 248
714 21
692 454
3 218
411 715
511 152
62 358
85 118
19 270
111 707
191 2
457 42
163 67
575 222
233 391
69 433
182 366
649 407
682 706
591 673
117 26
442 481
678 645
159 641
595 503
158 56
617 238
626 559
177 97
306 78
2 142
55 148
149 512
448 404
323 280
314 405
386 686
185 256
456 255
272 127
239 146
617 649
191 607
1 235
81 486
489 368
376 316
648 549
377 504
239 85
247 567
248 94
520 675
645 590
482 262
24 486
549 155
682 408
159 379
69 652
400 185
544 141
194 163
430 245
73 19
306 486
534 277
204 308
626 9
156 313
699 305
487 512
332 40
190 164
433 652
312 39
264 294
483 127
67 432
129 196
56 177
672 170
33 359
138 21
667 632
549 556
216 337
586 599
449 194
555 647
189 399
228 101
159 639
581 77
562 175
29 691
216 26
668 524
270 665
528 466
40 320
164 125
92 245
293 105
531 162
183 413
431 656
165 558
475 498
534 713
272 96
301 215
313 583
546 36
639 715
392 255
709 376
134 664
289 709
305 353
591 229
519 570
630 233
83 474
513 423
699 314
444 597
324 184
515 600
475 282
649 273
519 269
536 313
318 706
486 273
301 52
705 265
712 461
92 275
170 405
395 50
572 266
196 575
172 698
281 533
473 104
246 566
541 716
353 705
569 524
142 546
638 574
157 382
703 437
1 131
330 599
541 166
47 695
480 44
438 560
104 292
391 411
24 600
185 217
574 483
657 204
322 434
147 649
246 261
240 421
169 500
449 713
297 345
527 523
78 68
624 398
543 367
409 163
573 668
21 275
588 699
672 334
168 270
324 93
548 524
604 714
308 686
74 335
7 479
27 518
107 369
188 154
265 631
442 626
515 239
640 331
455 349
164 97
435 715
198 463
504 421
494 261
74 489
621 415
676 576
437 279
405 250
210 423
273 674
319 709
241 312
13 194
487 585
515 107
564 656
165 525
500 595
301 588
414 671
614 653
330 464
157 35
169 185
625 166
499 269
472 505
621 400
626 154
703 205
170 20
544 614
567 572
580 709
385 640
300 320
521 591
689 101
25 366
577 237
632 643
494 216
237 442
319 16
651 615
96 37
628 601
243 289
685 29
512 57
303 4
63 512
659 559
357 443
525 538
182 243
192 718
474 64
76 412
145 282
364 450
404 363
363 123
645 680
129 227
196 154
437 22
559 174
694 645
446 539
257 295
586 548
238 307
48 99
319 175
282 680
74 213
291 449
550 657
12 38
437 634
354 477
22 313
298 644
581 189
300 45
581 705
612 441
265 397
63 268
692 123
438 535
273 200
231 3
19 296
105 372
464 286
112 585
225 403
466 542
11 703
610 126
648 544
635 464
27 254
321 61
358 289
379 528
697 279
76 438
697 284
553 247
653 688
5 688
309 282
300 454
197 335
248 688
302 171
172 601
130 346
105 255
622 510
540 525
477 74
417 589
636 705
695 490
474 411
678 178
116 645
33 11
437 704
79 54
569 152
333 300
491 127
367 52
458 65
165 642
185 554
503 34
416 512
654 354
315 397
107 614
425 504
487 612
3 589
707 334
66 248
160 169
190 627
192 342
314 301
681 162
588 120
499 504
57 447
610 232
220 361
157 423
649 87
395 522
399 57
718 399
686 228
339 130
290 100
138 359
457 477
387 86
698 480
389 609
252 648
233 22
9 418
260 2
124 623
653 607
592 416
46 70
442 318
272 613
155 425
262 309
42 633
311 355
158 225
437 45
689 464
592 406
599 397
707 175
565 400
655 520
45 635
303 597
552 695
46 14
422 410
181 66
519 481
551 171
159 421
564 408
600 205
546 554
652 703
189 667
438 112
612 155
53 221
191 710
130 593
603 63
494 138
160 26
459 373
358 194
701 133
145 719
86 641
266 158
430 77
140 503
553 491
666 641
260 473
68 606
10 303
141 124
173 595
197 480
336 626
205 623
200 477
242 165
439 466
158 386
111 671
188 350
147 392
581 45
330 655
465 32
450 322
234 379
252 571
440 717
303 345
648 648
298 79
301 701
288 34
352 216
608 249
456 666
53 68
542 446
670 636
99 140
325 557
627 436
506 124
206 156
454 151
718 491
650 172
162 45
423 402
35 319
384 86
638 693
528 410
142 486
192 463
463 349
271 604
44 378
373 516
548 707
660 421
342 548
385 302
385 563
674 611
657 45
441 154
615 156
170 244
19 426
632 686
450 1
596 49
271 237
520 40
439 690
190 455
578 581
676 364
616 312
252 618
355 678
12 434
640 92
32 137
264 210
670 378
525 133
156 118
77 325
309 543
73 95
222 338
249 28
679 26
349 599
637 297
664 121
335 283
507 719
650 144
264 181
673 712
20 388
645 520
665 128
127 622
260 562
135 429
140 288
68 661
329 15
60 574
403 548
556 472
467 656
305 262
578 20
133 713
539 487
666 61
676 376
225 37
118 491
600 195
428 173
694 664
310 650
291 548
403 95
360 57
454 568
687 6
55 300
224 492
106 164
552 607
183 244
492 48
418 426
203 472
379 321
617 691
76 184
21 589
124 530
73 155
608 14
280 57
512 474
325 443
712 514
469 446
703 481
651 225
365 437
68 450
291 357
414 4
291 675
401 678
53 564
694 605
420 674
231 306
253 677
617 275
562 713
250 527
9 103
124 82
460 325
661 502
118 154
397 545
116 185
443 708
90 179
190 361
355 50
273 217
221 377
523 436
563 92
551 419
505 618
436 475
443 165
235 187
169 428
7 387
317 536
387 14
476 227
218 613
270 159
304 684
456 245
241 635
34 519
178 500
98 584
62 61
382 638
448 559
623 158
83 164
286 216
295 34
241 217
504 419
148 712
130 326
478 12
683 140
658 702
376 0
239 387
199 684
471 354
692 531
661 40
286 619
524 198
403 626
490 245
326 333
627 292
530 595
238 672
423 477
701 646
90 638
145 257
337 12
338 9
402 116
575 197
702 423
0 83
42 571
379 455
328 252
625 132
349 290
289 604
521 628
418 506
55 102
615 611
341 685
45 335
506 505
408 433
167 312
676 345
710 488
545 623
160 393
585 44
240 333
260 326
274 306
57 247
232 354
344 220
531 305
484 314
423 417
616 697
25 116
621 153
589 353
96 596
69 304
239 211
356 46
659 112
554 477
647 163
520 231
510 69
376 439
162 142
619 531
380 437
592 29
89 28
631 34
42 320
138 565
195 682
600 64
234 410
480 369
603 71
116 94
267 644
31 495
123 599
549 383
191 454
200 472
199 301
105 183
272 306
559 17
626 237
181 25
642 20
108 334
93 75
689 443
213 434
219 10
198 501
8 207
346 240
353 5
45 47
354 284
648 441
320 105
233 263
35 398
149 95
605 518
261 182
369 603
48 103
105 521
315 596
662 134
498 714
144 586
455 26
512 221
498 190
307 492
696 288
366 435
614 232
185 9
485 404
24 199
151 393
219 709
399 360
260 593
130 699
143 685
521 580
522 684
103 45
525 50
391 492
323 38
589 297
358 83
374 566
188 130
599 348
505 226
336 235
677 59
485 234
23 58
485 350
710 566
687 579
528 223
556 617
615 615
595 132
335 363
521 38
209 447
274 286
272 431
113 334
218 476
249 458
220 583
503 509
37 225
401 129
474 515
13 579
231 659
591 688
589 597
99 662
639 529
141 76
682 261
640 513
88 275
603 611
93 95
215 483
123 488
254 127
400 82
652 482
202 600
320 479
658 95
53 72
258 100
709 440
347 486
343 625
433 39
99 600
557 413
318 197
323 168
10 696
401 144
261 641
331 290
441 366
651 144
491 652
527 701
530 563
374 350
562 146
177 219
508 142
2 39
599 212
611 153
198 455
430 460
678 413
334 405
26 413
141 702
292 430
360 614
519 72
70 704
168 614
56 454
630 392
572 201
664 232
310 99
164 359
119 446
267 100
272 121
4 75
158 516
73 207
441 511
664 618
375 72
656 257
408 553
222 274
653 506
59 461
282 396
717 469
267 61
515 210
339 418
198 292
56 191
307 351
436 433
580 28
290 205
368 580
327 551
321 257
158 189
539 316
421 680
147 678
229 481
1 280
169 496
73 273
117 692
159 339
412 409
421 209
159 344
615 640
485 477
192 296
214 429
67 115
261 494
407 152
58 42
251 449
192 140
218 1
251 497
105 238
539 26
458 189
360 516
52 120
133 617
384 676
509 137
467 337
413 39
391 255
504 550
397 356
348 321
359 648
89 489
716 16
200 91
421 355
51 215
61 379
325 4
445 273
15 600
633 637
603 272
119 548
3 1
468 183
365 412
94 35
331 617
229 511
480 469
590 5
303 155
577 469
564 663
517 500
462 65
288 550
148 546
451 582
486 186
583 530
626 630
19 62
132 280
458 233
65 100
83 422
594 342
247 467
421 668
655 508
15 515
22 685
499 592
406 391
142 464
392 66
274 355
430 453
499 195
271 291
18 314
308 138
295 238
159 595
494 144
130 252
391 92
686 374
516 141
663 513
528 617
420 130
40 600
136 676
309 156
354 383
35 633
99 212
580 290
317 117
43 450
589 257
167 448
687 498
213 136
352 638
133 534
83 604
568 622
197 152
308 542
162 717
51 360
302 214
163 26
699 668
15 655
535 476
62 499
379 396
364 441
355 282
10 179
202 370
712 174
683 99
486 397
260 183
679 441
219 108
419 265
236 127
282 693
47 436
286 249
580 244
462 349
609 384
677 121
80 610
179 416
481 610
39 454
285 596
188 474
306 418
437 300
144 469
185 660
474 83
383 324
449 387
390 696
85 516
709 228
647 189
210 176
579 184
398 491
290 51
153 605
216 129
423 305
311 153
176 404
99 638
600 335
444 424
250 39
216 462
127 235
518 34
512 308
431 387
597 513
135 183
193 106
306 662
303 72
102 20
695 425
4 523
593 696
561 334
674 386
147 583
487 252
682 287
207 166
398 105
169 614
174 363
45 245
245 441
144 707
540 330
87 209
342 244
685 134
624 529
640 668
72 297
567 286
494 24
510 174
125 66
537 146
493 432
552 204
493 375
364 337
51 257
626 59
505 652
158 683
388 255
143 54
233 401
302 112
126 461
444 371
26 105
9 630
676 710
223 697
543 94
653 481
668 5
441 444
443 27
358 499
616 299
719 503
491 371
48 305
356 201
579 107
313 166
579 572
464 230
148 515
226 679
190 670
563 334
103 196
628 668
610 537
430 606
69 593
169 362
461 246
342 647
585 376
601 424
479 425
183 166
318 509
539 506
528 289
552 436
492 627
275 153
398 689
332 99
597 674
588 714
668 240
545 370
689 549
357 227
15 71
415 632
233 511
308 690
129 312
302 403
114 322
685 32
127 294
662 62
628 303
389 161
51 182
388 630
622 707
537 705
89 608
478 662
68 555
704 250
376 77
563 312
464 600
208 697
315 666
550 106
36 136
692 609
368 409
141 610
52 21
419 492
673 240
707 50
417 0
544 15
115 304
351 670
700 519
122 330
481 625
6 680
92 455
393 552
176 344
261 343
46 39
148 598
121 523
570 646
298 258
497 595
287 60
377 548
463 229
331 569
485 145
623 683
442 371
370 41
386 652
190 368
618 77
639 41
193 138
6 90
361 225
188 299
682 135
380 672
118 572
610 543
386 678
302 266
478 395
229 399
50 697
179 251
480 168
48 302
363 47
177 316
227 639
210 507
611 648
477 628
229 439
711 192
52 556
295 411
475 511
159 238
62 655
571 73
253 57
566 519
94 36
631 715
418 1
186 214
304 613
216 19
461 326
195 715
176 477
264 272
700 263
303 141
169 192
279 338
114 404
191 627
397 444
235 177
231 535
205 587
231 138
480 443
392 265
123 606
244 72
508 52
513 708
119 523
0 20
574 98
50 240
251 470
229 541
473 224
414 294
20 429
205 264
228 606
230 129
680 106
201 368
298 126
273 483
229 180
585 585
188 63
236 293
648 378
374 446
635 72
639 459
398 642
32 385
554 510
167 61
563 288
321 607
162 548
588 231
332 256
127 630
189 518
139 85
195 130
25 636
62 602
33 671
261 567
459 542
63 319
266 340
593 95
565 90
108 216
573 447
544 52
182 474
152 60
400 65
453 384
198 223
248 578
697 222
59 67
367 350
232 62
698 645
346 186
333 551
222 107
489 296
170 113
524 273
536 415
277 504
241 292
302 636
226 633
232 358
425 318
349 91
354 253
611 312
79 447
409 147
297 702
665 339
182 177
414 539
238 73
587 199
313 603
563 569
520 499
156 385
294 197
683 613
137 208
393 329
566 628
636 60
342 29
708 64
399 445
277 670
515 621
93 508
256 238
600 71
499 623
386 18
698 483
321 470
369 643
389 304
492 626
379 605
678 241
476 1
249 13
613 63
13 538
78 434
211 543
231 300
257 480
24 338
93 593
588 600
21 47
41 33
213 405
150 175
698 668
638 167
588 70
235 379
338 134
257 679
546 429
389 546
336 685
327 175
368 172
424 97
387 1
408 348
72 237
27 644
622 581
546 697
555 539
560 203
343 278
515 120
7 300
546 82
696 490
487 171
694 660
531 204
57 155
429 684
170 264
718 645
530 364
84 126
653 679
108 436
585 0
156 172
227 698
411 589
714 123
399 679
296 139
175 32
705 253
348 277
700 554
147 373
194 135
259 629
54 114
270 460
346 615
210 313
680 694
663 184
709 505
90 290
450 159
447 123
308 424
197 265
36 77
419 665
229 60
426 620
334 107
139 445
261 611
538 95
219 284
372 52
479 95
111 430
688 548
95 338
347 20
657 39
591 518
618 475
512 304
381 672
714 187
703 678
632 104
115 149
229 332
716 275
586 445
557 3
158 202
263 22
259 626
603 496
591 12
570 314
277 625
607 660
249 677
711 479
121 312
326 131
582 300
376 0
59 478
249 177
460 422
519 257
345 101
106 129
604 276
191 72
474 149
656 509
695 400
192 567
620 160
270 541
3 64
630 642
96 456
697 245
543 156
468 621
295 541
502 419
576 583
505 626
108 490
503 71
14 677
233 536
673 147
551 268
107 68
538 111
197 499
575 194
590 230
106 423
521 354
58 64
556 126
296 485
301 665
2 471
472 91
686 556
458 79
627 308
183 492
95 126
450 395
467 315
136 667
656 704
55 105
294 94
563 350
187 496
253 425
121 560
82 634
436 650
464 522
405 469
495 136
70 636
144 505
551 222
366 209
147 660
478 643
546 428
656 683
318 489
501 641
624 223
418 542
476 206
600 239
119 491
310 542
7 175
56 257
566 114
12 417
394 641
63 270
689 157
637 661
576 433
460 3
510 394
151 562
21 82
299 60
142 347
597 447
364 353
289 534
118 461
444 331
597 34
122 244
42 134
414 673
485 526
275 254
563 703
268 673
426 705
644 427
403 309
217 561
710 658
81 686
104 716
57 701
35 130
490 366
211 37
287 541
525 658
377 350
162 663
516 64
379 205
370 598
611 492
621 37
718 592
473 30
430 502
0 452
295 435
590 584
697 647
449 612
274 390
148 631
302 132
570 603
576 410
647 638
64 610
392 155
9 544
571 320
177 179
641 492
484 671
257 678
474 339
270 102
673 144
22 243
632 673
210 93
667 575
423 216
654 23
422 578
133 630
536 573
457 102
639 291
534 649
455 361
702 205
462 261
148 702
104 661
215 334
123 344
263 226
100 70
556 547
555 62
296 24
147 80
227 595
242 665
49 288
84 361
331 135
56 430
287 511
494 30
101 698
138 639
718 14
120 109
490 387
604 414
188 560
414 653
360 194
594 547
202 3
555 5
59 605
564 709
514 3
545 658
510 456
382 464
700 529
182 384
395 188
301 132
109 559
456 444
389 487
161 353
534 149
290 58
416 221
490 106
152 646
405 388
85 325
73 98
46 343
449 602
89 144
372 121
490 239
634 225
482 215
386 692
339 93
663 246
125 523
202 250
93 209
409 295
327 39
211 702
274 232
150 346
246 176
549 342
603 563
582 662
634 589
715 54
638 190
49 212
220 232
74 180
135 215
211 63
12 302
314 247
249 505
563 504
333 308
115 465
301 318
92 626
519 545
447 598
62 439
454 41
82 134
111 240
125 198
393 689
390 596
176 86
181 325
135 251
365 113
273 41
247 260
674 699
75 147
263 209
592 492
467 151
448 637
22 248
92 412
529 338
195 653
121 41
80 327
294 476
653 507
714 187
16 266
66 395
406 327
69 51
717 117
259 213
199 514
72 379
325 272
99 396
623 440
26 539
621 695
611 350
450 605
534 306
11 549
281 240
667 621
145 572
300 442
184 398
565 621
497 599
460 450
386 578
54 91
520 181
398 157
245 386
28 453
301 157
428 112
33 94
441 425
664 273
171 223
29 131
446 579
245 322
648 120
254 213
438 195
198 528
373 171
654 401
328 125
263 272
472 81
167 0
188 47
70 301
212 671
259 244
445 413
549 275
437 619
230 707
468 715
661 280
601 174
620 264
241 284
242 338
426 19
244 304
503 129
166 178
56 685
705 643
509 388
3 25
393 310
97 629
457 454
183 46
83 579
559 400
334 204
716 325
493 283
703 148
679 633
614 310
475 644
140 520
149 367
551 248
230 384
57 25
402 567
587 583
119 400
45 315
130 461
88 433
296 182
327 600
479 6
58 115
44 221
246 710
255 228
13 578
288 99
205 291
151 565
630 164
359 247
75 30
596 394
350 281
185 711
481 296
480 714
675 1
113 555
140 289
446 2
176 380
307 93
227 330
447 207
128 103
659 418
496 118
101 624
146 595
133 161
343 105
648 340
485 353
480 378
489 514
22 318
672 63
117 596
556 644
35 303
579 538
716 61
181 8
35 612
487 574
8 302
500 337
511 524
150 588
329 547
699 445
593 494
49 599
375 608
583 344
335 640
63 269
623 26
637 315
190 589
432 34
268 27
149 196
648 86
565 661
687 159
678 461
246 96
416 314
301 350
166 364
135 188
704 714
312 424
248 509
471 8
677 470
400 190
318 490
209 592
61 289
463 518
209 168
116 2
654 441
464 224
455 11
494 283
420 100
617 166
509 599
479 208
263 66
484 500
404 219
201 278
492 178
639 431
535 211
291 546
261 317
34 51
464 498
593 674
680 621
571 272
10 680
137 323
22 404
91 655
576 35
236 419
283 218
262 134
2 460
661 383
2 359
108 260
576 426
307 133
5 299
492 133
561 626
158 136
94 617
510 588
453 699
20 679
521 173
656 197
607 214
638 192
486 646
315 578
571 677
402 286
575 616
179 177
717 386
406 460
662 173
520 262
572 248
9 123
619 491
150 325
334 288
46 15
611 12
564 377
109 117
667 560
417 543
411 511
116 531
590 371
714 401
576 350
129 50
269 574
208 105
372 368
341 404
350 179
240 637
114 681
635 92
360 76
435 430
282 202
416 464
45 299
298 84
459 469
349 238
448 698
322 239
170 646
404 666
60 668
574 314
94 333
258 417
25 186
410 356
58 480
456 358
390 600
231 304
161 396
632 615
151 401
294 478
491 398
314 106
263 71
8 625
381 312
559 7
313 558
683 420
325 518
239 144
85 348
239 334
262 220
181 295
32 134
106 674
634 626
11 121
6 137
401 219
194 386
248 47
347 127
449 621
218 194
517 704
418 77
288 48
318 303
264 718
175 179
48 181
179 539
570 565
92 445
709 413
84 354
203 437
597 661
126 66
686 514
269 74
593 459
182 525
200 469
488 219
257 444
222 634
169 501
622 671
261 92
572 341
199 268
633 607
429 446
271 61
586 318
537 545
590 328
275 503
385 63
383 567
601 604
10 90
285 485
350 571
182 199
294 461
625 675
135 302
267 180
427 171
189 267
490 210
446 161
562 6