740
3699
0,
1,
2,
3,
4,
5,
6,
7,
8,
9,
10,
11,
12,
13,
14,
15,
16,
17,
18,
19,
20,
21,
22,
23,
24,
25,
26,
27,
28,
29,
30,
31,
32,
33,
34,
35,
36,
37,
38,
39,
40,
41,
42,
43,
44,
45,
46,
47,
48,
49,
50,
51,
52,
53,
54,
55,
56,
57,
58,
59,
60,
61,
62,
63,
64,
65,
66,
67,
68,
69,
70,
71,
72,
73,
74,
75,
76,
77,
78,
79,
80,
81,
82,
83,
84,
85,
86,
87,
88,
89,
90,
91,
92,
93,
94,
95,
96,
97,
98,
99,
100,
101,
102,
103,
104,
105,
106,
107,
108,
109,
110,
111,
112,
113,
114,
115,
116,
117,
118,
119,
120,
121,
122,
123,
124,
125,
126,
127,
128,
129,
130,
131,
132,
133,
134,
135,
136,
137,
138,
139,
140,
141,
142,
143,
144,
145,
146,
147,
148,
149,
150,
151,
152,
153,
154,
155,
156,
157,
158,
159,
160,
161,
162,
163,
164,
165,
166,
167,
168,
169,
170,
171,
172,
173,
174,
175,
176,
177,
178,
179,
180,
181,
182,
183,
184,
185,
186,
187,
188,
189,
190,
191,
192,
193,
194,
195,
196,
197,
198,
199,
200,
201,
202,
203,
204,
205,
206,
207,
208,
209,
210,
211,
212,
213,
214,
215,
216,
217,
218,
219,
220,
221,
222,
223,
224,
225,
226,
227,
228,
229,
230,
231,
232,
233,
234,
235,
236,
237,
238,
239,
240,
241,
242,
243,
244,
245,
246,
247,
248,
249,
250,
251,
252,
253,
254,
255,
256,
257,
258,
259,
260,
261,
262,
263,
264,
265,
266,
267,
268,
269,
270,
271,
272,
273,
274,
275,
276,
277,
278,
279,
280,
281,
282,
283,
284,
285,
286,
287,
288,
289,
290,
291,
292,
293,
294,
295,
296,
297,
298,
299,
300,
301,
302,
303,
304,
305,
306,
307,
308,
309,
310,
311,
312,
313,
314,
315,
316,
317,
318,
319,
320,
321,
322,
323,
324,
325,
326,
327,
328,
329,
330,
331,
332,
333,
334,
335,
336,
337,
338,
339,
340,
341,
342,
343,
344,
345,
346,
347,
348,
349,
350,
351,
352,
353,
354,
355,
356,
357,
358,
359,
360,
361,
362,
363,
364,
365,
366,
367,
368,
369,
370,
371,
372,
373,
374,
375,
376,
377,
378,
379,
380,
381,
382,
383,
384,
385,
386,
387,
388,
389,
390,
391,
392,
393,
394,
395,
396,
397,
398,
399,
400,
401,
402,
403,
404,
405,
406,
407,
408,
409,
410,
411,
412,
413,
414,
415,
416,
417,
418,
419,
420,
421,
422,
423,
424,
425,
426,
427,
428,
429,
430,
431,
432,
433,
434,
435,
436,
437,
438,
439,
440,
441,
442,
443,
444,
445,
446,
447,
448,
449,
450,
451,
452,
453,
454,
455,
456,
457,
458,
459,
460,
461,
462,
463,
464,
465,
466,
467,
468,
469,
470,
471,
472,
473,
474,
475,
476,
477,
478,
479,
480,
481,
482,
483,
484,
485,
486,
487,
488,
489,
490,
491,
492,
493,
494,
495,
496,
497,
498,
499,
500,
501,
502,
503,
504,
505,
506,
507,
508,
509,
510,
511,
512,
513,
514,
515,
516,
517,
518,
519,
520,
521,
522,
523,
524,
525,
526,
527,
528,
529,
530,
531,
532,
533,
534,
535,
536,
537,
538,
539,
540,
541,
542,
543,
544,
545,
546,
547,
548,
549,
550,
551,
552,
553,
554,
555,
556,
557,
558,
559,
560,
561,
562,
563,
564,
565,
566,
567,
568,
569,
570,
571,
572,
573,
574,
575,
576,
577,
578,
579,
580,
581,
582,
583,
584,
585,
586,
587,
588,
589,
590,
591,
592,
593,
594,
595,
596,
597,
598,
599,
600,
601,
602,
603,
604,
605,
606,
607,
608,
609,
610,
611,
612,
613,
614,
615,
616,
617,
618,
619,
620,
621,
622,
623,
624,
625,
626,
627,
628,
629,
630,
631,
632,
633,
634,
635,
636,
637,
638,
639,
640,
641,
642,
643,
644,
645,
646,
647,
648,
649,
650,
651,
652,
653,
654,
655,
656,
657,
658,
659,
660,
661,
662,
663,
664,
665,
666,
667,
668,
669,
670,
671,
672,
673,
674,
675,
676,
677,
678,
679,
680,
681,
682,
683,
684,
685,
686,
687,
688,
689,
690,
691,
692,
693,
694,
695,
696,
697,
698,
699,
700,
701,
702,
703,
704,
705,
706,
707,
708,
709,
710,
711,
712,
713,
714,
715,
716,
717,
718,
719,
720,
721,
722,
723,
724,
725,
726,
727,
728,
729,
730,
731,
732,
733,
734,
735,
736,
737,
738,
739
617 335
335 245
245 641
641 360
360 486
486 436
436 380
380 244
244 90
90 630
630 381
381 698
698 95
95 393
393 35
35 129
129 406
406 713
713 492
492 28
28 317
317 131
131 356
356 453
453 420
420 206
206 514
514 615
615 589
589 582
582 512
512 727
727 700
700 608
608 138
138 534
534 52
52 368
368 175
175 433
433 183
183 27
27 286
286 333
333 241
241 560
560 475
475 120
120 607
607 711
711 75
75 599
599 604
604 398
398 412
412 585
585 44
44 680
680 676
676 576
576 68
68 13
13 32
32 191
191 710
710 422
422 418
418 228
228 281
281 592
592 318
318 168
168 670
670 48
48 385
385 402
402 148
148 285
285 685
685 735
735 428
428 515
515 528
528 328
328 220
220 664
664 25
25 495
495 155
155 194
194 466
466 658
658 130
130 548
548 172
172 33
33 594
594 156
156 128
128 460
460 65
65 374
374 524
524 531
531 509
509 683
683 516
516 86
86 494
494 37
37 591
591 708
708 204
204 273
273 22
22 614
614 153
153 574
574 277
277 661
661 184
184 269
269 669
669 66
66 266
266 377
377 101
101 588
588 201
201 366
366 260
260 616
616 287
287 538
538 226
226 182
182 497
497 359
359 482
482 657
657 643
643 69
69 653
653 424
424 141
141 529
529 549
549 323
323 618
618 508
508 697
697 675
675 45
45 677
677 553
553 216
216 410
410 656
656 195
195 646
646 163
163 251
251 397
397 625
625 440
440 262
262 386
386 357
357 438
438 164
164 149
149 320
320 681
681 331
331 96
96 46
46 302
302 29
29 142
142 209
209 573
573 7
7 678
678 568
568 726
726 224
224 126
126 258
258 106
106 347
347 370
370 430
430 280
280 39
39 689
689 399
399 499
499 14
14 654
654 81
81 255
255 451
451 586
586 716
716 115
115 520
520 89
89 523
523 223
223 36
36 80
80 526
526 104
104 314
314 221
221 337
337 268
268 217
217 465
465 459
459 23
23 326
326 214
214 579
579 12
12 423
423 321
321 267
267 590
590 734
734 545
545 427
427 725
725 663
663 502
502 239
239 671
671 506
506 367
367 580
580 319
319 571
571 70
70 169
169 473
473 307
307 738
738 425
425 391
391 119
119 352
352 587
587 340
340 283
283 550
550 83
83 160
160 443
443 344
344 308
308 565
565 496
496 629
629 441
441 737
737 208
208 467
467 584
584 237
237 739
739 252
252 407
407 192
192 289
289 525
525 610
610 190
190 92
92 19
19 665
665 521
521 270
270 510
510 372
372 203
203 362
362 692
692 458
458 577
577 419
419 170
170 702
702 375
375 235
235 151
151 544
544 649
649 401
401 304
304 179
179 143
143 485
485 403
403 470
470 539
539 668
668 564
564 666
666 298
298 210
210 504
504 634
634 691
691 447
447 264
264 478
478 202
202 334
334 185
185 177
177 389
389 290
290 324
324 325
325 53
53 471
471 481
481 41
41 611
611 612
612 559
559 338
338 8
8 167
167 64
64 373
373 346
346 301
301 109
109 146
146 73
73 637
637 34
34 238
238 250
250 503
503 660
660 322
322 581
581 299
299 253
253 117
117 363
363 639
639 628
628 236
236 426
426 541
541 732
732 468
468 63
63 636
636 434
434 74
74 349
349 247
247 139
139 530
530 309
309 575
575 409
409 413
413 114
114 635
635 103
103 3
3 229
229 561
561 704
704 522
522 249
249 454
454 211
211 329
329 189
189 390
390 435
435 1
1 731
731 709
709 199
199 511
511 518
518 246
246 476
476 50
50 624
624 97
97 118
118 345
345 387
387 684
684 613
613 722
722 542
542 555
555 178
178 638
638 219
219 601
601 271
271 533
533 157
157 275
275 343
343 282
282 488
488 605
605 10
10 77
77 150
150 411
411 198
198 38
38 56
56 140
140 647
647 693
693 395
395 43
43 230
230 5
5 432
432 519
519 439
439 437
437 173
173 99
99 222
222 493
493 87
87 205
205 365
365 339
339 124
124 31
31 674
674 642
642 431
431 449
449 196
196 361
361 572
572 154
154 108
108 78
78 261
261 490
490 483
483 472
472 291
291 207
207 259
259 578
578 558
558 278
278 82
82 501
501 61
61 284
284 644
644 162
162 17
17 429
429 176
176 690
690 47
47 161
161 648
648 640
640 707
707 603
603 536
536 88
88 679
679 724
724 165
165 662
662 0
0 450
450 105
105 673
673 40
40 102
102 85
85 723
723 276
276 733
733 263
263 257
257 107
107 55
55 4
4 720
720 93
93 667
667 479
479 477
477 113
113 327
327 227
227 445
445 136
136 405
405 462
462 415
415 145
145 171
171 699
699 193
193 51
51 626
626 144
144 469
469 596
596 448
448 147
147 551
551 598
598 414
414 159
159 62
62 355
355 186
186 537
537 547
547 91
91 152
152 714
714 527
527 563
563 240
240 11
11 188
188 134
134 137
137 623
623 567
567 388
388 609
609 59
59 353
353 606
606 248
248 736
736 562
562 566
566 313
313 557
557 296
296 719
719 288
288 306
306 158
158 517
517 49
49 718
718 98
98 694
694 717
717 535
535 243
243 446
446 94
94 686
686 491
491 672
672 645
645 2
2 369
369 111
111 464
464 659
659 376
376 593
593 498
498 621
621 57
57 294
294 416
416 463
463 293
293 26
26 181
181 174
174 166
166 200
200 705
705 442
442 620
620 358
358 570
570 315
315 556
556 554
554 455
455 480
480 305
305 500
500 132
132 595
595 212
212 703
703 231
231 21
21 408
408 127
127 354
354 728
728 71
71 232
232 15
15 650
650 371
371 583
583 330
330 452
452 67
67 215
215 444
444 461
461 489
489 569
569 651
651 84
84 474
474 552
552 721
721 619
619 279
279 180
180 456
456 18
18 655
655 715
715 218
218 6
6 652
652 532
532 197
197 297
297 729
729 505
505 332
332 54
54 712
712 311
311 600
600 513
513 687
687 265
265 234
234 312
312 300
300 484
484 627
627 254
254 382
382 540
540 303
303 400
400 60
60 310
310 384
384 9
9 350
350 396
396 342
342 58
58 457
457 487
487 16
16 112
112 295
295 341
341 20
20 392
392 507
507 379
379 351
351 378
378 316
316 695
695 730
730 421
421 348
348 225
225 292
292 602
602 632
632 42
42 100
100 24
24 213
213 76
76 336
336 622
622 125
125 116
116 274
274 696
696 546
546 364
364 135
135 631
631 110
110 394
394 133
133 72
72 233
233 187
187 633
633 597
597 121
121 122
122 79
79 682
682 242
242 706
706 688
688 383
383 404
404 701
701 272
272 543
543 256
256 30
30 417
417 123
672 409
60 385
189 268
606 531
580 470
583 156
287 348
283 659
267 574
374 528
107 13
514 135
322 387
717 372
601 456
586 179
620 287
551 89
363 601
277 432
412 409
631 368
261 594
380 496
646 166
53 62
504 81
706 330
719 20
273 676
297 4
365 18
329 193
490 224
224 326
227 187
171 288
365 178
74 433
58 509
671 578
107 316
216 318
237 5
383 505
549 473
577 637
181 504
236 412
543 585
332 418
426 458
15 341
390 568
327 352
534 442
5 579
211 82
546 378
428 313
272 153
528 605
139 172
62 106
201 483
459 422
447 558
117 125
10 441
412 559
514 107
639 666
586 313
346 528
443 651
549 28
8 684
274 449
583 98
250 291
676 129
181 19
514 319
152 668
717 353
533 608
350 80
247 714
226 394
22 28
342 364
626 423
344 158
426 273
157 660
432 737
419 627
381 287
536 505
268 538
326 493
272 412
335 238
48 341
188 135
107 627
447 507
212 238
677 701
12 437
425 618
657 563
86 666
448 693
313 76
429 443
712 17
94 172
71 433
151 390
55 506
322 541
220 277
258 252
241 231
33 41
589 314
682 470
678 529
9 714
138 448
427 132
254 681
717 406
568 375
492 553
490 540
33 11
207 225
111 474
329 329
272 468
127 377
544 187
635 649
488 623
367 494
104 516
559 439
694 399
81 186
63 392
107 274
280 606
678 594
492 556
154 193
522 579
124 449
729 724
218 53
399 596
172 352
372 302
380 270
139 220
656 331
489 277
538 221
616 440
186 604
731 182
327 615
116 599
629 149
391 397
476 132
687 605
222 605
274 586
345 261
397 377
355 10
182 206
602 333
476 693
337 671
145 233
683 253
135 236
371 339
212 452
33 160
95 574
252 257
184 310
96 513
562 500
229 190
92 392
444 148
328 531
187 149
54 543
688 238
585 448
311 328
117 564
440 370
317 465
355 67
398 363
598 529
142 53
649 78
342 80
197 485
690 540
330 323
674 473
531 341
462 468
208 224
536 710
146 329
82 580
248 618
604 220
190 696
627 426
34 687
58 111
322 720
658 275
192 359
492 52
211 681
711 345
678 51
592 35
591 296
149 299
698 317
46 119
99 694
41 683
97 377
244 256
61 557
510 510
123 236
161 608
58 74
454 126
16 537
346 46
318 387
144 271
193 538
409 668
63 33
387 85
215 523
420 597
84 453
706 382
497 481
498 629
527 650
154 377
214 532
164 66
734 198
494 199
634 667
36 358
20 460
111 610
117 298
695 61
247 2
127 545
232 204
717 687
485 171
235 592
664 86
235 169
639 102
323 488
227 538
621 358
219 43
724 646
684 337
650 712
629 75
51 281
311 53
257 625
398 538
499 33
151 163
653 242
293 183
559 561
264 645
13 497
632 588
450 237
681 300
623 523
419 81
76 8
505 355
90 63
89 269
221 481
584 647
435 529
606 266
497 9
419 193
317 104
374 172
396 403
210 621
605 414
358 531
19 423
277 559
711 421
542 216
306 719
97 301
525 699
507 574
133 455
437 265
697 351
140 564
349 284
180 404
226 548
581 20
665 280
199 641
298 171
392 182
734 173
719 479
637 611
215 639
69 38
217 61
339 667
475 169
683 573
668 688
465 32
341 205
447 320
705 465
491 494
498 69
121 184
309 677
351 432
646 611
710 710
444 544
425 139
240 635
424 434
702 365
659 174
56 33
707 307
486 474
389 252
590 231
566 93
100 607
520 641
129 262
457 368
148 549
553 704
359 565
508 687
514 736
127 344
453 154
549 566
406 598
553 206
521 161
194 2
501 316
402 665
369 169
564 62
66 536
614 589
645 486
591 312
469 392
360 300
36 379
108 55
405 161
120 508
138 267
235 448
132 434
26 622
696 445
248 462
404 185
480 61
691 686
434 90
176 472
343 372
629 583
71 149
423 658
81 592
548 104
689 322
12 500
578 280
127 349
428 57
111 132
209 242
120 438
408 250
464 661
139 224
171 491
658 472
422 212
521 516
713 303
500 271
84 347
595 383
299 347
697 161
459 148
437 321
698 225
331 531
544 525
45 117
426 121
307 275
486 627
493 243
198 457
443 325
110 491
701 644
347 590
490 333
706 172
301 717
285 628
318 140
101 541
126 483
199 592
65 516
523 144
193 332
135 552
209 142
436 4
707 169
412 272
445 209
1 362
90 519
111 241
59 536
486 301
213 411
352 214
49 307
503 709
74 546
657 125
128 711
245 3
228 594
382 441
627 85
5 144
363 458
256 160
732 692
528 3
341 556
78 75
237 29
81 24
99 335
236 611
259 186
11 368
427 183
603 531
102 70
85 299
339 61
318 281
497 44
684 698
168 471
494 317
46 270
521 609
588 298
99 406
731 319
250 421
568 257
536 295
361 628
164 479
403 59
314 595
653 392
241 431
371 407
473 453
106 364
234 34
504 513
247 387
509 430
76 49
659 405
25 591
177 44
459 406
699 278
239 679
237 145
285 177
71 284
343 352
69 262
690 629
252 234
236 206
61 602
596 198
319 205
525 293
265 288
36 254
241 328
192 703
88 720
618 133
606 203
177 429
423 222
350 1
559 647
340 687
340 266
133 456
121 399
11 70
21 609
446 185
484 713
626 102
315 676
640 190
9 96
588 734
636 85
535 274
231 446
576 589
133 253
360 214
9 680
65 119
510 124
637 67
117 134
60 150
135 577
240 578
684 375
563 420
223 627
382 49
33 677
669 508
558 167
535 409
655 295
388 445
237 125
429 404
317 381
181 718
127 233
435 712
695 367
617 177
702 490
221 430
153 483
446 339
452 703
32 727
189 383
203 43
246 664
631 655
362 382
13 565
216 545
446 623
351 159
24 465
686 0
214 349
659 455
618 717
566 311
596 486
201 79
92 71
426 291
92 419
652 574
227 100
154 150
46 614
184 211
429 80
429 286
656 175
475 346
106 563
137 463
72 490
73 625
43 317
272 485
543 597
494 358
277 242
394 637
119 395
340 628
127 664
370 336
282 276
5 582
391 662
390 18
144 732
242 688
452 22
568 551
195 618
575 475
301 22
471 256
700 406
209 235
109 104
417 278
699 454
710 413
103 186
25 652
377 524
610 722
115 668
5 512
623 165
304 637
361 540
606 274
515 667
338 629
289 613
460 464
724 458
131 121
354 205
541 434
117 310
268 291
628 502
48 418
404 49
86 43
161 620
569 106
550 601
90 537
494 148
652 694
101 486
664 70
64 429
325 224
152 112
272 217
354 11
520 394
1 333
390 201
304 288
402 463
431 356
519 591
216 718
134 673
165 378
227 578
175 612
472 460
259 38
289 227
346 123
511 211
344 360
37 533
726 122
495 180
665 391
136 549
540 228
561 314
707 6
160 18
150 102
166 693
572 538
135 145
469 225
57 359
652 346
731 518
436 454
280 44
318 130
534 443
244 447
141 192
387 663
59 508
315 505
555 181
89 75
388 361
376 119
411 737
416 504
635 12
292 498
355 265
707 286
636 252
639 89
285 571
682 385
218 411
202 84
257 252
714 711
556 341
18 714
621 698
555 654
209 39
611 660
409 83
264 54
191 254
554 687
654 496
17 261
498 639
586 138
21 383
283 126
46 513
631 137
534 214
582 331
26 290
622 23
270 694
47 402
355 427
450 315
290 699
114 355
187 597
288 621
233 16
231 416
308 662
736 321
365 328
63 261
308 415
433 321
457 737
325 30
387 688
151 609
695 234
412 590
549 516
322 601
207 451
571 576
423 4
336 510
310 714
20 116
260 537
571 566
180 277
154 715
470 139
548 336
3 486
594 450
269 255
96 199
111 627
180 597
222 712
671 241
522 703
659 578
244 124
605 583
21 7
117 643
394 610
725 433
21 700
587 365
88 343
583 12
35 689
229 7
64 73
279 560
576 473
33 257
375 676
326 217
607 413
445 3
523 720
159 286
467 410
639 352
540 166
644 143
338 54
101 58
36 502
704 314
387 647
237 479
485 25
695 621
655 99
358 98
286 56
666 395
630 449
468 85
516 338
552 256
517 693
236 530
123 527
484 414
124 706
679 301
632 557
430 685
25 596
40 680
709 207
375 485
277 358
572 175
597 232
221 599
20 35
319 524
299 37
405 67
282 39
666 568
168 405
252 461
6 343
478 246
502 570
706 531
270 165
1 606
336 25
111 15
564 252
81 241
493 123
64 590
595 48
91 173
648 536
60 300
724 597
307 13
117 153
624 194
545 563
216 593
508 589
463 138
184 670
351 76
381 62
523 576
29 113
539 456
440 155
329 354
382 186
490 464
100 546
200 353
156 671
180 517
587 122
172 411
622 30
230 574
186 364
568 518
47 544
84 64
404 4
58 668
739 596
361 604
694 727
732 87
699 188
585 243
115 628
413 118
150 623
596 438
734 606
662 718
342 328
473 610
126 0
105 151
585 418
618 408
493 368
556 524
398 250
127 146
72 323
577 309
550 711
329 623
449 218
374 14
217 705
448 644
149 582
219 415
112 12
663 684
567 540
207 196
657 237
53 680
242 712
714 729
338 549
86 456
613 660
535 420
178 632
506 261
304 108
183 726
230 296
79 679
49 32
21 104
346 175
102 285
429 120
22 382
390 686
502 150
627 61
570 569
591 100
170 574
108 702
536 3
239 411
598 595
538 251
279 282
1 273
300 437
242 165
651 529
409 330
264 337
419 177
686 690
135 177
456 733
460 226
506 144
726 701
82 401
738 247
596 313
98 108
664 511
514 427
194 105
384 57
107 695
273 567
695 280
202 19
130 294
221 728
581 101
589 487
548 612
433 334
131 3
176 529
419 62
259 154
569 395
165 721
392 37
217 648
600 205
419 439
43 596
57 191
615 100
309 509
551 449
638 463
531 557
612 719
51 50
569 651
634 544
730 604
110 398
271 63
553 326
460 143
593 450
493 568
164 517
125 64
181 2
653 485
688 462
334 722
553 523
62 448
235 22
165 181
177 502
41 539
648 718
228 177
74 561
722 332
282 624
281 326
237 626
382 482
116 328
231 107
307 458
376 176
51 731
690 554
70 85
297 306
228 223
543 102
467 620
228 113
215 398
178 22
372 363
16 281
240 330
447 735
39 209
638 164
156 531
253 11
661 517
102 697
303 68
154 98
620 52
406 123
45 316
14 557
368 151
28 730
539 412
240 227
9 555
674 236
673 568
435 404
269 93
550 433
488 387
475 473
508 509
646 538
315 289
261 547
386 98
357 668
720 634
29 72
586 418
709 638
153 162
16 697
698 580
63 396
413 688
525 333
351 629
459 624
201 445
152 480
655 378
647 251
142 684
167 361
638 549
629 596
509 292
472 297
201 382
357 315
673 319
289 101
164 497
229 340
269 677
55 485
374 369
184 400
393 176
207 669
75 446
108 486
393 285
704 27
303 518
259 148
532 366
488 414
729 398
130 254
101 271
581 730
415 200
358 208
154 469
322 655
214 529
711 38
268 702
642 615
528 696
242 557
690 660
211 623
105 619
275 652
616 265
355 97
715 76
404 439
277 9
223 546
513 168
565 477
424 304
656 670
717 263
669 593
663 125
258 66
113 304
505 731
274 166
5 311
525 514
156 122
483 697
577 612
324 654
352 299
229 107
130 249
296 489
421 559
626 544
56 251
11 458
668 654
319 645
704 398
317 189
538 212
346 139
78 56
432 608
176 198
441 90
673 504
293 95
421 370
618 349
199 100
315 567
271 490
462 618
290 625
44 7
157 653
343 196
466 628
367 19
707 431
258 275
301 343
532 168
386 277
480 199
119 57
192 33
279 635
34 664
712 261
480 434
363 552
87 631
731 459
54 539
47 588
422 452
297 361
113 387
297 57
182 150
70 79
252 217
300 32
305 306
404 44
681 601
556 135
235 441
433 127
401 386
124 459
279 253
274 40
645 371
617 574
494 173
22 352
731 377
621 42
656 258
406 375
557 37
228 713
137 615
150 7
220 722
300 14
730 222
127 633
133 315
609 497
480 439
706 69
367 314
241 236
669 139
140 626
646 115
503 32
283 191
255 216
42 7
179 257
156 71
574 547
589 502
44 481
630 30
474 29
726 310
542 573
499 448
537 517
312 507
629 188
55 201
196 83
128 326
28 38
228 580
70 494
369 199
583 603
689 220
661 723
504 91
367 92
305 415
99 234
623 9
626 249
711 621
471 165
27 161
442 462
468 718
216 418
465 653
735 195
338 636
344 481
644 525
502 339
390 704
48 155
21 700
350 368
587 306
668 225
607 571
361 631
450 62
482 429
649 304
625 327
243 286
169 367
64 231
134 87
283 590
21 451
473 726
675 584
368 481
289 316
506 548
482 205
518 574
639 575
163 82
108 155
345 299
584 385
451 672
114 461
394 554
518 562
569 152
339 132
614 133
437 297
686 21
78 21
33 570
429 716
623 173
37 152
330 525
499 232
471 611
211 523
407 510
636 670
455 597
360 366
209 494
55 265
686 318
247 593
214 576
421 522
457 723
209 55
489 306
110 286
169 117
694 641
419 470
102 650
618 508
552 501
654 724
717 3
58 34
184 376
342 212
737 171
130 348
580 557
477 83
216 170
260 389
135 284
638 407
324 257
396 571
125 37
274 2
625 636
150 131
198 122
268 716
563 173
339 392
400 710
643 563
430 190
208 3
303 733
44 526
695 429
266 165
593 229
142 548
331 491
317 129
708 317
96 568
648 137
402 347
282 394
533 450
615 468
143 499
165 647
547 737
455 377
259 5
737 128
164 510
272 155
514 450
574 307
642 735
303 235
579 214
688 162
250 455
105 67
640 110
59 266
330 0
389 343
25 186
471 353
213 536
33 424
666 733
152 717
173 553
51 234
74 202
548 540
575 152
442 548
456 28
612 707
281 427
410 100
69 319
626 497
647 142
81 206
149 135
299 522
67 95
508 161
160 698
330 329
332 342
331 291
444 425
471 132
406 660
182 239
586 414
456 668
333 205
731 581
436 397
147 245
432 368
412 147
52 533
369 723
48 613
46 380
148 209
667 732
27 305
213 195
308 158
504 304
346 30
51 267
665 249
656 173
583 471
237 465
620 157
653 232
203 344
51 467
696 518
25 503
390 160
470 630
97 673
534 62
325 532
662 7
424 162
449 257
34 684
386 141
229 40
197 253
573 287
583 458
13 531
144 345
365 443
364 451
7 680
712 530
238 136
10 725
243 425
81 509
96 538
214 245
367 85
62 238
285 293
165 536
246 40
643 655
592 145
423 309
598 633
613 416
702 722
612 158
668 656
158 613
525 661
515 127
408 583
98 241
415 359
252 392
575 42
556 391
716 195
560 287
681 375
323 95
665 573
174 533
278 403
662 18
223 123
541 319
186 730
523 601
24 51
667 232
477 366
326 386
287 65
180 326
396 208
352 271
647 6
681 376
135 161
376 186
21 462
369 263
701 1
360 326
569 126
335 148
59 636
686 13
635 25
32 334
316 502
131 87
264 407
559 248
385 191
602 420
22 132
685 267
243 146
545 254
213 671
12 35
125 719
380 256
728 210
328 446
265 600
630 274
289 49
566 85
483 625
247 159
526 99
56 146
451 633
554 592
201 333
688 325
548 707
75 200
595 43
16 252
505 235
1 256
591 357
417 175
120 515
678 93
316 264
408 528
524 569
381 96
63 712
596 510
45 605
297 688
647 195
572 241
421 487
42 198
650 738
280 636
259 454
619 638
372 102
142 438
454 211
314 226
305 13
571 583
236 515
299 169
128 392
392 103
460 662
377 225
148 703
472 37
12 546
262 240
448 486
583 250
70 403
67 677
74 355
476 85
420 309
106 359
265 139
336 419
613 155
104 620
274 607
430 406
512 475
356 234
699 518
602 660
474 492
664 121
20 165
177 198
313 46
201 118
114 215
287 91
74 246
142 78
83 54
342 20
503 367
179 221
715 728
144 505
589 624
478 148
34 135
433 250
378 494
338 176
509 406
543 513
658 677
655 410
107 143
576 548
63 291
10 292
8 170
223 700
473 565
663 655
77 714
591 403
327 284
439 17
317 588
312 691
739 39
279 519
79 281
159 125
302 213
362 174
373 65
477 43
136 296
571 520
414 373
512 431
457 268
672 200
78 2
251 30
723 460
674 423
20 473
101 510
648 345
316 547
294 257
247 591
424 400
38 663
692 228
644 417
735 581
28 177
213 144
669 409
592 164
596 589
301 75
519 203
624 127
479 337
734 257
497 87
456 255
128 702
230 465
82 252
720 350
69 503
607 450
726 191
553 614
662 435
470 641
532 308
410 716
641 651
52 81
678 137
563 643
635 64
133 345
645 501
367 635
737 11
362 296
10 26
450 93
136 732
426 653
538 390
706 595
484 501
18 500
250 207
539 144
693 736
342 430
259 667
30 598
146 600
588 542
658 229
447 237
13 35
539 491
620 659
30 610
379 671
11 635
656 396
359 653
385 244
549 269
170 318
245 333
313 515
502 427
715 25
497 678
551 157
715 249
431 653
89 566
667 675
100 533
543 630
43 457
574 652
645 295
664 74
241 330
495 159
76 538
168 370
136 598
417 364
225 486
60 33
612 9
734 84
497 260
623 465
725 129
410 78
24 475
427 436
507 418
313 138
336 619
77 118
205 579
463 538
662 252
679 222
246 100
34 591
515 88
509 274
538 143
688 369
730 618
561 619
331 1
362 162
308 322
51 255
268 638
642 146
296 478
527 492
181 692
362 661
534 516
213 497
70 115
255 324
128 596
118 52
712 151
138 268
8 460
614 200
170 379
106 320
453 458
57 332
298 686
313 80
64 605
477 608
506 73
296 208
215 616
437 359
295 406
127 657
556 310
497 127
445 517
603 154
316 163
617 92
358 26
551 196
657 39
213 198
249 510
223 35
235 40
11 715
482 395
415 638
346 578
314 647
738 161
443 84
193 75
66 127
52 101
28 88
56 31
431 337
273 20
166 525
222 739
538 110
325 64
350 267
145 292
412 221
237 229
586 644
89 614
152 274
244 466
269 219
348 671
250 385
469 298
545 720
178 536
204 673
261 457
112 19
654 610
512 389
716 680
731 144
437 96
46 315
626 265
535 411
7 264
622 264
737 621
390 668
123 240
433 96
303 449
647 656
246 373
559 247
311 356
644 712
234 569
591 216
337 234
137 581
424 58
340 55
283 593
548 228
311 69
571 10
676 400
562 529
156 351
292 434
181 584
102 476
23 84
389 700
503 66
477 435
398 294
519 288
341 679
423 338
335 480
653 645
111 231
226 645
549 229
295 207
324 398
643 419
5 581
656 232
226 147
214 9
368 449
90 626
129 324
23 282
733 362
349 521
126 602
412 477
4 208
465 171
491 32
141 101
470 108
387 118
454 275
591 282
370 523
606 594
7 235
139 323
519 617
53 420
509 84
537 304
616 497
738 189
387 442
9 390
84 364
84 65
570 601
693 262
190 273
185 315
718 298
307 252
452 476
326 643
86 606
123 469
589 716
214 263
724 674
407 187
422 673
109 358
188 670
726 338
409 322
380 424
704 191
140 487
98 101
158 217
314 99
139 587
690 161
91 244
51 177
90 300
461 370
693 589
498 690
428 506
375 680
9 409
200 351
99 435
258 494
385 347
549 484
117 531
449 131
634 636
279 28
308 460
105 198
269 116
576 180
246 494
464 308
546 598
700 48
424 266
348 1
169 553
127 333
223 247
730 502
173 565
169 526
391 298
521 296
35 449
366 243
287 353
541 685
164 79
674 11
657 137
586 354
201 528
228 254
533 448
567 4
95 623
395 462
494 102
669 209
602 62
232 325
500 465
338 24
588 560
384 687
64 40
705 612
641 159
446 631
99 693
466 391
2 518
71 186
11 65
206 698
473 180
629 738
146 263
724 371
485 461
308 666
77 530
155 460
399 139
560 44
55 486
650 651
157 186
555 280
460 292
327 256
343 481
132 171
701 544
457 277
202 361
633 567
93 96
648 130
281 278
665 675
199 112
484 714
27 225
460 572
662 227
312 178
209 378
391 342
686 23
250 610
174 705
312 108
616 211
194 673
68 368
7 3
39 220
619 364
143 675
555 495
225 630
449 644
87 501
158 188
358 527
32 70
299 477
457 366
225 546
382 660
674 211
285 610
248 151
503 711
193 254
56 250
495 533
600 155
9 410
99 523
565 15
589 9
278 63
205 306
486 399
590 658
642 470
73 561
327 81
379 582
256 683
313 738
458 578
201 4
719 721
500 528
386 292
396 297
620 645
286 485
582 382
249 263
307 738
305 107
74 594
317 334
249 314
35 188
361 19
738 344
534 19
570 6
462 704
682 346
259 137
24 142
361 616
738 586
497 204
147 736
130 131
623 684
7 631
183 151
49 108
719 366
714 253
166 6
384 588
567 131
424 300
344 407
702 432
684 493
331 639
300 50
76 424
564 627
366 88
25 546
84 710
699 639
476 210
101 640
404 334
196 435
163 683
495 433
253 443
166 191
303 373
551 144
508 703
351 278
171 363
311 127
460 277
659 96
8 725
604 302
526 153
726 98
61 423
477 369
526 275
110 501
182 239
144 409
531 7
606 646
652 471
475 641
376 555
676 178
506 691
61 251
262 169
205 207
504 315
449 715
224 473
254 566
122 476
398 447
91 386
337 633
376 175
253 393
225 644
115 533
660 356
122 713
539 334
449 551
353 473
548 90
707 165
333 186
429 546
130 239
680 440
188 510
640 429
722 231
525 593
126 446
347 689
350 287
84 423
703 384
220 563
203 38
703 201
78 144
138 368
724 606
622 707
549 711
90 512
264 627
51 554
137 665
175 245
517 166
432 569
471 444
203 266
283 520
524 45
636 490
622 728
195 310
185 422
340 92
167 126
478 279
59 206
407 722
634 275
290 166
22 61
308 65
58 425
8 48
455 492
220 116
264 238
527 420
343 46
590 188
544 707
100 599
736 587
588 542
217 164
419 610
347 177
641 23
626 428
109 501
410 591
336 212
535 199
671 410
574 306
419 447
645 536
416 571
509 137
661 696
30 728
231 295
449 641
15 357
585 687
435 19
598 272
232 389
165 246
412 467
355 707
588 257
710 150
738 42
360 210
508 208
270 577
562 675
205 536
373 370
544 54
170 266
303 123
638 222
232 396
284 332
36 300
422 395
400 354
271 207
428 645
677 453
328 599
221 488
700 290
504 590
709 383
699 500
623 410
195 227
158 497
688 487
658 540
463 342
510 185
13 320
386 29
403 674
352 11
332 77
545 529
624 176
486 673
88 8
290 248
714 711
657 722
264 340
107 440
107 705
72 737
634 348
627 511
335 658
376 425
209 77
644 75
731 27
306 682
571 317
223 345
226 712
164 117
681 296
270 514
450 683
694 160
426 145
397 263
221 34
109 474
702 212
243 605
312 302
719 179
643 130
259 8
553 379
125 679
201 229
320 241
115 403
170 83
386 485
156 376
457 645
534 264
42 223
88 29
192 504
310 265
464 16
604 293
8 572
249 230
595 204
100 607
631 203
674 156
30 586
412 374
665 502
301 8
69 400
222 316
107 91
383 642
567 220
671 576
561 394
501 631
522 607
292 444
663 507
27 457
637 273
258 100
703 114
599 667
330 622
12 361
464 132
345 12
235 487
616 645
92 728
260 157
147 229
677 428
115 268
340 144
225 529
88 513
245 485
36 15
395 289
384 556
675 91
93 28
58 98
128 574
395 635
201 322
366 723
249 224
422 584
231 696
545 385
293 164
725 19
106 478
232 537
392 627
259 362
390 428
665 151
118 682
89 120
390 401
249 558
624 500
679 15
533 462
614 157
540 14
540 466
225 346
91 547
425 315
483 236
344 732
35 145
252 701
116 171
568 258
543 39
253 717
682 0
593 471
661 529
532 546
589 661
350 322
199 245
691 658
300 157
60 107
488 261
43 573
584 375
309 285
119 270
661 339
680 588
459 529
160 326
454 546
89 382
203 583
213 373
735 684
365 170
520 37
454 291
200 480
630 555
33 314
85 637
638 367
499 434
610 87
319 553
80 525
560 102
91 312
574 619
713 285
731 417
514 72
500 543
638 60
416 345
248 428
284 511
293 552
229 356
277 223
343 466
363 569
498 149
718 679
500 350
339 738
672 723
723 394
45 583
393 717
69 600
408 115
684 728
275 79
393 193
578 251
692 595
55 556
372 450
15 388
508 571
659 118
2 297
117 328
354 245
21 108
737 98
343 504
609 603
628 433
21 575
225 558
33 144
247 276
449 714
267 59
521 626
214 328
653 156
443 200
233 117
642 77
667 522
355 380
113 158
417 258
390 480
526 297
503 149
613 429
585 250
597 285
444 284
732 584
241 219
39 704
226 562
459 47
101 668
511 670
326 295
266 553
448 331
463 166
638 18
78 543
183 101
647 249
717 497
499 645
285 111
191 144
39 657
521 19
381 160
170 296
553 82
488 735
486 384
285 677
527 613
131 124
460 459
690 52
483 418
558 715
189 271
314 440
105 419
736 432
176 538
490 487
649 129
323 501
498 701
709 179
638 500
473 647
517 35
114 334
369 12
128 150
250 241
55 159
129 473
506 159
629 469
144 263
136 155
415 559
661 173
624 22
244 287
114 341
503 469
594 128
537 181
669 170
80 27
84 253
253 389
257 275
81 392
543 486
349 534
705 736
292 663
275 625
0 231
698 216
505 434
428 211
621 438
97 586
129 351
732 429
199 510
322 485
55 91
174 289
482 95
607 135
368 118
580 441
512 125
73 161
242 697
207 638
430 63
705 712
500 147
562 202
204 169
733 353
633 664
40 356
682 664
481 37
284 6
315 121
466 672
306 214
247 408
217 60
83 311
458 141
116 11
127 648
356 448
459 514
537 454
473 14
678 471
620 663
440 588
548 28
596 252
643 18
529 0
542 377
478 275
220 313
369 222
236 460
189 7
576 313
199 708
482 43
589 608
240 252
444 460
705 425
589 456
107 631
622 600
617 270
364 289
440 291
16 466
280 340
88 705
354 26
321 53
530 363
245 735
597 684
86 349
394 34
504 307
530 46
131 630
410 227
341 536
211 492
561 596
443 326
12 149
678 543
457 97
26 670
556 496
287 380
80 629
23 26
79 571
554 177
674 476
592 528
259 267
513 0
355 391
165 475
648 306
490 169
573 101
125 717
47 529
671 136
604 678
561 129
357 585
375 682
564 41
199 173
117 97
279 433
637 74
252 712
184 427
385 687
255 313
455 17
444 136
36 301
547 566
250 398
203 357
164 376
592 274
321 619
607 465
532 361
662 447
352 418
17 736
205 628
260 117
680 605
202 545
733 388
481 336
579 384
116 277
205 97
462 379
208 39
322 277
480 661
698 307
58 522
611 242
637 4