74
369
0,
1,
2,
3,
4,
5,
6,
7,
8,
9,
10,
11,
12,
13,
14,
15,
16,
17,
18,
19,
20,
21,
22,
23,
24,
25,
26,
27,
28,
29,
30,
31,
32,
33,
34,
35,
36,
37,
38,
39,
40,
41,
42,
43,
44,
45,
46,
47,
48,
49,
50,
51,
52,
53,
54,
55,
56,
57,
58,
59,
60,
61,
62,
63,
64,
65,
66,
67,
68,
69,
70,
71,
72,
73
64 65
65 37
37 17
17 47
47 33
33 8
8 25
25 48
48 1
1 28
28 36
36 38
38 71
71 7
7 34
34 56
56 57
57 3
3 52
52 68
68 51
51 13
13 21
21 22
22 60
60 41
41 40
40 44
44 39
39 19
19 23
23 0
0 10
10 32
32 70
70 16
16 12
12 63
63 35
35 54
54 58
58 61
61 11
11 46
46 72
72 69
69 24
24 73
73 6
6 9
9 29
29 27
27 45
45 30
30 42
42 18
18 62
62 66
66 4
4 2
2 5
5 14
14 53
53 31
31 43
43 59
59 26
26 50
50 15
15 49
49 20
20 67
67 55
60 54
70 45
68 6
31 25
70 43
42 2
7 3
30 54
27 56
33 42
53 51
71 31
26 7
27 40
34 70
29 57
44 3
27 59
52 31
42 31
49 60
54 8
48 16
43 57
53 36
16 5
10 65
73 16
18 29
34 30
27 52
21 29
44 28
61 43
71 58
46 42
73 36
38 16
29 23
43 16
35 35
68 72
50 52
15 70
62 18
69 64
1 27
37 70
16 0
0 51
65 62
3 1
48 12
21 24
56 72
35 5
63 58
44 18
32 33
60 62
21 4
25 19
15 21
63 69
9 38
34 1
34 30
41 31
44 68
55 37
61 18
26 1
36 57
20 29
67 31
22 48
37 21
24 50
17 43
73 64
33 17
14 66
23 64
33 6
32 71
53 62
50 34
15 44
60 46
65 8
47 21
40 37
2 7
44 28
22 14
31 12
38 20
29 73
56 53
25 59
19 56
28 32
11 27
69 18
31 38
55 59
55 65
32 24
44 10
63 9
8 36
25 68
9 34
15 68
16 3
49 65
37 16
28 34
10 15
59 38
59 26
64 60
5 63
61 28
28 69
16 13
19 50
33 61
73 44
20 0
70 14
65 1
28 1
27 73
49 4
11 56
58 2
22 62
19 48
17 18
38 50
11 61
7 13
28 5
38 57
7 70
15 26
6 47
42 45
68 70
59 62
53 8
57 42
56 54
46 4
47 67
34 33
71 20
57 53
20 20
15 9
41 42
40 39
25 7
2 29
60 46
73 8
28 62
58 8
43 27
38 56
59 50
39 32
12 20
8 8
26 66
23 65
51 50
29 63
64 38
50 24
12 0
64 65
60 34
73 10
36 30
12 26
47 32
61 38
7 14
16 5
30 69
14 65
15 43
73 65
62 7
47 47
58 39
2 7
10 35
65 3
9 23
42 57
60 12
13 28
27 8
8 41
69 38
21 21
41 36
21 31
62 24
28 14
58 52
59 25
49 63
26 19
19 33
7 9
13 58
13 14
54 3
0 29
23 58
57 63
58 47
66 62
32 44
30 57
0 27
56 71
13 44
21 40
47 61
19 28
14 56
63 56
31 4
36 43
23 32
32 31
56 0
72 3
55 48
29 33
10 36
33 5
11 66
54 6
25 5
57 14
37 8
29 73
13 72
60 39
38 40
17 0
46 50
33 28
51 7
46 41
21 26
47 33
43 38
1 9
1 2
32 27
27 62
25 69
34 35
45 49
70 13
60 8
40 9
24 70
71 48
30 13
5 47
55 55
6 36
70 35
16 13
56 50
30 56
71 30
44 36
56 20
44 14
12 59
18 44
30 52
2 14
21 55
15 57
50 10
20 73