770
3849
0,
1,
2,
3,
4,
5,
6,
7,
8,
9,
10,
11,
12,
13,
14,
15,
16,
17,
18,
19,
20,
21,
22,
23,
24,
25,
26,
27,
28,
29,
30,
31,
32,
33,
34,
35,
36,
37,
38,
39,
40,
41,
42,
43,
44,
45,
46,
47,
48,
49,
50,
51,
52,
53,
54,
55,
56,
57,
58,
59,
60,
61,
62,
63,
64,
65,
66,
67,
68,
69,
70,
71,
72,
73,
74,
75,
76,
77,
78,
79,
80,
81,
82,
83,
84,
85,
86,
87,
88,
89,
90,
91,
92,
93,
94,
95,
96,
97,
98,
99,
100,
101,
102,
103,
104,
105,
106,
107,
108,
109,
110,
111,
112,
113,
114,
115,
116,
117,
118,
119,
120,
121,
122,
123,
124,
125,
126,
127,
128,
129,
130,
131,
132,
133,
134,
135,
136,
137,
138,
139,
140,
141,
142,
143,
144,
145,
146,
147,
148,
149,
150,
151,
152,
153,
154,
155,
156,
157,
158,
159,
160,
161,
162,
163,
164,
165,
166,
167,
168,
169,
170,
171,
172,
173,
174,
175,
176,
177,
178,
179,
180,
181,
182,
183,
184,
185,
186,
187,
188,
189,
190,
191,
192,
193,
194,
195,
196,
197,
198,
199,
200,
201,
202,
203,
204,
205,
206,
207,
208,
209,
210,
211,
212,
213,
214,
215,
216,
217,
218,
219,
220,
221,
222,
223,
224,
225,
226,
227,
228,
229,
230,
231,
232,
233,
234,
235,
236,
237,
238,
239,
240,
241,
242,
243,
244,
245,
246,
247,
248,
249,
250,
251,
252,
253,
254,
255,
256,
257,
258,
259,
260,
261,
262,
263,
264,
265,
266,
267,
268,
269,
270,
271,
272,
273,
274,
275,
276,
277,
278,
279,
280,
281,
282,
283,
284,
285,
286,
287,
288,
289,
290,
291,
292,
293,
294,
295,
296,
297,
298,
299,
300,
301,
302,
303,
304,
305,
306,
307,
308,
309,
310,
311,
312,
313,
314,
315,
316,
317,
318,
319,
320,
321,
322,
323,
324,
325,
326,
327,
328,
329,
330,
331,
332,
333,
334,
335,
336,
337,
338,
339,
340,
341,
342,
343,
344,
345,
346,
347,
348,
349,
350,
351,
352,
353,
354,
355,
356,
357,
358,
359,
360,
361,
362,
363,
364,
365,
366,
367,
368,
369,
370,
371,
372,
373,
374,
375,
376,
377,
378,
379,
380,
381,
382,
383,
384,
385,
386,
387,
388,
389,
390,
391,
392,
393,
394,
395,
396,
397,
398,
399,
400,
401,
402,
403,
404,
405,
406,
407,
408,
409,
410,
411,
412,
413,
414,
415,
416,
417,
418,
419,
420,
421,
422,
423,
424,
425,
426,
427,
428,
429,
430,
431,
432,
433,
434,
435,
436,
437,
438,
439,
440,
441,
442,
443,
444,
445,
446,
447,
448,
449,
450,
451,
452,
453,
454,
455,
456,
457,
458,
459,
460,
461,
462,
463,
464,
465,
466,
467,
468,
469,
470,
471,
472,
473,
474,
475,
476,
477,
478,
479,
480,
481,
482,
483,
484,
485,
486,
487,
488,
489,
490,
491,
492,
493,
494,
495,
496,
497,
498,
499,
500,
501,
502,
503,
504,
505,
506,
507,
508,
509,
510,
511,
512,
513,
514,
515,
516,
517,
518,
519,
520,
521,
522,
523,
524,
525,
526,
527,
528,
529,
530,
531,
532,
533,
534,
535,
536,
537,
538,
539,
540,
541,
542,
543,
544,
545,
546,
547,
548,
549,
550,
551,
552,
553,
554,
555,
556,
557,
558,
559,
560,
561,
562,
563,
564,
565,
566,
567,
568,
569,
570,
571,
572,
573,
574,
575,
576,
577,
578,
579,
580,
581,
582,
583,
584,
585,
586,
587,
588,
589,
590,
591,
592,
593,
594,
595,
596,
597,
598,
599,
600,
601,
602,
603,
604,
605,
606,
607,
608,
609,
610,
611,
612,
613,
614,
615,
616,
617,
618,
619,
620,
621,
622,
623,
624,
625,
626,
627,
628,
629,
630,
631,
632,
633,
634,
635,
636,
637,
638,
639,
640,
641,
642,
643,
644,
645,
646,
647,
648,
649,
650,
651,
652,
653,
654,
655,
656,
657,
658,
659,
660,
661,
662,
663,
664,
665,
666,
667,
668,
669,
670,
671,
672,
673,
674,
675,
676,
677,
678,
679,
680,
681,
682,
683,
684,
685,
686,
687,
688,
689,
690,
691,
692,
693,
694,
695,
696,
697,
698,
699,
700,
701,
702,
703,
704,
705,
706,
707,
708,
709,
710,
711,
712,
713,
714,
715,
716,
717,
718,
719,
720,
721,
722,
723,
724,
725,
726,
727,
728,
729,
730,
731,
732,
733,
734,
735,
736,
737,
738,
739,
740,
741,
742,
743,
744,
745,
746,
747,
748,
749,
750,
751,
752,
753,
754,
755,
756,
757,
758,
759,
760,
761,
762,
763,
764,
765,
766,
767,
768,
769
329 658
658 264
264 75
75 492
492 597
597 579
579 514
514 87
87 274
274 183
183 633
633 422
422 599
599 0
0 731
731 418
418 239
239 276
276 610
610 502
502 642
642 420
420 316
316 22
22 327
327 744
744 35
35 631
631 499
499 328
328 424
424 80
80 367
367 479
479 189
189 635
635 728
728 408
408 179
179 460
460 429
429 715
715 364
364 10
10 231
231 759
759 43
43 247
247 541
541 486
486 760
760 355
355 437
437 5
5 470
470 266
266 282
282 83
83 246
246 117
117 688
688 195
195 666
666 4
4 436
436 156
156 651
651 612
612 14
14 140
140 534
534 284
284 319
319 30
30 757
757 533
533 392
392 192
192 387
387 243
243 726
726 160
160 331
331 710
710 344
344 224
224 271
271 391
391 650
650 251
251 99
99 283
283 730
730 607
607 719
719 721
721 584
584 323
323 428
428 716
716 261
261 296
296 600
600 84
84 172
172 147
147 60
60 52
52 549
549 178
178 555
555 695
695 425
425 135
135 120
120 465
465 12
12 45
45 159
159 395
395 686
686 378
378 129
129 349
349 717
717 126
126 324
324 638
638 449
449 227
227 405
405 15
15 461
461 166
166 154
154 379
379 25
25 738
738 701
701 529
529 537
537 234
234 714
714 385
385 623
623 513
513 724
724 401
401 519
519 335
335 118
118 672
672 94
94 168
168 59
59 41
41 170
170 218
218 98
98 576
576 244
244 593
593 601
601 755
755 216
216 238
238 752
752 520
520 346
346 494
494 199
199 164
164 444
444 419
419 464
464 560
560 165
165 163
163 697
697 180
180 674
674 551
551 577
577 53
53 104
104 521
521 68
68 691
691 586
586 739
739 374
374 727
727 190
190 732
732 337
337 358
358 289
289 673
673 235
235 89
89 48
48 735
735 734
734 353
353 248
248 2
2 598
598 485
485 477
477 365
365 574
574 24
24 766
766 116
116 39
39 134
134 753
753 649
649 339
339 32
32 333
333 269
269 383
383 441
441 446
446 693
693 542
542 330
330 66
66 372
372 250
250 409
409 556
556 748
748 36
36 354
354 226
226 603
603 709
709 647
647 516
516 763
763 504
504 357
357 42
42 713
713 229
229 237
237 138
138 497
497 454
454 616
616 729
729 56
56 270
270 578
578 505
505 301
301 754
754 742
742 242
242 131
131 588
588 245
245 421
421 643
643 531
531 102
102 249
249 706
706 737
737 97
97 685
685 388
388 517
517 96
96 332
332 267
267 506
506 280
280 8
8 471
471 272
272 304
304 206
206 602
602 711
711 40
40 458
458 122
122 303
303 185
185 637
637 488
488 121
121 530
530 689
689 550
550 260
260 214
214 286
286 475
475 681
681 153
153 483
483 447
447 495
495 198
198 439
439 415
415 684
684 112
112 136
136 368
368 125
125 205
205 81
81 119
119 113
113 434
434 204
204 535
535 532
532 583
583 487
487 142
142 6
6 656
656 511
511 82
82 257
257 384
384 350
350 318
318 230
230 412
412 736
736 277
277 406
406 641
641 278
278 501
501 299
299 605
605 668
668 445
445 64
64 652
652 310
310 500
500 491
491 201
201 411
411 44
44 3
3 707
707 459
459 559
559 528
528 609
609 307
307 489
489 620
620 704
704 293
293 61
61 390
390 110
110 670
670 478
478 262
262 108
108 252
252 29
29 484
484 291
291 476
476 540
540 212
212 273
273 399
399 188
188 132
132 295
295 217
217 18
18 518
518 100
100 665
665 123
123 279
279 258
258 314
314 614
614 288
288 552
552 427
427 590
590 442
442 618
618 456
456 569
569 678
678 400
400 624
624 57
57 628
628 71
71 73
73 606
606 298
298 315
315 615
615 617
617 352
352 508
508 430
430 662
662 676
676 389
389 450
450 193
193 19
19 127
127 67
67 572
572 220
220 509
509 435
435 677
677 343
343 661
661 259
259 28
28 371
371 696
696 31
31 361
361 334
334 124
124 76
76 191
191 362
362 377
377 438
438 660
660 72
72 543
543 254
254 562
562 376
376 281
281 432
432 750
750 592
592 148
148 90
90 65
65 463
463 177
177 149
149 305
305 393
393 338
338 111
111 410
410 626
626 336
336 522
522 144
144 240
240 561
561 462
462 241
241 158
158 573
573 37
37 139
139 297
297 630
630 741
741 566
566 431
431 553
553 162
162 155
155 210
210 26
26 575
575 765
765 469
469 382
382 285
285 221
221 472
472 720
720 211
211 51
51 128
128 351
351 747
747 396
396 621
621 151
151 222
222 50
50 33
33 546
546 182
182 708
708 699
699 209
209 568
568 743
743 256
256 130
130 255
255 326
326 762
762 186
186 468
468 213
213 46
46 433
433 767
767 679
679 639
639 526
526 16
16 1
1 275
275 663
663 632
632 115
115 342
342 152
152 640
640 671
671 563
563 92
92 544
544 78
78 69
69 194
194 380
380 397
397 646
646 345
345 682
682 698
698 62
62 687
687 768
768 292
292 764
764 498
498 175
175 481
481 308
308 619
619 404
404 524
524 515
515 381
381 525
525 106
106 208
208 47
47 363
363 745
745 107
107 611
611 137
137 386
386 63
63 474
474 587
587 302
302 13
13 317
317 233
233 321
321 622
622 207
207 571
571 725
725 7
7 416
416 644
644 133
133 490
490 634
634 722
722 740
740 79
79 197
197 482
482 86
86 173
173 95
95 769
769 625
625 582
582 407
407 567
567 105
105 675
675 114
114 101
101 664
664 749
749 467
467 723
723 356
356 645
645 223
223 306
306 452
452 161
161 558
558 375
375 268
268 448
448 683
683 54
54 564
564 150
150 536
536 9
9 608
608 496
496 702
702 88
88 215
215 340
340 453
453 219
219 604
604 369
369 141
141 184
184 627
627 761
761 398
398 712
712 313
313 648
648 203
203 58
58 360
360 146
146 70
70 347
347 236
236 103
103 228
228 455
455 554
554 325
325 547
547 143
143 589
589 109
109 187
187 700
700 417
417 253
253 232
232 594
594 171
171 538
538 457
457 703
703 312
312 758
758 85
85 570
570 202
202 654
654 93
93 692
692 21
21 366
366 294
294 503
503 287
287 290
290 414
414 548
548 451
451 705
705 613
613 181
181 440
440 557
557 680
680 595
595 74
74 413
413 167
167 659
659 145
145 690
690 466
466 320
320 657
657 322
322 510
510 751
751 394
394 38
38 265
265 473
473 512
512 169
169 545
545 11
11 443
443 423
423 629
629 581
581 507
507 669
669 403
403 309
309 480
480 174
174 370
370 539
539 667
667 225
225 373
373 527
527 565
565 55
55 596
596 718
718 17
17 311
311 402
402 200
200 733
733 77
77 176
176 20
20 348
348 359
359 34
34 585
585 157
157 653
653 636
636 426
426 300
300 91
91 341
341 580
580 196
196 694
694 591
591 23
23 263
263 493
493 756
756 523
523 49
49 27
27 746
746 655
500 563
116 681
631 660
351 718
657 215
724 749
621 439
526 185
694 57
99 408
18 59
362 327
333 686
705 452
708 97
694 448
102 122
466 152
588 345
278 701
452 59
543 259
559 227
65 546
567 277
173 690
621 671
161 742
569 510
208 136
11 44
296 328
659 237
683 395
73 686
470 252
323 205
70 29
166 26
105 48
685 411
737 175
196 16
570 138
656 424
263 682
749 742
650 154
137 750
28 50
703 758
357 381
13 235
265 99
284 312
444 623
168 7
541 483
354 226
681 59
182 555
483 627
341 681
450 483
636 602
168 238
288 738
280 665
536 95
610 76
504 709
525 276
265 566
46 313
628 425
197 507
4 63
565 301
599 676
611 67
239 461
203 52
549 194
300 679
62 452
13 150
756 522
202 642
681 653
145 574
17 68
448 325
336 56
138 592
456 141
229 586
381 624
295 434
247 648
528 355
723 601
615 525
155 135
136 606
405 510
701 654
243 111
184 253
209 472
182 483
551 173
432 596
531 735
168 112
630 274
23 656
229 445
318 458
82 363
601 639
640 739
764 116
55 632
359 486
116 728
556 766
58 769
22 225
265 114
76 345
683 491
156 383
171 408
361 349
241 737
462 283
598 362
724 204
749 638
132 609
432 113
275 257
510 763
698 487
473 427
577 661
641 634
423 191
123 165
290 267
289 284
46 31
74 78
657 588
185 591
526 660
49 612
403 572
199 379
520 405
187 320
690 475
310 397
724 28
450 524
43 326
634 361
173 428
498 739
116 757
733 394
228 635
124 168
653 626
219 37
297 355
293 444
468 452
337 629
255 339
16 767
333 110
144 118
714 157
188 143
74 595
136 537
340 367
285 285
410 329
44 628
389 682
135 764
358 215
329 285
274 545
617 420
114 26
74 97
324 747
468 211
118 322
701 589
208 405
196 191
635 567
390 510
123 586
130 77
248 611
715 29
5 407
637 193
415 276
276 686
413 74
521 34
108 761
18 686
185 5
397 195
614 375
633 529
553 262
617 258
421 436
324 264
224 7
133 166
119 311
707 746
372 375
622 188
45 272
314 485
460 32
248 577
415 647
333 280
648 610
601 333
101 205
350 562
698 464
496 29
138 442
352 713
106 82
59 563
741 399
618 576
520 198
571 745
710 556
581 742
208 190
435 498
344 400
636 571
226 417
158 352
303 121
565 538
566 132
198 266
402 634
89 191
71 85
160 32
633 445
103 758
364 259
329 176
485 364
411 218
554 728
471 628
218 693
692 717
17 752
262 447
436 360
118 68
525 327
359 465
11 693
423 518
304 294
47 160
494 614
27 711
126 535
357 677
127 416
66 762
509 550
391 497
95 732
485 62
317 273
210 437
271 385
351 125
426 681
568 75
569 144
294 230
733 635
234 516
381 172
461 229
470 371
387 428
270 395
570 132
721 196
712 653
17 692
334 239
148 544
100 275
157 739
311 611
363 434
563 570
43 521
36 182
1 424
535 239
524 224
383 581
459 373
715 7
522 257
449 761
96 747
456 154
372 387
118 286
766 646
766 68
348 523
205 168
653 654
460 226
679 470
125 194
484 698
740 6
211 697
312 492
119 527
70 577
13 485
660 408
51 116
766 72
650 185
721 2
108 254
42 84
295 426
420 20
483 679
215 186
20 338
655 65
348 575
226 130
718 66
414 331
287 582
733 659
95 76
669 274
82 410
339 316
743 751
754 662
672 561
435 285
634 382
403 322
244 735
506 82
205 201
132 563
572 182
399 725
621 99
555 569
406 564
671 433
265 458
32 436
531 359
669 455
249 167
627 336
432 477
291 482
66 674
454 709
425 634
164 390
373 750
726 461
9 574
713 485
590 551
754 515
167 174
678 283
671 662
516 15
276 704
170 620
160 166
107 43
757 679
82 176
199 760
193 114
84 671
695 614
271 643
497 344
592 402
561 64
429 458
746 669
353 692
744 526
119 307
317 243
194 191
533 679
457 178
518 68
63 441
527 142
264 565
634 336
540 705
235 244
109 216
692 263
332 21
93 341
326 231
516 313
749 697
140 646
626 606
653 370
579 508
82 203
320 23
142 601
181 20
599 635
172 0
358 519
650 262
512 396
420 527
761 318
315 202
259 4
715 458
614 557
461 336
632 437
641 659
382 705
158 690
520 274
219 478
7 621
223 306
567 183
540 607
565 690
191 716
210 171
67 164
82 313
175 547
570 545
531 210
730 698
601 728
642 20
429 496
40 606
328 439
438 187
376 206
565 565
727 684
440 193
211 168
271 717
40 631
138 271
762 189
579 246
448 404
153 564
761 340
416 734
672 139
662 513
452 410
328 606
641 258
306 580
35 714
721 563
414 623
486 385
209 533
640 269
371 295
193 207
228 112
675 674
147 355
468 107
20 228
699 137
692 469
603 599
427 561
692 609
252 644
40 493
80 751
696 289
215 704
358 543
609 301
107 58
465 704
403 588
663 475
53 215
238 106
200 742
193 704
169 514
32 196
677 587
575 133
250 699
218 700
651 309
526 383
593 220
104 296
761 289
483 382
96 428
556 377
708 349
600 453
16 394
707 621
263 456
514 104
614 2
698 206
672 320
160 89
99 546
411 397
598 397
39 476
359 444
266 59
379 256
550 656
665 394
374 673
42 30
661 292
198 551
135 234
711 471
119 646
694 438
165 652
707 532
85 299
473 217
411 747
245 64
547 179
419 10
472 740
394 320
660 284
635 154
478 17
387 512
470 10
724 117
687 44
675 376
495 318
137 380
703 474
96 211
746 467
638 109
660 210
404 286
614 194
76 624
147 507
530 343
648 378
599 756
457 631
629 247
606 239
104 218
18 751
374 620
114 179
426 116
24 222
405 614
314 682
646 170
25 573
747 709
595 326
102 328
630 591
22 370
57 87
215 157
27 189
115 649
1 285
172 304
244 264
378 750
500 492
354 181
245 753
737 98
293 399
764 355
582 307
738 233
600 164
126 56
295 92
134 512
75 552
531 193
719 534
67 620
291 567
724 695
376 638
391 263
455 237
347 300
559 443
109 735
38 189
721 490
2 9
764 483
289 690
163 446
696 321
639 719
95 78
116 537
565 519
62 115
528 269
660 757
116 463
420 264
698 449
101 692
147 108
235 270
611 31
247 389
213 626
366 387
498 43
269 375
654 98
313 461
765 286
372 214
264 747
364 465
424 5
680 633
368 596
55 295
343 598
753 646
461 27
124 642
573 38
542 397
310 407
215 222
502 171
286 572
501 240
233 556
608 309
235 362
109 618
626 734
450 761
609 622
523 586
710 519
212 466
210 122
311 160
249 756
266 609
420 510
252 432
118 507
78 193
737 67
522 506
493 306
69 588
293 253
595 559
71 185
39 534
355 527
478 258
464 638
32 460
487 698
652 740
506 580
412 466
204 596
617 659
94 653
768 660
716 550
413 396
283 742
127 131
412 154
518 507
584 4
309 510
43 259
751 538
242 565
152 533
272 389
205 323
527 207
260 125
547 452
190 685
239 603
189 644
541 611
749 255
305 665
453 380
404 711
723 491
328 340
340 423
274 764
69 162
203 33
614 436
260 695
342 38
269 444
649 378
224 645
466 45
501 529
58 414
517 583
276 169
672 614
443 348
619 661
670 131
485 596
695 514
151 522
228 635
56 281
480 289
527 759
389 138
207 559
356 504
276 44
692 284
528 748
505 612
656 541
417 100
22 754
137 3
98 608
651 759
235 231
222 6
152 104
180 531
557 94
271 123
672 164
623 434
128 552
250 658
58 378
35 672
338 746
671 736
476 214
251 200
440 106
31 99
686 349
46 663
677 617
558 731
669 103
26 324
221 202
235 193
620 558
715 523
512 152
677 124
335 599
460 723
756 175
698 434
449 483
38 348
304 22
435 33
470 44
308 387
662 67
134 637
517 662
386 483
7 521
417 451
218 174
201 342
678 342
406 601
105 335
448 270
355 70
617 212
195 96
257 90
268 761
127 460
566 461
636 67
431 395
192 84
82 660
49 534
208 13
429 591
605 245
616 679
233 145
716 767
454 222
557 456
173 757
209 117
423 385
629 359
328 137
712 135
21 7
269 457
629 121
686 550
512 318
686 153
220 449
766 510
651 638
278 669
357 671
582 671
139 85
376 297
330 732
132 21
295 501
57 380
528 689
105 315
139 28
564 658
656 516
600 396
462 356
46 582
37 92
452 291
701 57
56 115
615 62
634 766
431 165
145 254
557 558
316 57
752 404
8 227
529 739
150 244
84 388
673 554
524 393
401 63
501 656
709 450
357 214
766 39
708 339
538 186
119 509
641 384
667 736
575 528
47 179
275 50
577 302
530 409
65 708
703 264
414 729
292 65
183 22
719 469
763 572
243 586
420 232
382 702
13 400
694 693
457 299
163 277
592 445
562 233
561 349
487 646
407 310
568 33
179 597
62 383
399 192
661 3
736 557
254 209
200 29
761 648
179 358
128 711
589 686
569 3
285 444
137 397
50 755
607 121
148 611
323 737
378 676
297 424
351 617
579 445
120 178
533 119
355 268
305 698
445 269
78 119
276 204
55 97
541 707
363 159
337 20
455 67
498 602
467 577
155 193
455 696
338 40
168 559
142 267
570 625
520 594
738 685
253 570
377 554
360 755
620 607
225 707
25 633
763 387
12 617
438 380
526 408
49 185
313 287
14 285
545 511
729 382
72 768
213 85
392 340
481 535
89 550
226 422
720 495
640 334
26 597
577 578
268 598
318 23
702 569
298 310
413 754
551 677
303 403
469 331
297 287
171 376
623 606
607 248
464 109
371 267
356 408
299 749
313 401
390 291
557 60
421 179
276 626
643 147
672 244
102 352
599 443
411 58
227 430
197 482
214 77
721 210
359 319
344 444
108 642
684 709
683 580
465 453
563 485
169 100
716 733
633 61
554 96
33 401
514 599
584 479
41 120
492 524
407 487
394 241
381 24
40 304
110 168
627 733
506 538
74 752
474 205
531 5
296 740
216 364
736 468
571 262
349 4
380 58
76 590
95 472
101 419
156 189
36 243
351 162
613 698
258 605
251 301
124 301
521 596
147 175
371 478
717 106
197 408
654 11
631 180
55 433
264 7
287 589
110 666
72 443
14 502
241 131
536 111
14 647
53 379
746 399
311 476
280 375
539 423
73 656
329 492
271 268
768 354
281 496
573 226
610 565
352 135
636 707
514 51
686 144
508 456
397 501
100 275
149 36
462 422
707 709
743 544
108 721
700 127
345 559
617 234
619 465
546 345
531 535
733 404
479 676
744 128
497 551
740 4
359 135
399 711
166 617
236 490
552 759
198 372
359 646
490 741
654 354
307 763
635 208
10 608
724 343
492 599
602 115
266 715
219 543
146 5
600 673
167 392
119 177
257 21
43 139
105 304
163 736
168 33
516 706
387 121
481 765
597 75
40 135
399 730
516 187
50 245
453 748
474 439
85 745
140 165
653 395
286 313
260 745
238 442
321 434
293 245
446 567
116 250
32 593
172 130
760 278
449 629
468 121
370 347
198 346
601 678
554 334
546 151
33 387
265 213
121 299
666 2
354 63
592 53
129 740
498 663
112 365
378 557
403 474
725 327
19 695
726 625
227 487
515 469
557 600
11 87
108 225
529 497
314 104
172 687
628 256
425 204
532 387
436 65
323 683
205 146
542 617
453 137
314 194
32 264
758 696
133 471
609 150
561 589
608 427
110 548
29 103
703 653
252 620
399 359
68 448
204 238
698 630
485 766
62 207
573 565
319 120
398 160
84 645
596 275
79 257
319 141
190 44
718 654
678 656
334 153
107 290
480 668
704 521
102 419
10 246
231 658
214 546
394 405
405 397
248 28
107 548
136 386
138 13
665 536
590 107
159 678
720 530
657 548
470 607
85 272
180 131
687 517
398 120
613 331
115 332
27 49
762 622
415 20
177 35
464 732
179 454
55 129
244 170
395 102
205 68
251 516
231 560
30 752
751 494
334 670
215 714
711 150
227 422
156 405
723 383
482 612
5 219
276 711
276 712
377 478
144 186
299 434
698 352
514 335
698 660
323 15
365 373
305 244
5 422
252 251
83 105
324 444
698 562
686 474
655 268
738 566
431 744
13 67
649 766
536 254
518 228
548 565
131 28
257 655
68 125
353 358
611 253
48 338
541 46
532 240
668 634
183 19
573 616
719 750
89 535
392 658
31 554
685 240
289 430
674 651
587 506
146 103
55 77
158 198
52 68
528 10
11 46
735 365
154 693
284 449
697 147
686 465
384 273
485 715
417 275
479 263
675 735
701 242
461 203
723 69
301 562
124 653
591 317
238 621
715 535
154 455
425 398
151 392
119 505
3 408
353 674
200 18
83 439
53 168
195 185
613 223
53 372
578 752
570 702
258 18
21 263
731 659
85 380
69 662
644 431
768 663
472 522
413 85
668 573
322 533
753 701
242 363
230 115
344 614
172 535
319 48
181 717
339 383
54 501
244 422
235 705
121 242
245 500
281 649
292 143
591 733
97 265
280 60
29 250
426 24
195 664
704 152
125 225
143 599
758 348
94 326
218 562
368 340
338 449
134 230
151 21
213 601
230 497
635 280
79 139
613 462
403 393
496 501
593 205
472 682
464 640
470 738
629 551
285 748
280 657
497 20
252 518
111 706
714 437
346 751
187 429
552 168
171 63
579 449
130 38
86 601
448 96
692 681
433 522
501 294
611 97
176 625
210 118
526 399
74 143
156 592
421 434
334 266
62 452
236 276
228 170
93 734
619 428
459 97
389 640
589 70
424 145
603 264
467 615
707 23
589 77
766 141
516 568
752 423
717 302
459 169
88 408
554 77
700 113
688 82
547 524
144 164
80 75
94 637
544 714
134 254
696 767
630 688
607 256
36 374
600 292
471 107
683 466
476 66
191 147
620 473
489 184
642 179
314 655
672 597
668 152
433 400
603 670
79 695
745 490
692 763
80 707
379 212
215 410
147 398
523 21
682 341
557 716
4 218
63 80
278 159
494 754
409 124
586 724
578 404
726 631
704 113
330 223
669 523
437 667
686 375
215 626
380 177
40 642
127 610
710 539
94 543
383 731
291 321
4 162
734 81
497 655
501 25
60 32
578 331
575 198
641 678
455 61
69 203
433 741
525 37
194 749
546 370
718 706
764 394
436 405
178 543
334 671
289 100
567 182
732 284
224 559
677 298
443 357
272 695
480 87
254 115
761 598
395 427
629 589
567 438
33 740
631 563
315 506
408 188
11 18
265 669
659 577
174 757
143 436
435 177
540 696
355 620
299 430
729 471
663 561
294 434
78 581
564 93
491 344
614 666
656 556
764 21
234 245
13 305
297 734
314 437
292 481
404 304
556 430
743 17
710 611
10 158
9 727
308 149
527 456
460 115
624 708
551 691
710 148
89 336
130 189
254 398
667 175
69 622
617 182
340 508
537 249
156 32
317 340
661 20
513 481
244 147
309 669
567 539
451 344
737 686
114 550
168 656
453 67
695 267
188 769
105 631
269 409
59 460
48 262
441 261
54 59
347 121
121 222
362 625
248 533
433 556
464 484
373 522
705 205
179 248
353 363
231 190
71 84
272 38
402 56
397 750
625 116
428 552
152 125
387 646
154 743
14 78
372 276
570 607
169 645
458 361
53 474
728 103
333 112
142 339
380 166
495 369
739 56
706 328
648 45
86 385
313 720
566 90
166 464
494 171
520 510
402 696
152 237
544 440
405 81
499 272
446 644
190 143
715 86
432 416
346 656
176 277
175 502
423 630
37 74
308 199
324 519
159 87
763 662
153 410
589 21
359 706
43 260
237 97
18 721
32 47
319 164
183 373
603 607
292 704
318 683
333 672
138 696
138 395
702 455
340 647
548 724
264 379
266 286
304 597
202 245
669 365
751 152
27 166
388 151
676 690
157 242
706 255
32 757
22 141
675 672
260 55
553 248
35 550
495 6
299 245
377 117
308 514
601 313
49 315
278 370
356 764
240 22
172 678
141 151
5 203
658 126
258 107
697 470
554 255
680 538
620 629
269 384
143 542
644 573
740 756
233 123
569 439
575 599
66 740
199 531
183 301
517 636
627 351
607 117
302 316
188 623
335 353
715 418
539 123
506 260
653 357
304 475
320 429
626 683
531 64
495 316
714 432
327 276
633 540
631 525
150 150
174 707
237 492
148 153
423 304
256 452
310 719
331 710
122 114
5 444
677 464
378 104
684 509
590 340
285 690
201 715
231 670
340 750
578 517
486 736
454 31
46 407
222 687
504 555
597 732
133 220
155 25
150 34
653 635
147 166
212 416
462 517
557 687
667 768
603 440
585 354
174 321
197 704
340 167
233 256
475 560
631 80
134 42
323 639
689 303
496 743
710 131
726 565
292 509
253 553
495 575
619 395
34 177
339 548
713 601
368 717
220 709
504 733
189 687
173 148
303 426
565 203
141 366
671 215
409 729
582 471
210 355
672 718
172 233
747 113
670 462
733 212
284 226
357 38
661 255
110 282
102 202
559 54
169 644
295 148
103 189
127 231
500 567
382 324
684 241
98 590
184 754
310 532
558 735
693 60
573 376
27 424
601 178
752 692
4 480
706 481
693 738
193 766
263 716
192 417
465 608
534 635
473 546
540 667
504 581
12 477
511 620
617 361
155 494
208 415
169 106
91 517
440 756
327 315
226 53
727 609
509 744
279 285
51 98
339 633
721 653
690 659
475 61
106 433
158 157
169 130
106 341
573 90
252 635
721 525
382 432
709 189
655 165
298 380
629 345
769 94
208 738
118 156
679 277
245 452
724 412
363 510
188 514
61 13
320 225
710 255
463 327
449 622
572 755
20 49
77 591
438 587
40 560
453 627
131 504
111 132
708 494
237 461
499 653
49 19
119 5
157 32
395 21
219 113
608 345
511 129
543 132
322 408
303 16
228 166
76 659
1 263
100 338
500 294
11 149
198 219
716 623
622 53
255 67
699 330
181 446
259 618
348 504
601 675
134 517
152 723
452 728
424 340
360 553
765 559
271 413
546 402
694 474
24 530
41 422
283 657
406 460
82 674
68 159
406 603
423 532
277 97
441 359
723 685
78 423
105 449
730 496
274 617
334 349
506 702
751 750
298 716
127 587
175 383
667 102
377 668
610 663
324 433
334 629
598 707
654 395
294 704
633 7
588 113
584 10
117 208
737 102
472 769
238 114
371 103
129 477
365 159
552 769
41 169
756 121
760 431
2 720
366 229
321 534
136 411
109 1
511 661
435 40
464 70
396 443
317 474
298 293
696 342
125 236
488 121
610 329
105 115
239 485
338 617
669 71
176 20
419 539
303 173
547 522
625 26
59 217
327 90
562 141
452 275
92 36
186 709
264 27
7 667
586 39
6 348
416 465
113 98
60 705
621 41
21 276
549 430
515 508
373 41
41 232
162 459
337 728
266 307
73 609
181 634
697 281
502 551
401 159
610 616
556 228
17 755
543 164
219 100
331 386
511 16
15 169
100 713
25 403
115 271
425 673
56 98
112 83
420 420
199 559
767 607
19 262
102 16
255 573
49 277
157 227
366 476
523 465
341 715
631 684
399 670
538 587
270 97
296 48
607 263
548 707
416 505
173 665
456 732
415 187
6 64
637 524
550 374
320 89
763 512
417 568
24 207
426 190
218 673
566 183
496 553
37 696
10 453
654 29
599 248
279 565
288 225
448 313
86 7
682 144
471 420
757 134
368 481
225 149
286 100
302 12
227 533
437 224
735 648
695 289
658 684
533 328
297 221
28 321
563 504
214 19
623 574
537 129
547 437
527 546
607 417
420 510
721 390
150 112
317 54
92 285
640 37
427 615
80 268
343 95
105 464
38 548
641 145
682 14
513 273
29 231
193 75
218 655
495 381
724 321
518 31
666 51
357 53
529 450
302 405
409 641
123 21
60 261
408 347
254 301
512 448
739 482
428 216
520 768
531 366
511 593
435 708
16 551
333 478
232 155
646 32
0 655
62 168
275 680
737 414
303 596
68 393
767 581
757 507
408 127
291 492
463 292
48 98
653 2
287 158
736 310
353 418
595 283
699 309
747 134
488 240
27 257
589 188
107 544
457 397
159 29
473 315
80 435
230 545
81 686
153 266
356 70
240 492
387 304
105 196
729 565
557 284
543 470
123 281
61 602
657 525
448 389
75 0
644 262
585 703
487 36
592 646
539 294
475 341
470 656
579 264
512 454
102 297
571 721
381 622
585 510
365 178
684 158
350 26
168 633
180 155
381 551
675 682
296 462
467 633
87 617
420 703
616 567
320 265
766 382
49 152
172 619
363 699
223 102
501 656
660 173
665 675
340 621
684 62
458 659
715 52
621 140
178 508
694 630
76 69
282 512
131 244
541 698
211 497
493 473
737 370
530 700
672 295
748 768
191 422
217 688
100 708
394 670
507 190
214 547
108 290
220 523
668 732
667 692
355 381
582 301
84 56
310 201
674 305
413 305
223 472
294 402
262 44
301 465
714 403
493 155
405 564
97 129
260 700
294 227
543 637
263 175
196 696
735 500
539 713
228 509
434 184
659 429
736 48
394 476
535 225
68 567
296 676
426 633
187 581
685 673
284 674
205 82
199 136
210 588
266 335
526 567
721 236
528 570
745 632
51 477
204 615
95 141
523 481
694 640
458 451
215 473
425 428
597 508
606 644
138 455
229 556
399 38
741 69
32 717
476 680
349 526
470 88
414 260
639 698
123 123
574 373
156 769
307 65
269 548
360 590
236 559
704 167
15 42
715 453
622 172
147 186
376 420
0 639
712 93
226 306
68 279
192 112
42 192
478 324
326 190
250 512
368 639
12 79
331 619
247 549
476 321
671 509
478 482
545 143
194 441
572 43
199 238
126 513
478 499
350 46
116 58
665 18
378 313
550 740
221 310
317 423
730 740
731 160
657 244
187 531
394 526
500 226
170 417
758 197
100 416
399 763
572 601
281 552
763 423
767 210
663 599
151 116
706 260
65 634
71 398
584 558
711 467
258 632
361 634
721 476
326 205
213 64
101 38
17 743
413 467
431 430
130 769
147 710
111 556
115 380
721 268
602 583
79 516
107 73
653 695
599 375
588 656
426 747
352 381
390 747
404 707
700 757
98 66
265 581
531 502
121 318
581 26
327 519
410 224
41 417
506 445
25 442
706 564
109 365
561 247
24 153
192 701
586 643
421 37
59 338
36 599
382 687
644 355
67 755
201 757
752 94
166 332
377 55
491 764
581 496
378 66
320 326
306 535
151 48
366 475
196 444
662 184
238 459
80 515
581 162
631 668
361 720
609 580
421 554
377 744
173 246
283 682
295 216
758 446
507 763
408 46
596 430
720 603
452 521
270 408
459 46
719 65
376 681
448 762
463 231
368 498
61 176
248 553
575 329
15 615
495 446
415 80
61 467
457 46
177 598
323 235
645 433
234 75
332 730
151 649
650 493
626 377
232 315
734 711
704 507
120 243
450 670
503 696
216 705
145 671
125 226
711 650
4 75
707 610
676 529
70 569
377 231
292 502
718 591
128 140
196 690
50 609
414 456
357 520
8 631
755 65
239 261
245 92
197 356
485 346
541 509
115 756
295 34
291 262
160 164
601 295
237 397
178 640
721 578
525 702
486 338
541 213
639 274
458 490
359 613
441 731
462 406
285 564
296 31
704 679
80 307
230 484
250 393
165 662
425 83
191 188
758 217
584 764
443 33
57 510
422 651
602 145
758 463
127 326
259 40
712 555
607 500
343 418
194 714
479 135
649 352
552 24
342 474
180 191
658 192
127 360
763 525
751 55
470 424
682 764
702 94
40 104
133 562
622 515
724 721
152 7
460 258
259 184
437 246
148 724
443 266
506 457
439 260
372 510
469 683
670 172
163 67
701 267
573 684
598 508
21 244
724 268
717 133
761 48
725 9
693 764
582 188
152 632
51 507
766 45
718 114
401 552
145 73
39 402
172 391
592 330
160 156
43 633
372 195
626 319
22 339
489 554
235 668
453 322
440 37
633 736
190 251
191 48
214 40
470 413
643 711
206 661
484 577
453 525
462 247
295 96
289 674
178 351
722 8
209 212
748 374
439 591
15 587
91 381
586 629
23 642
605 17
236 637
115 412
412 228
769 758
486 619
293 177
622 220
184 161
464 431
156 482
435 343
646 87
211 11
279 440
38 122
279 380
275 649
752 342
312 614
512 345
610 189
435 751
185 148
741 529
759 605
79 264
636 491
48 337
150 116
655 524
619 171
532 628
348 389
496 494
698 748
384 369
607 111
213 252
193 667
671 492
319 212
350 325
705 332
281 206
665 127
354 610
722 51
48 414
167 414
250 634
257 592
736 487
295 604
316 755
448 454
478 277
572 232
242 217
31 336
706 279
535 279
89 749
490 588
623 533
500 354
350 701
560 512
152 111
698 187
12 554
523 428
745 664
424 451
566 598
603 686
709 371
33 649
488 185
562 402
501 441
338 23
176 354
406 267
391 563
547 443
389 106
601 603
188 598
316 30
294 377
254 729
41 341
154 200
397 170
459 493
356 401
45 191
235 667
583 448
725 567
649 462
389 247
83 587
442 596
35 46
15 608
437 437
552 640
40 26
559 15
748 97
498 640
426 315
465 369
703 215
139 238
243 24
182 200
757 691
185 18
99 294
650 546
526 578
511 208
716 400
3 603
149 340
273 711
630 474
218 161
60 385
754 393
44 552
688 122
596 434
146 722
28 110
328 331
720 708
56 413
515 265
582 612
52 147
3 538
613 578
480 166
552 357
672 242
484 286
399 239
585 735
645 529
381 599
206 201
292 257
113 459
299 584
366 344
390 516
141 123
163 186
418 496
113 413
309 352
590 413
661 130
762 183
621 386
180 762
283 467
72 654
342 572
702 193
2 460
267 613
679 693
508 479
257 94
149 253
250 107
85 56
37 130
101 83
263 622
556 544
107 197
424 81
264 685
478 360
614 540
137 426
233 367
458 688
277 207
214 757
551 264
277 562
501 707
203 402
393 477
291 469
537 175
315 469
199 312
648 501
417 242
166 521
16 368
67 763
311 212
183 66
541 53
125 78
704 419
405 731
352 705
634 498
675 71
383 690
103 30
681 21
155 19
335 17
288 682
687 270
448 175
265 421
129 236
546 549
230 364
427 767
379 212
84 745
262 649
309 722
130 259
68 568
208 367
157 279
225 176
255 156
247 481
732 110
532 264
707 544
444 701
198 725
548 55
437 436
719 730
384 291
382 49
161 576
359 589
136 463
7 173
168 138
554 68
729 321
432 356
591 336
741 548
106 302
585 320
500 472
691 306
197 361
379 207
637 484
188 120
122 737
89 29
290 440
209 113
109 147
110 508
315 398
648 114
223 328
690 386
78 446
269 307
713 191
656 595
170 261
627 521
660 10
186 31
481 443
11 134
736 189
606 568
179 527
419 669
721 370
214 95
421 182
164 350
237 27
725 238
161 10
105 410
749 14
424 121
564 609
336 444
88 322
755 747
700 212
54 606
692 6
568 534
5 301
269 165
319 13
769 561
114 58
363 262
666 402
192 174
509 319
357 372
763 211
486 68
47 559
707 111
643 590
689 316
398 236
314 751
724 51
354 354
60 230
109 769
493 41
350 54
23 680
110 584
15 230
17 588
18 192
670 367
761 683
526 291
396 582
67 108
227 108
202 79
457 506
551 632
113 337
531 226
396 117
449 430
511 354
35 144
385 584
587 611
321 435
732 692
521 51
408 714
414 411
701 150
281 377
94 271
298 573
339 29
732 28
332 486
74 15
675 378
598 415
301 224
568 44
309 516
737 578
89 400
257 315
385 197
281 684
316 423
708 645
332 228
397 119
127 375
579 510
565 1
610 182
738 376
407 481
258 369
93 539
729 435
509 272