790
3949
0,
1,
2,
3,
4,
5,
6,
7,
8,
9,
10,
11,
12,
13,
14,
15,
16,
17,
18,
19,
20,
21,
22,
23,
24,
25,
26,
27,
28,
29,
30,
31,
32,
33,
34,
35,
36,
37,
38,
39,
40,
41,
42,
43,
44,
45,
46,
47,
48,
49,
50,
51,
52,
53,
54,
55,
56,
57,
58,
59,
60,
61,
62,
63,
64,
65,
66,
67,
68,
69,
70,
71,
72,
73,
74,
75,
76,
77,
78,
79,
80,
81,
82,
83,
84,
85,
86,
87,
88,
89,
90,
91,
92,
93,
94,
95,
96,
97,
98,
99,
100,
101,
102,
103,
104,
105,
106,
107,
108,
109,
110,
111,
112,
113,
114,
115,
116,
117,
118,
119,
120,
121,
122,
123,
124,
125,
126,
127,
128,
129,
130,
131,
132,
133,
134,
135,
136,
137,
138,
139,
140,
141,
142,
143,
144,
145,
146,
147,
148,
149,
150,
151,
152,
153,
154,
155,
156,
157,
158,
159,
160,
161,
162,
163,
164,
165,
166,
167,
168,
169,
170,
171,
172,
173,
174,
175,
176,
177,
178,
179,
180,
181,
182,
183,
184,
185,
186,
187,
188,
189,
190,
191,
192,
193,
194,
195,
196,
197,
198,
199,
200,
201,
202,
203,
204,
205,
206,
207,
208,
209,
210,
211,
212,
213,
214,
215,
216,
217,
218,
219,
220,
221,
222,
223,
224,
225,
226,
227,
228,
229,
230,
231,
232,
233,
234,
235,
236,
237,
238,
239,
240,
241,
242,
243,
244,
245,
246,
247,
248,
249,
250,
251,
252,
253,
254,
255,
256,
257,
258,
259,
260,
261,
262,
263,
264,
265,
266,
267,
268,
269,
270,
271,
272,
273,
274,
275,
276,
277,
278,
279,
280,
281,
282,
283,
284,
285,
286,
287,
288,
289,
290,
291,
292,
293,
294,
295,
296,
297,
298,
299,
300,
301,
302,
303,
304,
305,
306,
307,
308,
309,
310,
311,
312,
313,
314,
315,
316,
317,
318,
319,
320,
321,
322,
323,
324,
325,
326,
327,
328,
329,
330,
331,
332,
333,
334,
335,
336,
337,
338,
339,
340,
341,
342,
343,
344,
345,
346,
347,
348,
349,
350,
351,
352,
353,
354,
355,
356,
357,
358,
359,
360,
361,
362,
363,
364,
365,
366,
367,
368,
369,
370,
371,
372,
373,
374,
375,
376,
377,
378,
379,
380,
381,
382,
383,
384,
385,
386,
387,
388,
389,
390,
391,
392,
393,
394,
395,
396,
397,
398,
399,
400,
401,
402,
403,
404,
405,
406,
407,
408,
409,
410,
411,
412,
413,
414,
415,
416,
417,
418,
419,
420,
421,
422,
423,
424,
425,
426,
427,
428,
429,
430,
431,
432,
433,
434,
435,
436,
437,
438,
439,
440,
441,
442,
443,
444,
445,
446,
447,
448,
449,
450,
451,
452,
453,
454,
455,
456,
457,
458,
459,
460,
461,
462,
463,
464,
465,
466,
467,
468,
469,
470,
471,
472,
473,
474,
475,
476,
477,
478,
479,
480,
481,
482,
483,
484,
485,
486,
487,
488,
489,
490,
491,
492,
493,
494,
495,
496,
497,
498,
499,
500,
501,
502,
503,
504,
505,
506,
507,
508,
509,
510,
511,
512,
513,
514,
515,
516,
517,
518,
519,
520,
521,
522,
523,
524,
525,
526,
527,
528,
529,
530,
531,
532,
533,
534,
535,
536,
537,
538,
539,
540,
541,
542,
543,
544,
545,
546,
547,
548,
549,
550,
551,
552,
553,
554,
555,
556,
557,
558,
559,
560,
561,
562,
563,
564,
565,
566,
567,
568,
569,
570,
571,
572,
573,
574,
575,
576,
577,
578,
579,
580,
581,
582,
583,
584,
585,
586,
587,
588,
589,
590,
591,
592,
593,
594,
595,
596,
597,
598,
599,
600,
601,
602,
603,
604,
605,
606,
607,
608,
609,
610,
611,
612,
613,
614,
615,
616,
617,
618,
619,
620,
621,
622,
623,
624,
625,
626,
627,
628,
629,
630,
631,
632,
633,
634,
635,
636,
637,
638,
639,
640,
641,
642,
643,
644,
645,
646,
647,
648,
649,
650,
651,
652,
653,
654,
655,
656,
657,
658,
659,
660,
661,
662,
663,
664,
665,
666,
667,
668,
669,
670,
671,
672,
673,
674,
675,
676,
677,
678,
679,
680,
681,
682,
683,
684,
685,
686,
687,
688,
689,
690,
691,
692,
693,
694,
695,
696,
697,
698,
699,
700,
701,
702,
703,
704,
705,
706,
707,
708,
709,
710,
711,
712,
713,
714,
715,
716,
717,
718,
719,
720,
721,
722,
723,
724,
725,
726,
727,
728,
729,
730,
731,
732,
733,
734,
735,
736,
737,
738,
739,
740,
741,
742,
743,
744,
745,
746,
747,
748,
749,
750,
751,
752,
753,
754,
755,
756,
757,
758,
759,
760,
761,
762,
763,
764,
765,
766,
767,
768,
769,
770,
771,
772,
773,
774,
775,
776,
777,
778,
779,
780,
781,
782,
783,
784,
785,
786,
787,
788,
789
68 379
379 357
357 675
675 212
212 7
7 571
571 92
92 179
179 563
563 497
497 461
461 709
709 100
100 154
154 426
426 305
305 528
528 408
408 489
489 203
203 201
201 661
661 545
545 328
328 479
479 734
734 554
554 530
530 173
173 3
3 225
225 132
132 157
157 760
760 526
526 312
312 135
135 147
147 473
473 67
67 622
622 668
668 255
255 771
771 640
640 265
265 698
698 87
87 666
666 235
235 196
196 341
341 331
331 447
447 272
272 24
24 145
145 509
509 562
562 58
58 257
257 655
655 11
11 50
50 88
88 524
524 647
647 285
285 685
685 513
513 589
589 576
576 2
2 453
453 29
29 616
616 86
86 751
751 123
123 712
712 210
210 293
293 788
788 332
332 483
483 162
162 362
362 97
97 160
160 642
642 746
746 90
90 298
298 324
324 302
302 720
720 342
342 490
490 464
464 306
306 456
456 195
195 171
171 704
704 596
596 224
224 259
259 421
421 126
126 697
697 484
484 693
693 471
471 541
541 455
455 75
75 314
314 303
303 585
585 690
690 354
354 104
104 564
564 601
601 181
181 325
325 656
656 79
79 202
202 174
174 400
400 713
713 12
12 646
646 535
535 336
336 670
670 359
359 330
330 780
780 136
136 491
491 343
343 233
233 444
444 53
53 631
631 777
777 111
111 222
222 374
374 439
439 607
607 41
41 43
43 786
786 89
89 450
450 551
551 70
70 141
141 671
671 687
687 242
242 406
406 755
755 625
625 290
290 587
587 769
769 55
55 216
216 628
628 582
582 95
95 188
188 311
311 279
279 367
367 144
144 768
768 218
218 192
192 726
726 16
16 756
756 208
208 702
702 448
448 502
502 659
659 407
407 518
518 253
253 481
481 390
390 9
9 256
256 495
495 158
158 215
215 765
765 391
391 346
346 478
478 722
722 34
34 209
209 236
236 752
752 264
264 539
539 81
81 519
519 776
776 61
61 778
778 520
520 612
612 458
458 143
143 534
534 128
128 76
76 590
590 217
217 559
559 621
621 94
94 116
116 313
313 207
207 430
430 205
205 544
544 699
699 413
413 533
533 716
716 0
0 102
102 673
673 624
624 234
234 415
415 352
352 238
238 161
161 592
592 221
221 609
609 733
733 83
83 139
139 514
514 595
595 240
240 36
36 323
323 405
405 459
459 194
194 14
14 600
600 748
748 105
105 549
549 772
772 120
120 110
110 517
517 603
603 744
744 20
20 632
632 297
297 17
17 782
782 351
351 262
262 258
258 184
184 49
49 652
652 114
114 691
691 191
191 558
558 431
431 703
703 261
261 376
376 763
763 467
467 711
711 402
402 658
658 578
578 266
266 51
51 700
700 648
648 449
449 507
507 714
714 6
6 178
178 395
395 543
543 167
167 604
604 615
615 4
4 273
273 572
572 557
557 134
134 591
591 382
382 22
22 476
476 452
452 719
719 650
650 672
672 350
350 522
522 163
163 594
594 129
129 617
617 433
433 329
329 649
649 570
570 358
358 211
211 501
501 487
487 307
307 300
300 636
636 506
506 445
445 360
360 155
155 537
537 641
641 229
229 289
289 277
277 775
775 787
787 505
505 460
460 626
626 153
153 708
708 627
627 443
443 598
598 664
664 465
465 688
688 774
774 327
327 550
550 148
148 651
651 682
682 527
527 663
663 187
187 304
304 715
715 381
381 260
260 42
42 729
729 113
113 422
422 186
186 419
419 73
73 532
532 764
764 170
170 23
23 80
80 695
695 409
409 474
474 263
263 434
434 200
200 223
223 44
44 619
619 396
396 348
348 417
417 468
468 681
681 440
440 344
344 190
190 750
750 82
82 18
18 696
696 369
369 335
335 725
725 108
108 710
710 206
206 270
270 773
773 613
613 137
137 498
498 644
644 271
271 579
579 757
757 292
292 730
730 555
555 387
387 310
310 213
213 536
536 59
59 446
446 516
516 152
152 278
278 401
401 503
503 424
424 363
363 371
371 5
5 547
547 745
745 274
274 462
462 299
299 151
151 112
112 130
130 62
62 662
662 470
470 737
737 567
567 542
542 397
397 365
365 602
602 701
701 182
182 54
54 1
1 428
428 674
674 677
677 317
317 635
635 231
231 561
561 101
101 250
250 232
232 239
239 245
245 106
106 678
678 747
747 565
565 282
282 219
219 175
175 515
515 370
370 436
436 645
645 770
770 21
21 149
149 599
599 398
398 69
69 13
13 118
118 98
98 643
643 364
364 718
718 707
707 568
568 403
403 411
411 284
284 741
741 237
237 117
117 338
338 611
611 605
605 753
753 521
521 531
531 414
414 47
47 739
739 322
322 373
373 399
399 482
482 19
19 553
553 676
676 91
91 494
494 657
657 475
475 150
150 451
451 706
706 301
301 425
425 39
39 125
125 385
385 318
318 25
25 35
35 429
429 295
295 315
315 384
384 556
556 268
268 529
529 349
349 477
477 692
692 340
340 749
749 754
754 172
172 410
410 639
639 566
566 416
416 742
742 198
198 122
122 204
204 165
165 394
394 762
762 510
510 249
249 731
731 241
241 193
193 427
427 269
269 32
32 736
736 386
386 127
127 276
276 466
466 573
573 485
485 525
525 404
404 281
281 375
375 252
252 176
176 583
583 629
629 493
493 283
283 57
57 180
180 504
504 735
735 8
8 183
183 784
784 287
287 540
540 469
469 472
472 724
724 254
254 633
633 140
140 64
64 569
569 159
159 38
38 46
46 669
669 743
743 26
26 320
320 492
492 767
767 546
546 785
785 560
560 227
227 511
511 486
486 66
66 366
366 389
389 93
93 78
78 606
606 296
296 388
388 457
457 294
294 454
454 166
166 74
74 586
586 169
169 593
593 686
686 243
243 683
683 309
309 361
361 63
63 499
499 723
723 96
96 496
496 608
608 732
732 584
584 759
759 71
71 684
684 378
378 326
326 637
637 727
727 10
10 552
552 738
738 164
164 347
347 368
368 420
420 441
441 246
246 214
214 286
286 280
280 781
781 337
337 28
28 618
618 31
31 199
199 548
548 133
133 319
319 620
620 48
48 248
248 580
580 694
694 177
177 380
380 230
230 638
638 689
689 121
121 109
109 291
291 228
228 667
667 220
220 72
72 653
653 333
333 761
761 614
614 56
56 680
680 634
634 168
168 353
353 393
393 432
432 717
717 15
15 488
488 581
581 383
383 679
679 247
247 275
275 60
60 99
99 480
480 660
660 574
574 705
705 267
267 288
288 131
131 146
146 630
630 623
623 575
575 412
412 356
356 77
77 316
316 334
334 372
372 251
251 654
654 156
156 779
779 185
185 124
124 115
115 308
308 423
423 728
728 538
538 418
418 740
740 512
512 789
789 321
321 721
721 33
33 339
339 119
119 189
189 758
758 766
766 438
438 355
355 588
588 437
437 665
665 597
597 523
523 40
40 85
85 37
37 783
783 508
508 84
84 65
65 500
500 435
435 577
577 226
226 52
52 244
244 345
345 197
197 27
27 103
103 107
107 610
610 142
142 392
392 463
463 30
30 377
377 138
138 442
442 45
92 229
618 37
722 95
52 419
250 137
482 215
746 653
467 502
425 286
627 107
331 633
614 591
449 417
198 409
141 638
274 550
101 337
396 495
689 140
53 386
678 724
715 725
254 518
278 142
307 690
345 632
97 730
616 382
614 42
312 367
106 218
638 14
507 65
630 677
620 254
716 189
320 0
672 235
685 459
284 463
142 565
62 132
99 86
613 578
739 496
499 477
78 533
118 76
288 370
371 584
59 249
488 770
497 503
213 472
750 289
362 111
617 498
36 600
380 386
148 436
285 192
364 405
629 137
435 119
342 291
224 29
730 366
245 669
197 474
541 489
685 550
618 677
48 182
479 32
129 325
511 61
767 367
775 276
162 12
434 536
603 46
508 327
749 706
570 673
269 199
681 699
376 529
129 511
120 588
688 190
593 754
127 25
644 455
753 127
102 491
416 649
377 487
455 420
398 557
29 229
494 563
231 379
295 647
253 464
296 744
10 86
359 530
767 362
152 456
349 448
303 381
495 690
592 728
471 731
306 137
4 486
784 147
674 2
205 407
653 14
375 223
171 434
511 399
578 133
569 247
764 371
499 787
747 426
606 402
453 69
661 748
183 600
681 453
492 237
784 37
771 583
267 239
524 684
594 755
373 142
103 163
520 770
62 543
533 164
773 414
185 120
479 33
568 333
784 297
208 548
612 669
445 401
330 56
4 457
144 402
218 622
29 679
183 339
713 114
544 471
732 501
722 741
0 194
453 228
23 678
674 266
380 448
317 148
7 553
421 9
473 81
474 20
781 633
94 562
762 98
334 269
313 632
503 307
439 14
688 705
549 736
140 35
41 692
562 374
115 202
524 703
61 204
343 382
157 677
535 352
348 516
386 193
439 508
434 595
727 656
459 370
265 44
51 129
694 396
350 609
774 553
40 432
130 751
120 661
532 522
744 647
499 625
305 702
372 536
198 330
5 493
274 591
675 595
636 272
747 92
561 612
337 361
424 255
481 521
744 41
124 332
95 147
778 253
98 41
728 369
53 734
330 667
223 672
726 725
483 661
17 677
279 117
371 645
56 757
31 776
504 403
329 76
634 441
21 472
577 600
537 372
621 117
706 331
464 99
103 407
671 456
734 607
315 300
446 695
218 75
753 686
163 513
405 438
49 167
730 642
299 92
479 693
749 743
408 115
223 534
268 481
328 31
331 506
123 409
108 131
525 673
624 105
93 475
463 42
7 134
340 294
639 767
386 627
444 407
262 186
122 134
312 542
187 721
584 427
323 147
572 73
54 225
386 601
247 673
487 493
758 635
561 757
197 17
323 29
599 391
246 518
427 545
335 441
131 86
182 179
605 714
9 225
760 157
533 684
305 315
427 55
161 763
340 474
24 130
76 762
76 139
536 20
770 237
20 717
305 467
719 615
473 223
360 465
744 141
694 481
237 153
678 439
426 578
123 255
126 435
333 47
517 530
337 362
313 689
204 304
457 501
443 536
140 400
633 30
410 506
683 329
712 673
750 219
202 232
637 455
430 654
333 121
313 126
619 749
22 569
563 492
456 680
757 172
76 19
99 142
562 313
121 758
423 18
666 547
344 231
754 417
256 782
271 3
617 677
335 47
478 656
587 749
271 323
367 594
276 34
90 543
119 495
669 572
743 645
635 597
114 765
51 273
290 461
604 374
654 498
569 787
8 236
530 671
227 182
267 398
17 650
463 628
457 703
228 640
520 725
485 46
409 551
688 494
16 496
540 194
26 217
714 732
615 752
581 128
451 410
306 178
612 432
744 427
428 485
182 329
485 755
615 352
582 437
625 365
285 585
29 307
70 780
203 291
622 488
628 636
491 236
692 766
736 368
714 373
482 694
190 785
244 474
631 24
360 666
289 453
471 7
120 35
222 321
14 44
179 504
279 345
18 586
552 350
540 32
477 394
765 137
153 612
456 481
405 226
399 114
312 151
170 582
46 68
515 137
706 316
342 191
263 344
132 445
610 594
251 0
753 127
612 478
326 537
407 433
365 48
116 227
749 371
113 47
572 266
341 742
691 485
246 390
375 465
490 360
70 298
601 643
458 213
114 651
151 528
10 108
234 222
30 780
662 279
687 176
701 315
80 494
154 626
73 147
505 582
399 543
252 73
120 487
206 574
249 426
318 154
153 334
397 718
0 174
495 78
208 177
776 267
383 456
229 622
170 595
620 395
185 176
135 534
80 196
106 116
216 763
762 549
40 382
265 456
253 68
436 735
467 35
228 242
469 486
172 45
541 465
399 488
354 71
685 762
334 61
221 300
627 434
186 283
329 249
520 61
96 549
197 683
136 540
555 32
727 365
132 395
570 332
46 333
762 205
647 621
771 485
335 529
622 701
411 51
81 605
216 727
474 83
546 672
590 193
47 635
460 753
649 115
562 528
649 333
675 578
672 400
231 220
29 111
725 466
173 549
680 647
305 656
470 82
289 102
413 623
424 536
535 387
57 465
537 121
134 149
543 652
783 709
425 770
765 604
607 283
259 710
109 338
456 106
97 241
185 166
609 38
354 335
436 691
194 179
567 365
542 609
625 411
661 468
678 69
66 225
209 37
355 113
763 233
83 25
609 392
359 493
631 304
2 320
479 395
562 757
189 317
338 727
633 239
206 14
380 514
776 738
100 269
197 554
193 601
83 375
696 303
681 199
335 77
2 631
512 154
772 158
611 158
232 463
76 477
591 330
746 438
194 479
295 120
261 230
760 278
667 761
135 659
740 260
43 398
562 519
206 121
268 174
683 46
282 164
369 676
440 383
248 653
481 364
465 517
398 408
6 603
291 662
141 778
515 38
485 72
532 744
560 395
634 605
696 506
761 558
614 653
760 421
746 605
96 149
556 18
297 264
161 179
410 597
631 762
476 163
460 233
633 386
17 597
187 101
29 778
596 675
302 101
648 114
571 543
242 151
734 360
252 395
99 609
219 101
756 693
9 158
584 563
732 14
669 747
630 610
230 587
689 673
483 297
736 757
663 691
372 538
781 635
751 719
459 758
354 221
746 239
653 615
664 454
697 665
179 29
536 639
517 100
42 639
236 607
613 451
446 231
230 642
580 113
576 740
57 680
226 726
361 565
379 786
650 717
569 627
138 71
104 310
228 631
355 676
152 132
204 232
273 630
306 384
110 264
511 228
204 643
67 583
510 325
426 333
323 556
331 666
493 317
649 437
32 179
34 590
392 315
680 57
625 512
593 277
39 784
512 329
124 208
53 96
124 93
59 407
95 468
584 650
720 671
452 310
250 105
665 759
295 666
418 746
519 309
50 661
185 53
60 588
41 40
438 562
188 413
762 335
31 322
199 726
713 694
718 160
378 185
373 599
263 603
290 369
664 655
364 622
106 205
177 71
411 529
183 455
572 169
661 663
391 448
257 725
385 313
33 748
268 265
126 601
663 33
564 512
680 341
429 729
590 579
649 680
348 762
375 104
404 474
115 492
598 552
623 299
377 536
783 539
569 576
14 257
742 408
569 109
455 103
353 19
349 321
373 388
208 727
177 705
123 547
778 209
476 439
324 556
23 756
33 233
780 256
438 277
753 402
426 77
230 88
772 48
142 138
693 303
38 230
756 767
253 647
10 293
21 195
390 273
195 79
148 112
338 705
490 555
397 218
22 594
69 766
469 188
423 743
593 256
448 68
400 435
398 299
512 175
361 101
455 134
64 148
372 584
782 562
166 184
370 114
442 473
365 534
172 788
312 511
86 7
256 372
596 579
491 261
44 349
558 463
459 59
455 413
40 469
226 122
87 353
442 163
668 431
51 514
586 73
183 331
274 225
270 522
391 547
506 204
72 730
538 768
744 383
303 39
731 80
81 61
544 251
94 217
574 189
102 594
29 665
33 181
496 40
606 621
16 624
294 773
678 9
143 690
681 242
385 6
738 528
87 618
231 361
125 393
34 606
505 502
671 725
337 784
47 758
130 757
418 120
631 422
436 563
148 664
282 729
414 213
1 453
316 743
320 2
10 496
470 779
562 183
774 621
119 152
614 661
337 672
764 91
556 305
188 37
230 132
590 677
616 430
109 284
333 354
179 437
326 732
19 71
323 128
170 552
124 625
511 487
136 732
393 484
121 288
21 590
170 696
644 39
509 781
272 521
779 342
469 102
325 48
309 309
185 648
5 409
639 292
74 102
326 449
96 193
153 624
678 66
240 671
659 376
713 123
162 744
732 188
759 154
353 771
479 368
81 454
369 680
535 484
52 66
37 247
620 384
671 718
429 217
96 126
221 70
217 747
102 574
57 247
303 615
128 563
285 220
714 580
615 622
311 389
191 328
768 91
289 327
496 43
64 661
175 79
564 217
142 511
169 623
359 211
514 492
242 47
112 656
311 541
283 547
190 155
376 673
583 691
405 620
592 293
318 446
14 292
16 408
343 486
774 52
288 734
642 663
585 536
118 433
364 389
683 650
694 520
2 579
476 254
301 343
342 192
353 644
136 252
465 201
548 348
210 424
180 153
512 402
777 72
155 122
152 145
370 403
463 468
589 546
488 141
208 301
295 471
459 151
777 106
776 220
530 435
671 674
527 711
227 471
1 36
485 625
263 408
253 622
620 478
678 406
212 552
768 755
339 215
250 733
588 78
643 579
511 507
161 659
143 584
18 31
412 433
336 179
27 326
280 483
389 254
339 486
455 282
642 708
354 653
498 784
610 293
247 293
448 772
207 691
67 146
201 786
452 364
333 344
201 50
551 315
180 434
109 457
251 491
145 73
134 536
696 153
431 411
187 655
99 765
396 349
716 625
296 38
313 631
357 45
360 230
414 262
157 401
16 734
449 324
750 3
40 770
117 50
460 472
559 181
565 443
56 144
16 377
124 654
682 430
0 72
515 475
422 151
267 639
385 169
269 298
460 697
416 394
727 570
256 200
452 323
104 493
155 483
658 127
437 762
63 642
497 399
469 263
403 690
66 91
105 385
648 272
420 585
442 280
475 700
277 120
351 35
177 224
598 596
399 385
313 515
768 734
163 470
743 241
272 718
460 589
651 7
244 236
25 260
52 221
156 136
410 410
688 336
141 255
328 669
198 431
404 508
89 63
72 438
396 628
398 400
246 289
33 239
549 149
172 47
98 596
628 708
745 564
550 735
357 189
116 395
243 478
61 418
35 648
489 363
144 633
322 753
778 373
747 656
189 546
168 249
764 202
530 320
734 372
279 786
184 747
8 223
62 456
560 207
396 495
601 377
322 534
338 488
88 120
733 248
540 558
57 34
697 272
496 303
298 277
95 213
370 162
271 743
736 391
675 689
119 189
456 388
299 197
778 370
433 494
357 652
376 629
676 104
594 170
564 3
383 324
303 404
702 171
14 341
79 528
708 32
760 540
385 786
742 275
630 159
154 76
577 261
572 166
248 131
532 278
86 182
216 136
323 68
427 349
575 391
227 278
231 662
671 497
72 98
642 274
177 479
80 187
705 241
98 530
221 54
134 624
450 680
374 630
560 734
601 323
60 338
725 682
3 663
294 153
153 697
343 117
650 253
157 616
596 176
291 739
544 491
588 324
561 63
428 537
549 670
699 578
64 325
624 574
270 524
426 320
666 494
607 5
549 352
272 321
58 521
749 540
768 571
597 92
455 642
627 771
337 245
726 153
203 753
583 386
281 593
643 391
349 722
57 441
577 702
620 508
401 670
574 122
29 393
346 134
79 287
76 14
216 175
71 61
412 691
145 493
213 477
252 702
517 659
166 279
437 639
756 9
743 48
305 40
464 282
674 259
365 449
518 191
635 587
379 308
377 564
231 347
177 65
242 257
50 362
266 421
679 171
69 447
626 244
388 278
36 779
429 483
179 519
108 541
575 602
696 277
758 774
400 165
491 134
729 545
123 454
294 387
361 665
143 396
542 418
83 165
605 25
655 416
215 651
631 767
356 779
368 615
695 139
217 621
165 154
680 251
616 750
560 335
110 262
348 146
461 767
498 249
42 202
740 293
132 22
561 330
244 37
634 451
279 593
668 371
635 467
391 654
466 34
754 26
765 629
744 392
522 25
579 535
564 92
308 351
661 461
683 632
730 82
629 118
539 322
68 10
710 213
325 8
285 741
115 235
460 505
260 133
269 63
525 180
403 62
211 87
669 358
68 467
772 504
3 718
645 573
752 59
724 448
160 690
313 16
168 676
291 330
427 88
55 525
37 151
198 132
721 575
423 386
752 428
510 234
254 575
135 374
733 227
418 604
20 643
315 123
213 413
97 134
786 425
722 39
368 611
332 243
466 171
701 117
701 598
642 528
146 682
144 326
622 18
588 537
745 406
368 493
621 478
469 207
195 549
283 44
296 72
703 380
432 338
789 40
236 41
157 287
307 145
543 250
633 100
361 162
93 611
620 175
716 782
561 217
572 603
685 653
185 454
138 677
142 36
364 771
260 454
645 380
284 55
634 775
60 208
20 587
195 281
706 355
238 409
28 555
182 731
272 134
726 252
29 122
755 472
359 231
649 286
327 614
270 104
22 764
359 673
125 482
114 370
469 646
720 225
705 242
408 675
33 352
212 122
496 376
616 40
784 620
276 608
53 328
81 511
417 628
255 582
280 376
19 117
626 334
122 421
78 397
449 207
282 423
218 41
396 14
581 246
197 618
42 563
93 693
467 202
354 564
165 165
594 138
555 740
377 770
157 5
174 358
51 241
591 27
523 238
609 510
2 470
217 181
167 723
167 175
317 575
26 730
422 751
575 224
119 709
509 710
199 327
247 411
702 505
21 8
752 667
468 490
92 774
41 307
646 219
305 244
135 450
11 68
579 214
567 390
318 547
420 622
220 356
98 161
621 771
549 638
605 759
84 459
429 701
553 302
171 16
368 192
614 619
747 549
483 275
123 316
657 228
53 191
228 394
371 5
169 248
27 747
758 140
563 256
84 649
157 295
124 698
346 449
395 561
558 482
508 266
522 419
161 26
662 35
462 409
707 97
364 606
398 303
17 773
41 163
636 377
441 722
195 445
20 42
408 446
1 188
729 340
46 183
586 759
531 439
53 481
196 249
88 302
226 404
492 715
535 357
285 487
483 260
550 67
134 146
508 87
696 228
354 358
179 361
160 602
417 110
665 480
33 561
642 614
430 550
368 754
476 674
200 782
88 156
295 189
246 777
461 492
455 786
758 315
88 774
430 204
666 759
702 48
601 109
461 196
151 763
383 486
494 708
783 360
681 674
330 76
145 318
656 55
636 158
25 321
498 154
619 618
221 278
537 544
102 114
189 760
461 414
285 570
46 574
401 151
224 655
585 565
271 652
708 557
660 755
425 98
515 250
748 203
211 769
540 399
379 659
45 116
622 430
226 170
692 351
596 202
249 156
752 346
591 98
541 259
7 37
330 184
439 774
374 59
338 318
525 121
665 557
645 544
165 348
555 108
244 96
247 225
58 373
571 777
442 29
121 291
40 524
5 239
711 63
560 401
254 101
608 785
284 237
658 51
370 185
303 342
754 507
530 266
123 315
501 81
200 296
615 104
131 152
536 601
319 761
480 337
468 590
258 349
579 234
765 94
316 784
535 312
535 667
622 38
216 628
283 620
671 177
131 443
106 361
11 543
108 439
207 271
688 160
366 139
384 318
343 105
406 490
650 284
115 544
732 747
269 90
613 486
234 159
184 120
99 719
641 46
635 337
718 197
573 475
597 201
748 335
751 771
596 348
179 121
2 65
233 63
424 429
548 677
300 359
675 648
503 513
546 311
52 51
22 120
96 467
630 97
562 632
344 626
40 235
22 626
581 31
393 574
482 788
305 244
161 518
170 655
121 659
365 700
652 229
705 258
568 433
711 39
785 392
394 209
542 35
253 11
616 266
559 137
130 754
536 183
214 152
689 310
446 549
123 97
489 539
563 265
607 780
740 728
579 495
559 213
626 36
685 175
515 590
320 720
709 383
641 248
753 485
648 338
376 574
184 527
673 247
337 276
488 285
171 637
146 31
124 719
306 315
29 254
378 282
594 492
631 692
264 490
88 316
669 309
779 140
235 96
760 286
386 245
642 135
267 587
163 120
254 666
661 401
770 624
21 778
498 471
452 441
275 215
642 264
53 529
422 697
418 46
147 130
288 139
62 90
440 303
706 544
423 553
343 136
474 231
115 749
113 674
446 127
512 6
369 326
409 640
276 21
554 785
370 314
51 238
159 186
511 385
758 207
456 408
764 781
749 13
106 38
158 387
432 718
47 672
270 81
68 530
248 147
145 416
644 574
345 457
352 2
358 214
568 236
453 19
145 245
617 109
722 670
325 468
451 279
470 146
101 290
490 599
271 521
270 430
274 45
151 501
698 559
391 136
614 234
322 259
15 327
424 153
57 432
762 674
507 513
261 498
224 572
216 543
420 784
709 328
179 703
107 419
71 344
580 654
444 368
508 213
748 675
94 695
717 769
691 490
282 578
787 651
207 683
636 552
143 121
269 591
69 633
353 360
424 141
166 627
59 747
598 467
182 533
260 566
648 152
424 750
434 185
612 136
315 151
172 157
490 245
416 507
220 626
10 410
40 530
371 31
239 650
784 609
109 180
719 261
49 789
584 335
473 419
220 61
298 10
165 363
641 196
303 300
321 666
618 444
79 311
304 487
2 784
709 383
329 288
393 55
727 86
776 443
414 8
475 220
10 469
502 523
616 698
357 226
162 774
469 657
108 18
611 31
528 767
524 404
733 423
435 193
602 107
263 151
200 178
630 650
26 325
433 15
98 554
735 315
700 641
525 461
643 427
485 551
445 451
491 746
148 232
671 203
721 632
235 86
152 459
359 112
95 300
40 680
662 426
565 564
61 95
101 0
237 112
57 183
30 588
543 625
64 656
288 295
285 166
700 514
626 232
653 576
309 234
497 43
422 171
580 638
568 494
425 704
271 434
542 418
125 58
342 737
541 244
499 594
434 424
605 716
582 235
424 295
776 497
335 45
37 514
426 769
689 58
126 503
115 666
355 119
488 495
223 24
760 271
529 270
185 198
458 115
564 316
729 654
753 287
160 96
787 388
174 501
564 732
495 352
326 200
88 373
32 330
159 422
168 775
754 365
658 701
696 238
162 292
517 531
266 653
645 543
241 615
295 604
422 504
256 26
272 784
270 214
705 343
292 236
64 482
498 667
651 29
116 183
132 175
782 449
497 716
14 181
195 603
186 150
627 419
354 42
519 6
175 170
499 317
581 623
522 714
306 170
355 687
220 680
587 314
204 463
715 163
183 550
237 527
250 766
31 172
520 378
426 362
469 89
670 157
769 109
8 616
654 16
399 64
35 263
63 447
622 345
501 551
493 746
487 350
674 749
187 416
264 667
128 710
642 21
393 293
412 659
221 647
82 80
76 2
727 223
281 116
673 570
188 215
420 137
783 726
226 62
124 88
244 349
707 394
603 74
151 480
738 685
9 276
290 41
98 630
195 136
492 531
10 180
685 57
756 432
484 53
503 577
359 730
343 356
543 621
430 423
273 129
332 469
548 237
487 2
201 82
603 481
483 752
781 63
688 508
737 694
422 435
524 606
191 74
699 463
207 750
369 295
446 462
102 744
98 267
289 634
157 520
715 386
302 237
782 182
728 474
240 341
625 721
197 135
453 776
637 638
507 610
669 664
545 198
226 480
486 749
129 763
248 158
285 231
39 102
233 474
312 630
133 325
541 179
383 744
390 129
696 458
280 62
88 721
292 678
448 64
87 85
631 734
71 125
618 642
776 171
240 26
160 753
300 750
23 523
419 446
309 238
37 566
781 544
24 674
320 557
707 414
644 454
489 194
247 301
759 611
24 273
735 651
460 143
491 712
487 734
241 428
157 186
684 383
49 563
364 211
734 612
118 365
630 75
617 116
596 487
318 230
525 285
729 360
41 366
250 525
698 382
626 273
437 196
63 708
549 280
215 529
297 148
678 712
547 34
534 613
129 441
645 321
713 520
397 46
450 506
578 692
549 563
376 21
784 234
150 719
222 133
614 94
456 101
679 532
230 81
717 685
390 330
594 319
633 679
93 54
441 207
267 343
503 606
524 85
589 327
379 176
196 60
33 534
506 761
781 92
452 174
161 559
788 547
688 649
746 290
2 586
362 530
734 669
298 242
678 614
598 234
700 509
723 529
757 784
742 249
540 703
193 460
537 645
546 215
370 244
695 401
504 712
228 743
427 528
225 774
156 97
179 360
357 577
100 423
212 342
529 139
163 606
319 758
329 318
185 470
678 676
752 154
132 374
126 758
331 157
576 165
228 397
82 385
563 629
398 475
80 417
344 653
775 53
174 190
779 422
510 663
757 116
519 499
124 571
229 767
238 712
754 565
358 18
512 734
83 659
572 389
54 8
646 203
95 466
139 461
50 20
56 35
223 345
573 144
489 585
359 391
252 239
568 480
766 255
137 159
214 297
45 716
694 497
321 768
197 42
546 780
489 338
726 273
109 688
604 639
61 676
581 388
685 432
586 415
716 430
787 624
554 605
18 147
677 614
603 475
275 474
513 218
379 283
766 585
284 169
278 503
397 185
423 458
777 416
35 361
658 482
464 303
209 360
195 170
204 483
161 37
666 212
314 212
771 105
295 421
440 404
472 655
297 165
176 225
298 234
120 232
29 103
641 261
6 266
144 396
319 109
789 83
416 363
679 389
433 774
497 305
586 652
483 652
656 222
548 421
60 152
262 188
537 383
699 613
546 424
605 758
758 757
517 706
728 316
104 131
412 588
158 366
511 534
392 589
388 485
435 440
122 156
278 607
442 103
627 52
177 788
521 764
97 80
317 566
693 351
105 4
128 364
42 257
393 19
490 208
738 195
289 663
280 40
335 148
706 538
682 461
592 195
763 493
376 672
506 158
300 46
137 409
663 551
441 201
57 165
567 270
154 747
69 487
614 619
345 442
405 361
668 540
450 457
86 274
371 221
482 340
189 783
377 170
618 25
775 461
89 393
135 460
178 4
541 776
587 588
636 323
87 572
475 112
281 204
474 556
709 295
424 459
771 203
309 461
29 768
783 441
441 406
372 737
263 316
68 598
542 714
312 399
495 717
83 431
447 674
782 755
467 520
284 767
99 4
558 443
54 707
131 430
6 617
457 478
566 130
785 543
412 785
64 512
165 489
116 654
664 625
355 110
640 642
469 640
88 383
414 711
716 79
315 199
44 507
608 163
412 81
407 47
536 315
704 91
114 128
481 142
553 453
97 476
220 752
543 720
167 467
552 644
786 737
494 187
403 203
648 733
667 210
539 479
425 276
449 383
456 769
533 18
699 200
213 700
624 6
38 691
147 303
553 439
105 706
603 428
178 524
352 112
508 455
428 313
647 185
739 505
73 760
426 118
65 360
459 736
39 492
551 537
441 263
649 411
401 258
185 104
542 606
330 516
711 742
622 505
214 786
456 164
770 145
369 52
508 609
522 104
547 677
211 525
152 699
258 519
372 539
460 62
234 322
291 711
427 723
494 336
55 7
788 503
464 138
646 637
122 108
735 17
322 190
310 556
637 567
86 242
277 754
253 192
702 737
713 749
632 282
654 168
276 199
128 401
267 585
569 29
630 455
89 78
734 319
375 732
263 668
511 308
586 786
642 456
77 362
34 531
207 150
274 158
140 689
749 247
320 44
527 55
201 440
380 777
131 5
328 98
11 144
310 260
621 15
409 384
195 286
353 721
737 247
417 389
101 270
333 725
61 678
540 146
374 576
193 345
775 246
46 512
85 440
697 382
245 612
318 106
745 515
657 683
394 5
509 517
341 199
187 346
393 409
538 379
126 539
206 351
332 287
313 515
110 443
430 306
97 584
667 431
335 10
502 37
400 115
147 639
341 463
358 268
691 576
340 695
480 697
394 265
583 448
142 632
749 684
511 628
781 356
715 545
479 562
377 594
385 744
721 689
780 648
618 464
441 464
360 774
287 446
563 299
546 699
356 633
543 117
536 375
53 49
478 371
473 43
529 85
429 285
635 657
197 210
510 120
583 226
628 705
736 109
401 219
181 165
404 261
172 277
761 745
70 493
172 664
514 291
78 774
789 178
256 484
151 314
458 482
197 403
95 299
229 747
763 192
20 226
412 335
696 526
12 520
204 789
475 58
224 718
491 279
585 117
265 491
680 764
157 652
363 126
459 480
608 349
251 518
525 17
385 522
177 751
140 206
260 101
147 380
604 321
565 306
682 762
360 664
566 650
6 538
550 257
670 658
263 553
659 150
239 789
765 15
245 227
190 45
1 159
229 765
536 609
755 116
513 481
695 402
331 347
556 469
428 772
524 519
201 618
523 2
383 146
190 55
709 120
640 232
94 293
376 211
16 528
728 557
211 377
337 68
424 220
732 725
630 679
132 210
588 278
217 373
271 760
525 665
145 527
519 54
305 789
28 663
490 291
715 214
538 505
362 117
71 741
115 454
383 451
260 152
631 640
712 446
304 341
35 723
58 259
705 293
180 149
488 547
122 115
338 669
246 45
278 132
319 436
587 570
28 335
189 417
322 110
537 121
568 63
166 749
468 144
176 529
87 238
625 10
673 192
527 367
127 525
788 115
179 230
479 457
98 224
76 722
646 254
356 370
665 292
523 435
476 457
297 590
299 176
431 647
99 531
737 78
399 569
93 179
153 713
431 169
352 115
766 100
667 165
534 198
587 341
475 485
276 719
671 669
696 564
687 750
78 52
721 163
531 631
85 612
678 410
723 762
52 204
171 509
327 714
368 390
525 729
744 583
516 403
282 152
299 69
99 51
50 137
541 416
515 51
274 337
189 595
177 221
782 710
696 49
726 764
12 20
164 38
522 696
66 367
306 628
498 54
474 616
34 8
624 384
306 485
203 277
354 269
335 547
74 672
423 340
417 155
260 253
133 111
454 374
294 715
715 484
321 211
197 755
319 58
134 242
374 414
565 85
332 135
762 88
23 75
399 199
428 113
505 415
419 201
478 554
66 168
218 593
267 614
379 540
768 332
719 606
240 190
128 643
105 195
90 671
729 94
425 215
578 221
402 142
295 447
576 310
76 427
507 590
287 698
55 181
650 440
329 696
690 775
599 256
712 111
314 459
491 189
637 524
485 766
274 39
726 41
64 549
490 383
655 767
706 86
209 758
628 606
152 265
411 398
324 217
277 412
614 317
703 643
412 760
94 726
380 649
434 239
314 562
270 264
188 655
666 536
138 701
454 228
368 772
490 448
218 88
627 331
439 479
116 762
518 557
341 697
123 468
657 464
427 444
515 124
222 538
583 98
222 115
18 201
73 283
602 782
684 553
669 740
46 554
58 324
150 593
510 252
11 505
389 355
126 82
252 34
402 395
768 433
200 441
484 584
86 770
562 169
531 594
593 201
37 11
498 334
535 340
332 19
787 711
489 257
344 194
658 592
36 466
593 43
86 590
223 535
736 326
780 139
245 403
547 163
591 316
416 191
305 646
82 321
562 52
720 296
477 264
80 529
457 740
315 131
307 497
121 403
669 371
358 395
382 82
396 662
586 740
142 27
210 584
197 227
560 530
20 665
295 633
335 550
688 154
564 393
632 297
203 572
355 26
240 281
539 640
107 48
291 541
58 500
290 231
635 720
689 507
663 168
498 701
14 426
169 666
404 373
393 312
248 21
376 156
396 128
76 147
221 669
557 116
467 637
452 163
331 604
440 104
78 493
358 82
345 413
727 692
597 212
367 214
272 700
291 328
49 263
414 601
190 249
324 120
777 685
654 539
202 50
375 173
429 114
720 466
536 1
529 138
280 592
295 86
44 206
374 356
354 564
60 216
697 517
95 283
635 126
707 248
383 93
587 232
691 461
736 173
748 660
679 384
515 87
785 633
134 339
437 689
511 697
196 418
359 340
474 725
583 687
469 35
38 5
393 624
579 595
597 136
232 758
34 361
187 241
773 470
526 381
404 773
601 365
219 208
392 239
761 491
327 20
121 197
290 285
254 433
654 47
76 762
442 152
302 376
167 55
657 257
3 472
229 455
580 1
441 147
243 582
771 454
61 112
272 554
433 385
138 374
366 697
168 144
445 453
332 271
750 419
681 32
789 678
158 301
127 119
115 761
207 155
496 603
162 378
704 253
540 154
465 777
234 228
757 567
353 567
123 710
124 673
758 181
245 741
573 120
713 403
338 504
778 540
772 69
189 779
158 73
147 4
542 387
302 666
349 406
274 305
2 523
110 520
83 107
223 474
138 662
15 290
268 373
40 590
697 735
714 420
715 274
288 663
689 449
29 348