84
419
0,
1,
2,
3,
4,
5,
6,
7,
8,
9,
10,
11,
12,
13,
14,
15,
16,
17,
18,
19,
20,
21,
22,
23,
24,
25,
26,
27,
28,
29,
30,
31,
32,
33,
34,
35,
36,
37,
38,
39,
40,
41,
42,
43,
44,
45,
46,
47,
48,
49,
50,
51,
52,
53,
54,
55,
56,
57,
58,
59,
60,
61,
62,
63,
64,
65,
66,
67,
68,
69,
70,
71,
72,
73,
74,
75,
76,
77,
78,
79,
80,
81,
82,
83
45 16
16 2
2 4
4 18
18 81
81 41
41 43
43 40
40 55
55 22
22 8
8 37
37 35
35 67
67 28
28 50
50 73
73 29
29 65
65 54
54 66
66 31
31 78
78 0
0 72
72 23
23 12
12 52
52 62
62 48
48 21
21 49
49 75
75 34
34 25
25 63
63 59
59 7
7 38
38 51
51 5
5 82
82 56
56 61
61 68
68 15
15 70
70 79
79 64
64 80
80 11
11 76
76 24
24 69
69 30
30 39
39 17
17 60
60 19
19 3
3 13
13 10
10 53
53 14
14 83
83 44
44 58
58 26
26 36
36 71
71 46
46 1
1 6
6 33
33 20
20 9
9 47
47 42
42 74
74 57
57 27
27 32
32 77
50 6
53 18
30 39
26 81
37 64
82 53
45 19
65 17
6 55
63 9
4 43
13 18
47 71
15 54
20 8
42 54
63 4
11 62
68 77
38 17
67 49
13 82
9 12
39 2
73 72
83 26
47 37
35 81
34 41
6 9
4 42
76 56
38 57
11 51
6 0
74 31
19 51
22 9
24 44
66 61
29 16
79 61
45 58
38 39
73 52
10 34
81 74
7 34
5 67
29 5
42 3
66 0
38 60
2 24
8 56
54 38
20 68
18 72
19 37
35 44
68 44
37 47
38 54
82 60
6 77
1 66
14 50
49 9
78 83
13 14
52 47
30 10
69 80
67 14
75 62
8 61
27 49
8 32
7 64
50 79
74 47
34 23
55 78
39 39
82 22
58 40
70 55
75 54
22 59
18 74
42 59
45 72
13 35
75 68
56 15
16 45
18 78
80 74
81 66
30 70
65 4
33 16
44 7
55 57
33 48
4 19
16 78
47 15
26 69
27 36
76 18
16 36
60 55
45 7
3 18
2 48
29 1
66 6
65 22
22 39
53 14
79 56
77 54
6 60
82 68
27 80
56 39
36 55
62 43
21 16
21 55
11 73
13 79
72 47
38 80
22 81
75 8
13 13
9 36
37 73
3 67
68 42
19 13
82 56
42 55
31 63
39 71
19 63
75 46
45 67
11 8
14 18
74 36
43 48
43 2
64 7
34 62
19 7
7 69
43 78
53 81
69 40
27 54
2 54
34 70
33 31
55 27
66 72
17 52
62 1
19 8
2 38
80 64
46 55
82 72
32 61
43 31
42 12
1 20
71 43
32 20
62 64
38 48
18 29
24 50
50 38
65 65
27 68
80 65
20 75
67 83
34 18
76 56
15 22
29 57
41 19
22 59
23 66
8 66
46 58
49 3
53 17
8 61
56 18
56 11
36 30
20 58
69 22
54 46
11 42
14 40
66 38
4 34
35 30
48 78
3 59
57 12
9 67
58 2
3 74
59 72
55 41
19 12
5 18
44 4
64 17
54 68
74 57
26 8
10 7
25 18
75 65
16 63
4 14
36 59
20 44
15 60
61 33
0 4
41 60
21 72
63 21
12 57
20 44
18 32
78 36
38 38
50 80
82 5
81 30
62 7
80 21
3 68
31 23
5 19
42 4
38 41
45 8
56 72
23 48
20 38
14 81
24 34
64 22
11 75
41 72
5 0
3 82
6 0
50 70
66 20
64 30
19 2
46 25
12 69
10 0
25 38
83 77
61 58
52 41
36 6
18 49
44 18
80 33
6 42
37 52
29 75
32 77
24 23
19 49
73 5
83 40
66 30
77 69
62 69
81 41
9 74
42 54
55 30
39 30
28 51
17 38
78 66
32 46
80 65
6 83
26 71
17 11
62 49
81 2
68 45
23 38
29 10
46 19
42 68
26 57
31 6
30 8
64 17
56 78
40 55
77 9
28 44
41 47
75 76
32 11
17 79
42 34
26 22
64 9
10 12
63 7
51 74
52 31
42 34
34 6