850
4249
0,
1,
2,
3,
4,
5,
6,
7,
8,
9,
10,
11,
12,
13,
14,
15,
16,
17,
18,
19,
20,
21,
22,
23,
24,
25,
26,
27,
28,
29,
30,
31,
32,
33,
34,
35,
36,
37,
38,
39,
40,
41,
42,
43,
44,
45,
46,
47,
48,
49,
50,
51,
52,
53,
54,
55,
56,
57,
58,
59,
60,
61,
62,
63,
64,
65,
66,
67,
68,
69,
70,
71,
72,
73,
74,
75,
76,
77,
78,
79,
80,
81,
82,
83,
84,
85,
86,
87,
88,
89,
90,
91,
92,
93,
94,
95,
96,
97,
98,
99,
100,
101,
102,
103,
104,
105,
106,
107,
108,
109,
110,
111,
112,
113,
114,
115,
116,
117,
118,
119,
120,
121,
122,
123,
124,
125,
126,
127,
128,
129,
130,
131,
132,
133,
134,
135,
136,
137,
138,
139,
140,
141,
142,
143,
144,
145,
146,
147,
148,
149,
150,
151,
152,
153,
154,
155,
156,
157,
158,
159,
160,
161,
162,
163,
164,
165,
166,
167,
168,
169,
170,
171,
172,
173,
174,
175,
176,
177,
178,
179,
180,
181,
182,
183,
184,
185,
186,
187,
188,
189,
190,
191,
192,
193,
194,
195,
196,
197,
198,
199,
200,
201,
202,
203,
204,
205,
206,
207,
208,
209,
210,
211,
212,
213,
214,
215,
216,
217,
218,
219,
220,
221,
222,
223,
224,
225,
226,
227,
228,
229,
230,
231,
232,
233,
234,
235,
236,
237,
238,
239,
240,
241,
242,
243,
244,
245,
246,
247,
248,
249,
250,
251,
252,
253,
254,
255,
256,
257,
258,
259,
260,
261,
262,
263,
264,
265,
266,
267,
268,
269,
270,
271,
272,
273,
274,
275,
276,
277,
278,
279,
280,
281,
282,
283,
284,
285,
286,
287,
288,
289,
290,
291,
292,
293,
294,
295,
296,
297,
298,
299,
300,
301,
302,
303,
304,
305,
306,
307,
308,
309,
310,
311,
312,
313,
314,
315,
316,
317,
318,
319,
320,
321,
322,
323,
324,
325,
326,
327,
328,
329,
330,
331,
332,
333,
334,
335,
336,
337,
338,
339,
340,
341,
342,
343,
344,
345,
346,
347,
348,
349,
350,
351,
352,
353,
354,
355,
356,
357,
358,
359,
360,
361,
362,
363,
364,
365,
366,
367,
368,
369,
370,
371,
372,
373,
374,
375,
376,
377,
378,
379,
380,
381,
382,
383,
384,
385,
386,
387,
388,
389,
390,
391,
392,
393,
394,
395,
396,
397,
398,
399,
400,
401,
402,
403,
404,
405,
406,
407,
408,
409,
410,
411,
412,
413,
414,
415,
416,
417,
418,
419,
420,
421,
422,
423,
424,
425,
426,
427,
428,
429,
430,
431,
432,
433,
434,
435,
436,
437,
438,
439,
440,
441,
442,
443,
444,
445,
446,
447,
448,
449,
450,
451,
452,
453,
454,
455,
456,
457,
458,
459,
460,
461,
462,
463,
464,
465,
466,
467,
468,
469,
470,
471,
472,
473,
474,
475,
476,
477,
478,
479,
480,
481,
482,
483,
484,
485,
486,
487,
488,
489,
490,
491,
492,
493,
494,
495,
496,
497,
498,
499,
500,
501,
502,
503,
504,
505,
506,
507,
508,
509,
510,
511,
512,
513,
514,
515,
516,
517,
518,
519,
520,
521,
522,
523,
524,
525,
526,
527,
528,
529,
530,
531,
532,
533,
534,
535,
536,
537,
538,
539,
540,
541,
542,
543,
544,
545,
546,
547,
548,
549,
550,
551,
552,
553,
554,
555,
556,
557,
558,
559,
560,
561,
562,
563,
564,
565,
566,
567,
568,
569,
570,
571,
572,
573,
574,
575,
576,
577,
578,
579,
580,
581,
582,
583,
584,
585,
586,
587,
588,
589,
590,
591,
592,
593,
594,
595,
596,
597,
598,
599,
600,
601,
602,
603,
604,
605,
606,
607,
608,
609,
610,
611,
612,
613,
614,
615,
616,
617,
618,
619,
620,
621,
622,
623,
624,
625,
626,
627,
628,
629,
630,
631,
632,
633,
634,
635,
636,
637,
638,
639,
640,
641,
642,
643,
644,
645,
646,
647,
648,
649,
650,
651,
652,
653,
654,
655,
656,
657,
658,
659,
660,
661,
662,
663,
664,
665,
666,
667,
668,
669,
670,
671,
672,
673,
674,
675,
676,
677,
678,
679,
680,
681,
682,
683,
684,
685,
686,
687,
688,
689,
690,
691,
692,
693,
694,
695,
696,
697,
698,
699,
700,
701,
702,
703,
704,
705,
706,
707,
708,
709,
710,
711,
712,
713,
714,
715,
716,
717,
718,
719,
720,
721,
722,
723,
724,
725,
726,
727,
728,
729,
730,
731,
732,
733,
734,
735,
736,
737,
738,
739,
740,
741,
742,
743,
744,
745,
746,
747,
748,
749,
750,
751,
752,
753,
754,
755,
756,
757,
758,
759,
760,
761,
762,
763,
764,
765,
766,
767,
768,
769,
770,
771,
772,
773,
774,
775,
776,
777,
778,
779,
780,
781,
782,
783,
784,
785,
786,
787,
788,
789,
790,
791,
792,
793,
794,
795,
796,
797,
798,
799,
800,
801,
802,
803,
804,
805,
806,
807,
808,
809,
810,
811,
812,
813,
814,
815,
816,
817,
818,
819,
820,
821,
822,
823,
824,
825,
826,
827,
828,
829,
830,
831,
832,
833,
834,
835,
836,
837,
838,
839,
840,
841,
842,
843,
844,
845,
846,
847,
848,
849
747 289
289 279
279 305
305 86
86 442
442 302
302 368
368 155
155 247
247 506
506 5
5 784
784 23
23 505
505 394
394 281
281 408
408 577
577 258
258 136
136 644
644 431
431 580
580 803
803 30
30 104
104 227
227 97
97 36
36 71
71 77
77 64
64 277
277 624
624 630
630 332
332 519
519 147
147 571
571 756
756 552
552 449
449 48
48 769
769 821
821 197
197 354
354 795
795 607
607 681
681 751
751 692
692 496
496 620
620 528
528 838
838 180
180 527
527 663
663 398
398 142
142 165
165 237
237 73
73 37
37 699
699 286
286 373
373 202
202 468
468 346
346 485
485 683
683 233
233 246
246 771
771 718
718 555
555 557
557 521
521 44
44 583
583 78
78 702
702 26
26 388
388 103
103 193
193 308
308 452
452 200
200 56
56 839
839 75
75 560
560 689
689 635
635 85
85 768
768 709
709 31
31 283
283 480
480 633
633 591
591 654
654 339
339 823
823 739
739 791
791 164
164 445
445 749
749 789
789 430
430 327
327 59
59 410
410 204
204 161
161 331
331 511
511 9
9 741
741 256
256 311
311 118
118 140
140 434
434 215
215 178
178 704
704 737
737 589
589 827
827 399
399 457
457 636
636 696
696 393
393 565
565 158
158 87
87 780
780 446
446 157
157 397
397 395
395 684
684 534
534 350
350 344
344 191
191 34
34 680
680 102
102 69
69 242
242 642
642 750
750 810
810 593
593 404
404 355
355 726
726 124
124 143
143 682
682 646
646 324
324 42
42 609
609 13
13 596
596 705
705 690
690 290
290 811
811 725
725 306
306 170
170 101
101 38
38 766
766 50
50 513
513 269
269 214
214 257
257 255
255 383
383 746
746 248
248 631
631 676
676 173
173 250
250 532
532 301
301 0
0 829
829 686
686 777
777 184
184 22
22 418
418 738
738 655
655 216
216 474
474 84
84 548
548 244
244 466
466 292
292 558
558 199
199 632
632 338
338 333
333 19
19 68
68 847
847 845
845 464
464 153
153 364
364 209
209 484
484 70
70 8
8 220
220 365
365 715
715 526
526 260
260 510
510 400
400 443
443 525
525 800
800 243
243 656
656 716
716 154
154 579
579 125
125 428
428 336
336 427
427 619
619 252
252 454
454 599
599 634
634 658
658 40
40 848
848 334
334 657
657 660
660 53
53 522
522 139
139 576
576 348
348 294
294 168
168 549
549 271
271 662
662 703
703 374
374 605
605 296
296 16
16 802
802 291
291 284
284 728
728 120
120 828
828 387
387 673
673 840
840 567
567 487
487 700
700 349
349 276
276 163
163 105
105 303
303 152
152 817
817 647
647 479
479 72
72 229
229 366
366 668
668 203
203 67
67 628
628 266
266 516
516 819
819 648
648 245
245 369
369 764
764 671
671 629
629 693
693 722
722 272
272 538
538 610
610 491
491 615
615 608
608 574
574 96
96 285
285 413
413 236
236 456
456 453
453 531
531 226
226 106
106 340
340 572
572 188
188 262
262 793
793 357
357 192
192 299
299 808
808 483
483 645
645 310
310 185
185 622
622 425
425 131
131 812
812 176
176 323
323 392
392 108
108 711
711 406
406 318
318 137
137 4
4 171
171 361
361 584
584 758
758 582
582 62
62 316
316 351
351 670
670 515
515 822
822 798
798 602
602 187
187 616
616 402
402 587
587 736
736 499
499 497
497 776
776 151
151 779
779 444
444 836
836 421
421 688
688 439
439 849
849 198
198 370
370 381
381 166
166 833
833 465
465 503
503 162
162 727
727 169
169 322
322 537
537 47
47 706
706 325
325 729
729 637
637 679
679 566
566 134
134 813
813 25
25 472
472 753
753 297
297 382
382 401
401 495
495 595
595 674
674 341
341 765
765 598
598 146
146 754
754 773
773 570
570 783
783 43
43 121
121 759
759 179
179 65
65 744
744 380
380 61
61 20
20 343
343 473
473 781
781 92
92 494
494 762
762 581
581 695
695 376
376 623
623 815
815 99
99 755
755 27
27 433
433 606
606 782
782 586
586 501
501 432
432 603
603 535
535 775
775 411
411 135
135 113
113 463
463 45
45 470
470 713
713 832
832 91
91 664
664 743
743 251
251 46
46 460
460 837
837 119
119 794
794 612
612 563
563 110
110 33
33 109
109 553
553 24
24 478
478 241
241 575
575 834
834 573
573 224
224 678
678 767
767 675
675 358
358 273
273 734
734 1
1 763
763 371
371 386
386 11
11 7
7 225
225 649
649 309
309 436
436 274
274 94
94 28
28 391
391 335
335 409
409 523
523 196
196 569
569 477
477 194
194 17
17 367
367 520
520 561
561 697
697 117
117 189
189 175
175 60
60 267
267 545
545 661
661 627
627 116
116 666
666 280
280 825
825 377
377 141
141 268
268 814
814 790
790 300
300 307
307 405
405 378
378 389
389 29
29 390
390 588
588 93
93 786
786 617
617 10
10 234
234 731
731 54
54 448
448 542
542 774
774 611
611 353
353 345
345 799
799 321
321 554
554 213
213 787
787 89
89 270
270 846
846 551
551 618
618 3
3 517
517 150
150 362
362 639
639 437
437 717
717 687
687 314
314 63
63 796
796 475
475 441
441 288
288 422
422 312
312 714
714 132
132 426
426 667
667 420
420 304
304 239
239 564
564 429
429 352
352 254
254 486
486 568
568 809
809 518
518 414
414 177
177 111
111 451
451 806
806 653
653 342
342 128
128 375
375 498
498 788
788 556
556 712
712 217
217 221
221 541
541 55
55 130
130 447
447 326
326 100
100 88
88 467
467 504
504 530
530 127
127 708
708 801
801 51
51 210
210 133
133 156
156 183
183 222
222 330
330 804
804 232
232 206
206 450
450 2
2 694
694 320
320 710
710 669
669 129
129 315
315 651
651 287
287 640
640 601
601 80
80 543
543 230
230 471
471 360
360 533
533 824
824 319
319 508
508 385
385 356
356 818
818 195
195 723
723 489
489 337
337 512
512 228
228 423
423 459
459 57
57 208
208 476
476 677
677 830
830 123
123 126
126 600
600 293
293 757
757 264
264 419
419 792
792 604
604 547
547 735
735 249
249 492
492 41
41 493
493 12
12 844
844 372
372 107
107 76
76 403
403 650
650 594
594 772
772 733
733 159
159 625
625 115
115 643
643 417
417 74
74 719
719 841
841 730
730 149
149 14
14 701
701 282
282 761
761 724
724 539
539 415
415 536
536 90
90 253
253 613
613 458
458 186
186 18
18 481
481 205
205 295
295 6
6 261
261 461
461 148
148 211
211 778
778 212
212 760
760 407
407 145
145 313
313 181
181 785
785 122
122 52
52 412
412 424
424 469
469 770
770 672
672 144
144 514
514 317
317 698
698 524
524 79
79 263
263 223
223 540
540 544
544 82
82 720
720 488
488 259
259 396
396 21
21 562
562 685
685 490
490 638
638 597
597 207
207 379
379 440
440 15
15 707
707 218
218 585
585 32
32 58
58 238
238 329
329 835
835 807
807 81
81 98
98 39
39 831
831 83
83 500
500 49
49 462
462 95
95 546
546 745
745 219
219 529
529 112
112 559
559 732
732 748
748 509
509 590
590 826
826 550
550 174
174 438
438 578
578 797
797 820
820 235
235 138
138 507
507 231
231 721
721 641
641 752
752 66
66 614
614 160
160 691
691 298
298 843
843 114
114 652
652 201
201 275
275 265
265 659
659 172
172 482
482 167
167 240
240 621
621 742
742 347
347 842
842 435
435 278
278 455
455 182
182 363
363 328
328 626
626 816
816 384
384 805
805 359
359 190
190 665
665 740
740 592
592 502
502 416
416 35
53 117
613 753
665 50
373 688
116 71
329 59
788 35
802 35
650 240
777 840
587 823
733 640
552 641
759 142
775 668
841 233
754 106
354 421
669 825
96 502
762 325
635 482
352 256
28 533
531 374
196 731
180 506
825 591
32 222
599 660
562 326
366 356
468 358
248 273
84 107
507 561
815 654
708 495
279 663
549 626
217 361
329 191
526 330
727 127
170 362
384 122
69 764
621 436
618 742
268 439
569 731
650 531
287 300
351 62
814 787
209 618
712 503
218 325
473 91
170 391
467 334
67 565
187 262
502 187
448 185
748 97
362 107
521 189
346 336
252 273
845 726
662 125
528 274
774 166
265 334
849 303
102 185
225 674
806 182
843 839
396 550
23 29
290 403
394 120
205 717
766 512
816 662
560 188
804 337
164 190
648 400
158 123
593 744
691 745
54 688
359 0
344 539
595 685
715 738
110 846
75 126
611 429
829 676
31 744
509 430
268 97
116 727
474 642
285 443
558 186
461 265
602 125
522 763
51 665
203 376
145 370
528 71
653 495
760 420
772 311
626 209
551 495
827 545
293 64
666 761
470 650
287 359
381 510
247 687
499 145
814 258
682 842
499 98
804 264
287 393
580 67
49 36
70 690
678 179
388 295
302 273
682 360
144 688
216 703
635 463
807 733
299 745
628 666
536 535
665 110
642 782
130 26
256 472
273 837
181 117
516 219
639 734
166 475
231 580
64 162
550 511
262 438
553 15
57 288
816 540
391 100
93 58
489 442
444 694
662 339
648 24
477 647
481 706
715 606
550 95
267 528
623 699
102 526
520 789
824 507
667 127
598 480
232 292
96 208
783 309
585 35
593 407
211 154
438 120
456 188
693 595
465 570
741 560
378 770
441 36
696 775
565 122
46 116
154 795
265 600
97 804
0 14
94 575
214 732
110 197
789 475
362 523
779 578
105 370
844 534
750 581
705 329
585 577
92 415
661 564
674 291
11 795
773 345
451 67
132 626
793 452
368 817
79 379
727 65
661 48
461 181
471 687
395 485
284 346
200 516
794 369
707 418
337 560
8 696
478 23
621 518
675 308
363 558
693 316
55 718
744 55
561 411
58 672
183 433
313 354
700 479
239 5
571 775
89 241
312 389
408 743
1 333
249 213
710 532
601 231
463 178
788 110
92 843
664 822
514 827
824 362
648 45
20 693
333 342
553 758
287 804
472 291
536 479
659 679
772 215
83 231
383 822
237 796
605 302
139 596
206 831
782 377
845 164
601 553
119 567
593 437
449 152
517 272
336 480
256 656
431 394
834 506
705 88
140 614
670 568
699 373
549 663
469 826
628 483
676 269
845 67
233 744
444 128
451 513
563 578
63 459
580 812
41 460
804 308
67 286
796 361
674 171
630 287
646 838
807 271
536 456
280 436
464 319
412 311
472 60
826 115
561 761
167 588
546 668
564 90
213 281
219 325
617 799
742 446
4 469
289 778
548 497
443 39
560 830
118 347
799 775
27 470
382 388
186 527
158 478
352 442
646 638
209 28
282 398
41 617
112 375
355 431
663 388
740 625
841 647
393 321
647 239
508 698
157 62
628 286
778 565
606 775
700 229
218 433
756 379
765 420
510 840
796 62
500 285
588 570
553 453
668 226
71 320
13 164
331 807
388 28
433 123
478 845
360 844
428 710
374 813
458 824
13 373
731 480
498 573
834 111
553 819
289 432
311 500
592 158
574 257
290 371
643 304
334 573
212 471
617 589
74 456
22 316
215 147
742 768
655 784
588 458
120 105
397 329
205 592
736 433
46 706
345 778
714 276
323 773
701 363
430 33
241 75
791 697
140 698
366 623
287 792
847 805
59 702
200 789
691 16
580 22
797 591
423 262
586 402
332 577
412 34
448 818
231 342
191 75
739 635
550 189
100 277
129 48
631 673
93 442
680 356
385 817
135 779
664 309
240 651
286 264
405 399
332 745
561 668
459 141
84 281
189 9
113 483
745 467
562 66
178 157
172 159
568 135
571 238
472 546
728 10
748 289
129 623
467 248
344 671
409 649
496 794
13 130
345 513
600 614
234 810
736 616
728 357
131 229
783 758
536 715
57 738
139 779
376 474
349 473
670 491
466 686
179 159
693 448
15 87
529 22
665 495
406 70
210 309
489 95
722 11
676 110
274 794
384 435
107 67
156 500
651 444
667 441
688 555
161 674
621 540
571 297
743 774
144 766
773 386
379 290
416 454
754 152
366 22
195 17
0 204
299 785
311 188
267 434
485 74
598 138
621 555
345 493
497 79
808 87
665 556
739 123
704 702
829 695
85 231
232 449
701 551
538 776
245 822
720 277
403 476
624 367
495 267
239 744
269 229
804 265
620 494
614 534
463 799
109 0
392 43
46 158
686 102
72 247
766 410
678 65
685 821
378 409
814 379
161 50
250 811
824 117
579 612
681 398
246 510
840 401
289 752
198 91
547 598
473 227
571 449
21 511
700 756
763 582
376 607
70 200
204 48
88 40
603 160
655 35
698 510
387 701
609 544
223 227
129 111
119 739
13 725
372 183
221 774
85 645
104 571
666 261
671 313
633 443
458 350
657 64
621 332
767 448
768 200
272 452
623 173
452 800
730 555
28 199
731 640
14 780
778 734
620 736
411 104
58 147
606 301
65 640
461 73
499 347
319 279
809 706
432 285
780 649
258 578
79 211
546 113
309 668
381 239
445 612
525 787
19 808
533 73
438 148
123 341
278 723
694 482
391 67
177 337
299 517
82 581
203 233
625 229
230 752
675 818
406 695
163 235
362 206
375 129
745 554
484 243
246 755
394 277
257 162
368 658
223 45
504 411
0 284
500 361
494 380
335 466
553 791
813 774
229 734
685 110
662 430
817 32
566 662
793 134
39 282
192 480
835 460
57 452
336 496
358 758
507 637
758 358
641 463
68 259
485 749
816 546
753 57
512 327
701 716
554 560
77 477
72 589
577 818
556 717
671 6
696 638
534 135
612 546
819 401
475 673
110 329
625 202
358 443
573 402
125 259
86 756
590 656
685 383
62 36
773 489
333 726
466 342
524 279
444 449
236 201
363 552
543 445
64 27
768 517
173 824
674 731
459 829
532 429
471 598
835 128
651 178
609 821
646 585
575 831
327 780
150 716
698 610
775 836
64 370
646 641
225 59
373 794
847 773
388 417
777 229
289 557
205 252
27 656
568 132
412 634
351 81
347 112
418 18
91 478
719 22
790 415
339 11
157 108
28 452
836 290
80 489
196 145
441 27
392 454
177 455
419 511
342 473
529 460
458 838
243 40
160 597
221 775
633 387
795 117
759 681
204 323
519 191
184 523
815 189
802 760
627 199
688 687
483 407
17 307
252 76
648 598
721 534
700 26
31 274
384 214
323 807
675 530
193 394
353 816
596 737
408 78
786 267
324 437
547 760
577 634
573 100
388 632
838 100
746 203
371 166
819 790
725 11
416 512
621 803
120 789
425 163
139 260
571 643
119 115
561 463
450 388
720 483
64 104
580 812
147 539
536 587
87 347
819 454
563 264
164 665
625 722
364 313
774 637
1 506
343 498
127 689
509 570
105 363
177 495
296 839
641 141
315 408
812 206
725 793
430 632
226 571
803 477
276 319
839 17
253 507
820 754
114 670
33 418
594 354
478 447
529 710
471 225
26 229
437 809
723 246
83 148
140 773
64 763
139 77
613 408
794 31
659 447
774 640
34 138
117 257
483 234
620 668
30 101
744 339
701 146
392 699
830 501
241 265
91 277
247 179
0 578
172 318
411 349
173 688
520 847
245 651
674 66
750 782
255 149
239 424
415 98
577 726
434 472
221 686
770 655
279 521
450 651
113 837
609 700
221 12
665 366
272 500
522 793
415 722
369 233
705 445
57 435
486 813
166 104
258 508
491 447
186 607
696 351
636 791
102 214
618 661
485 663
338 336
675 14
35 3
643 394
180 611
847 32
664 799
400 223
577 389
34 540
100 146
154 372
18 39
422 772
435 277
140 253
588 383
753 429
384 808
18 301
838 662
94 13
100 321
160 473
587 278
306 225
640 120
34 377
722 121
849 548
262 296
492 480
443 714
686 733
330 677
99 348
403 532
505 257
230 228
232 386
639 92
288 438
28 433
302 177
582 471
241 408
277 36
8 546
328 249
435 433
782 223
826 634
675 83
349 765
519 184
838 87
815 160
142 559
246 141
696 477
250 236
205 493
685 650
721 430
207 449
256 70
183 221
459 738
130 787
401 31
52 606
265 77
164 803
797 366
821 260
809 51
627 309
419 164
11 734
16 72
194 244
691 402
40 805
532 752
363 409
443 88
337 230
642 32
561 394
329 789
296 638
101 683
408 43
32 297
228 686
717 0
393 38
524 844
444 277
292 350
421 613
222 5
450 522
712 118
369 35
785 329
36 283
53 487
143 117
324 31
809 840
298 15
82 839
318 122
335 60
413 741
648 724
75 678
724 256
22 368
335 554
720 375
537 20
310 126
455 229
441 372
216 31
347 183
788 157
690 57
588 682
6 698
812 839
201 352
192 832
306 246
456 86
425 263
192 333
661 399
506 258
142 155
671 718
416 550
571 847
489 673
235 115
22 1
336 523
201 156
336 448
713 266
391 102
591 255
461 210
401 193
192 416
217 277
835 335
381 778
645 758
738 819
64 641
4 27
481 232
443 222
714 745
28 114
375 605
569 275
636 122
374 635
360 467
519 737
547 800
713 257
549 78
592 306
101 407
526 636
537 132
657 319
436 140
711 607
827 133
233 838
464 204
99 536
794 393
563 246
125 493
301 329
249 698
478 565
831 625
819 351
815 455
751 596
615 273
443 40
601 187
75 842
454 473
102 120
317 523
834 35
219 230
826 504
800 159
237 813
158 817
429 45
350 435
754 793
225 63
571 604
641 720
738 124
678 44
311 428
793 529
199 819
794 226
42 409
695 23
328 467
662 664
285 580
812 482
642 583
333 833
131 848
548 537
807 526
602 514
840 252
582 111
400 701
475 343
434 53
321 193
364 660
487 680
519 648
598 191
282 505
349 832
179 649
373 79
317 307
49 331
453 444
238 662
685 720
570 273
502 168
584 525
663 114
762 732
249 678
423 447
202 807
271 604
434 714
140 295
549 127
723 839
600 108
251 522
601 782
510 544
267 82
268 833
112 165
97 803
525 785
298 531
269 829
275 396
421 381
453 618
661 302
684 355
835 160
240 70
511 472
424 788
204 518
545 838
171 596
187 548
567 86
361 847
691 670
779 670
160 686
605 516
125 555
247 635
841 237
419 768
96 530
476 43
415 845
131 204
233 661
606 659
508 68
275 142
369 423
7 318
112 554
105 348
567 50
426 86
703 130
280 344
658 809
719 258
338 792
198 522
302 495
821 8
394 446
595 752
78 216
121 474
294 702
226 383
38 797
41 537
42 484
679 182
823 817
751 227
520 522
710 843
399 186
671 276
764 251
536 432
738 680
782 2
204 399
778 800
816 404
567 210
523 804
633 394
832 757
566 560
539 799
91 520
38 243
484 24
200 725
761 266
271 630
722 89
211 44
371 686
174 383
165 151
753 407
492 53
777 620
321 758
584 818
637 817
760 468
99 678
311 426
490 125
487 64
122 795
639 428
40 668
105 577
618 702
157 346
566 803
371 125
34 527
425 48
546 843
101 100
619 334
139 243
774 445
74 443
466 407
169 418
686 557
600 640
645 766
467 25
712 496
403 391
76 351
725 724
788 117
194 403
247 559
257 155
375 657
51 126
716 660
756 195
589 82
757 131
299 588
635 772
775 741
395 38
310 389
611 609
492 683
24 417
335 163
663 420
14 535
668 328
119 579
51 234
550 836
305 752
408 757
148 727
103 752
80 661
646 403
798 333
621 282
339 816
636 184
576 586
209 451
162 800
623 384
324 322
408 364
156 836
100 347
153 332
234 66
684 453
593 620
829 738
135 308
537 130
441 748
111 358
553 364
296 150
815 474
153 20
770 831
238 473
618 177
433 88
351 670
511 595
23 126
609 157
498 328
804 509
354 449
589 411
533 371
115 404
56 349
58 184
38 413
406 12
207 562
87 247
346 797
217 51
441 91
340 731
638 49
219 302
387 271
700 438
674 391
265 729
535 528
16 749
26 704
191 66
849 263
214 280
800 472
135 365
131 434
765 595
731 197
449 43
819 485
476 731
709 534
411 74
39 423
259 224
571 442
204 609
653 291
173 255
826 186
181 128
460 574
679 237
527 715
127 38
426 13
244 355
653 197
489 607
683 707
748 718
747 7
293 47
456 636
98 43
10 45
344 693
758 71
112 349
74 157
805 377
59 841
385 711
811 4
632 567
480 416
27 317
819 572
739 844
343 194
473 830
491 377
568 349
26 548
108 111
520 0
533 557
822 305
58 341
676 701
128 442
465 282
640 164
71 743
98 425
304 518
305 446
223 543
90 730
118 68
575 4
377 814
761 381
492 647
750 568
91 570
216 570
707 341
603 272
443 172
543 587
530 265
68 579
93 186
506 539
794 629
200 153
740 301
622 83
35 128
391 47
562 594
744 496
227 523
421 374
312 525
119 342
209 820
594 635
288 155
225 524
219 416
783 245
680 705
735 146
746 517
842 76
289 16
11 500
127 724
392 316
524 623
114 765
21 415
135 741
668 56
487 610
339 598
544 277
463 439
41 130
627 783
191 248
105 608
507 746
28 620
31 247
209 4
378 260
726 448
148 553
402 676
236 245
640 623
376 806
596 531
580 255
70 218
349 740
759 76
62 839
779 231
68 563
741 353
846 436
346 672
270 461
438 805
773 835
804 262
766 395
200 340
196 668
262 285
778 580
678 395
90 626
756 371
447 93
343 650
547 781
657 183
822 536
814 511
681 591
123 158
381 569
540 538
312 411
772 726
666 202
28 179
106 691
808 313
117 530
382 562
256 804
317 348
500 554
825 496
260 215
664 815
638 191
179 740
504 599
581 649
183 496
712 229
118 371
399 488
299 317
407 144
723 844
541 288
794 302
714 607
326 101
680 742
30 254
622 69
475 729
443 386
71 563
589 714
622 122
810 133
707 817
679 545
622 565
192 59
487 624
639 822
150 569
566 632
586 637
120 472
636 452
165 604
716 423
10 202
830 224
400 182
534 744
498 660
740 168
463 6
220 560
344 287
71 588
418 274
731 735
95 134
828 34
454 784
725 410
642 283
331 753
412 683
383 495
332 521
205 654
745 376
824 299
272 782
401 739
792 807
335 549
249 468
417 476
676 656
646 381
779 118
624 766
731 364
293 562
768 745
87 567
465 129
55 420
37 634
218 58
305 578
65 509
604 563
773 693
849 748
249 165
114 385
666 577
497 55
687 547
64 11
288 344
353 55
89 691
351 89
77 235
631 144
321 354
414 317
208 81
683 344
301 196
530 21
630 847
283 764
596 112
423 209
695 96
553 399
206 814
833 196
739 139
208 774
48 145
447 82
754 357
136 127
253 602
13 37
344 135
62 218
60 269
340 649
175 708
778 709
209 288
581 281
799 699
290 282
750 113
444 766
358 828
87 847
421 398
121 34
754 264
361 1
390 523
77 210
372 467
159 573
191 466
420 629
91 583
629 185
580 227
168 30
688 189
77 252
447 553
763 666
93 482
477 327
128 128
204 20
708 39
523 323
528 837
291 741
786 758
621 332
485 669
311 736
685 133
371 301
18 722
438 131
111 347
559 748
469 701
442 513
716 473
841 341
638 421
96 288
775 153
619 645
493 517
374 93
822 658
522 684
601 286
105 511
809 403
495 251
562 4
837 811
225 87
778 78
555 516
791 333
273 748
524 724
395 145
685 395
10 346
188 83
215 623
459 104
273 756
88 330
441 649
837 113
776 241
497 823
13 417
598 768
482 448
265 401
480 590
816 445
775 470
536 691
399 604
390 738
567 412
301 485
702 295
271 88
721 746
728 79
280 224
102 620
558 580
82 574
344 847
172 704
429 727
46 175
515 590
281 848
286 207
694 289
201 414
704 38
567 523
383 69
787 49
106 564
690 832
526 771
557 388
23 777
77 639
470 247
498 247
733 398
702 794
302 491
516 11
426 146
480 681
562 403
651 79
362 531
275 60
482 420
811 439
321 818
288 288
509 849
409 656
459 29
827 579
786 34
562 796
450 22
570 100
558 810
417 658
140 640
204 289
6 159
611 527
443 614
820 670
459 290
686 810
385 294
335 700
698 99
523 55
726 252
206 601
278 588
418 207
619 77
36 779
400 23
50 435
779 94
612 790
236 793
701 273
189 810
286 839
369 277
110 731
441 588
557 279
737 54
262 612
661 845
752 398
558 628
29 827
749 92
563 714
580 315
70 707
664 431
525 608
481 563
752 339
143 634
528 713
123 810
404 508
141 413
336 581
849 83
145 13
419 481
220 137
206 165
374 723
158 768
822 520
305 418
153 689
691 466
763 534
214 783
599 77
210 734
319 687
312 483
25 441
256 537
207 65
362 643
547 326
615 608
772 398
370 327
448 397
709 713
362 651
513 102
125 2
732 479
294 214
197 267
246 359
325 736
589 464
60 535
668 762
536 548
369 8
760 713
183 52
346 416
21 728
460 410
17 283
86 833
810 721
165 688
263 754
466 566
297 574
171 361
150 201
1 508
262 103
797 198
138 831
581 187
311 463
543 790
504 626
361 329
542 529
299 284
497 48
543 74
617 166
740 838
265 751
705 691
645 115
320 214
9 173
802 117
506 843
779 442
432 822
52 572
478 61
143 844
110 9
331 577
239 274
247 721
283 168
395 597
242 843
710 222
107 275
617 246
849 119
836 156
72 558
578 722
9 698
349 736
741 118
707 28
645 419
658 451
7 338
787 385
402 248
268 250
182 459
522 248
596 137
209 141
222 169
271 4
274 273
609 755
138 541
545 480
720 538
528 550
41 236
180 74
267 550
108 292
520 593
589 120
304 99
216 213
102 390
261 808
766 545
757 254
28 210
371 671
796 450
343 671
165 347
371 248
58 45
699 290
535 720
813 303
706 316
510 458
500 614
205 462
607 114
380 40
437 365
478 429
114 637
829 19
649 203
361 166
549 115
253 676
56 333
545 414
785 383
513 745
247 175
483 829
797 104
571 845
654 526
747 203
259 795
43 503
646 582
781 327
595 598
597 434
58 286
843 146
331 573
430 684
212 312
794 836
284 632
255 338
562 354
170 748
188 653
89 141
741 631
322 595
179 4
252 312
205 425
492 104
752 660
682 774
630 27
60 632
555 469
202 589
545 31
356 340
587 264
643 332
145 713
625 71
189 107
763 185
28 32
510 825
582 835
171 418
31 458
252 354
343 582
403 289
605 144
561 384
533 88
604 233
649 325
535 657
554 125
205 350
846 764
158 296
409 187
242 182
368 734
103 643
665 203
728 28
116 642
457 58
295 829
372 115
169 30
687 402
625 172
829 342
494 323
707 387
429 146
753 208
816 83
334 588
4 205
499 400
831 309
781 279
712 334
360 382
426 213
443 484
283 453
623 353
627 497
820 366
688 826
121 447
524 750
248 645
144 738
676 625
599 224
638 52
8 835
316 607
383 834
575 263
635 687
248 407
813 586
629 684
173 643
556 346
212 538
562 314
172 712
555 238
341 677
706 580
559 245
73 715
695 60
670 352
598 740
815 473
556 502
44 599
735 104
603 0
408 622
61 282
775 837
806 468
679 319
275 81
551 792
173 804
207 492
478 202
332 825
216 352
66 18
266 573
105 797
212 848
654 616
171 142
832 521
251 91
498 581
10 207
278 175
440 443
592 255
106 183
273 201
251 359
528 359
287 10
646 591
39 592
790 650
595 648
614 755
476 23
26 8
535 519
349 441
331 841
542 576
16 325
837 266
664 453
17 247
128 411
383 283
575 807
212 6
189 237
836 38
564 98
420 155
829 817
575 689
473 226
800 53
749 487
403 463
340 465
196 107
367 75
207 726
162 529
694 275
706 778
608 649
299 325
57 115
690 246
1 597
725 48
524 513
78 664
380 595
151 325
420 16
757 268
118 161
131 312
604 309
291 446
45 610
548 452
737 250
415 403
343 29
731 436
143 5
282 223
19 438
2 144
369 194
752 581
449 344
187 736
370 789
800 246
417 342
245 385
267 325
421 339
709 349
718 745
805 271
830 822
683 491
209 473
276 503
82 426
537 530
517 190
372 8
111 454
106 565
39 255
180 351
514 710
382 133
157 842
792 63
203 668
41 536
117 744
653 157
393 55
398 230
386 220
465 277
152 809
54 561
269 734
393 701
636 774
695 297
307 245
460 275
274 243
407 410
476 778
12 16
573 820
513 802
392 411
432 118
257 520
214 106
425 657
46 3
583 158
288 144
168 89
445 483
156 74
280 191
27 504
841 242
368 480
839 138
157 509
324 103
426 718
187 711
573 362
3 294
118 223
38 636
837 145
479 152
539 692
253 98
819 777
715 724
740 785
5 552
324 427
841 618
425 224
381 289
704 415
357 138
384 479
722 689
686 714
806 63
827 260
435 189
302 57
496 180
507 577
445 785
650 256
781 607
643 393
692 43
508 264
328 835
375 360
440 70
525 744
309 578
713 89
502 541
197 255
105 631
481 428
58 45
104 590
565 292
642 836
713 661
509 227
191 552
381 366
669 304
265 757
209 183
466 171
531 622
495 598
89 326
523 579
538 534
827 487
525 331
15 54
561 18
48 820
71 79
640 397
740 843
265 39
713 167
810 173
501 706
712 238
485 652
227 700
111 282
661 18
173 681
781 453
293 330
675 167
551 74
613 381
128 427
337 807
13 379
724 221
370 698
87 597
644 125
377 633
779 326
724 29
667 208
481 57
324 341
133 846
525 104
775 434
795 40
622 75
226 425
783 509
590 219
311 58
700 252
149 282
731 307
12 126
29 520
785 131
515 406
364 233
807 286
424 848
307 183
114 721
674 396
463 494
603 157
75 808
587 693
720 631
825 3
206 702
234 444
572 586
619 533
671 663
37 699
241 139
505 601
202 545
337 785
225 14
128 242
693 408
48 171
183 89
454 297
14 486
131 704
51 668
249 283
417 587
366 322
269 275
410 465
394 30
255 107
283 284
118 709
823 203
311 472
443 275
532 386
606 359
790 216
359 195
493 522
768 651
785 648
374 775
410 339
223 824
274 16
389 11
195 194
369 601
487 198
297 141
239 526
619 371
55 514
630 828
835 761
537 150
453 535
492 308
361 113
229 30
592 275
264 753
159 667
457 635
125 517
367 715
327 52
787 325
638 502
310 685
731 401
234 658
414 572
64 595
505 107
264 265
277 52
203 1
391 343
443 337
193 382
397 667
307 798
217 837
772 382
796 349
60 198
393 590
248 348
670 346
93 190
737 11
226 443
125 535
815 824
171 44
215 848
573 538
437 795
219 9
797 812
415 446
225 242
111 93
354 255
462 98
742 104
129 483
487 395
659 790
481 837
610 430
608 683
324 491
491 237
493 410
724 263
274 546
363 281
833 361
395 574
260 604
842 779
794 184
256 205
38 647
110 412
419 539
90 761
439 380
371 764
213 675
50 400
587 295
656 301
531 117
527 847
215 518
503 682
369 739
767 263
173 447
669 771
591 464
458 795
123 301
107 750
144 845
117 73
768 187
722 86
454 691
837 412
449 678
106 18
383 479
269 652
738 208
401 385
559 307
797 718
735 141
848 778
790 399
748 209
845 529
428 415
183 562
498 154
790 86
497 671
346 76
798 567
479 825
817 372
760 495
584 839
226 141
353 140
455 731
95 88
664 729
559 216
642 143
695 105
231 72
695 680
336 73
758 840
16 667
425 609
474 640
174 121
270 623
480 502
336 519
196 727
200 333
500 121
650 797
756 428
340 740
468 85
617 749
712 594
60 696
451 181
525 264
607 526
411 60
139 410
819 448
326 361
342 162
579 848
298 688
815 506
755 312
572 62
611 156
259 118
292 346
574 517
28 408
629 55
439 601
138 687
736 220
297 603
152 240
742 552
145 536
384 677
778 172
486 471
801 437
532 150
809 769
89 358
104 604
496 650
209 4
577 529
541 229
678 275
364 45
574 230
449 416
415 433
340 717
347 704
454 197
656 185
117 339
653 355
289 173
272 181
10 571
422 661
362 282
677 230
707 102
411 403
155 643
706 702
450 845
709 513
494 58
147 716
845 141
525 428
42 462
579 84
743 620
146 48
640 622
685 735
203 432
647 36
53 491
235 155
592 767
799 230
46 428
773 273
497 410
366 604
112 611
115 105
379 37
245 533
535 121
540 411
57 632
464 355
336 746
254 765
681 474
275 634
491 790
800 33
126 29
25 584
95 690
532 707
235 786
711 230
2 829
461 431
291 184
352 830
788 520
820 244
675 127
582 421
791 337
786 544
243 548
547 552
650 202
294 326
111 660
409 103
14 713
357 518
770 445
42 532
256 145
453 682
52 654
347 387
348 690
437 705
573 648
796 350
445 630
586 632
218 500
231 253
484 339
564 16
277 598
789 633
491 462
510 626
69 191
252 436
193 282
241 58
444 558
162 827
275 438
821 438
99 255
168 635
788 181
164 567
819 746
629 690
131 1
164 289
655 264
146 805
700 200
728 607
31 653
544 197
696 43
105 40
81 801
182 499
242 487
748 634
685 212
406 672
276 672
577 368
810 773
28 249
221 426
758 543
89 191
217 75
319 702
611 614
325 523
816 758
409 135
462 11
751 795
602 265
591 611
172 376
698 436
68 379
768 560
766 752
141 11
138 512
407 566
25 560
821 402
743 382
549 286
797 360
658 434
760 8
352 243
95 302
155 316
731 179
415 119
374 154
716 319
628 209
614 553
239 147
26 142
27 176
209 841
680 93
558 753
68 807
143 317
849 452
776 845
526 801
159 400
18 170
581 847
716 394
54 114
68 461
4 456
298 16
386 206
164 426
291 568
729 479
77 265
68 224
826 136
243 592
728 158
122 762
740 698
278 112
265 813
383 607
795 98
426 334
126 282
568 431
377 296
699 479
200 641
759 835
86 84
545 163
558 230
573 353
386 724
712 348
143 667
785 180
411 826
250 56
581 828
285 420
794 147
763 656
383 653
232 612
835 150
445 198
798 22
443 554
147 474
789 372
668 687
423 298
47 312
715 178
255 819
787 791
610 450
21 645
486 602
167 146
350 705
138 183
76 541
649 495
407 551
345 504
579 596
686 461
800 306
128 823
549 733
604 609
29 401
703 256
129 486
257 442
731 658
168 576
657 804
362 303
508 328
619 75
161 556
453 597
705 238
659 677
815 754
1 167
508 488
274 366
776 424
502 648
22 2
387 744
586 51
709 449
284 53
824 630
2 580
306 392
608 834
703 589
815 225
552 388
599 420
210 646
222 621
792 230
577 267
758 611
770 501
622 53
703 837
587 445
77 368
426 166
268 182
832 358
688 25
638 312
121 498
194 822
158 247
50 678
717 267
10 319
721 362
338 10
135 3
164 220
480 310
347 139
782 111
563 76
447 294
306 713
206 110
421 715
546 143
627 691
131 295
117 293
83 393
223 752
618 827
600 205
288 722
573 239
772 813
402 485
438 290
52 194
692 85
761 581
42 296
832 43
638 191
728 221
786 695
33 130
577 182
315 652
210 51
648 240
816 370
744 754
488 778
488 458
655 547
241 373
477 840
303 104
440 288
553 533
92 245
808 491
169 790
215 295
641 20
73 91
721 368
332 215
778 646
576 514
222 549
385 103
177 517
138 69
329 661
530 252
663 22
258 686
388 339
603 446
448 84
570 534
268 523
530 245
16 92
639 70
682 586
498 181
337 97
525 501
812 730
444 45
208 406
296 785
560 613
103 264
299 598
592 251
841 116
591 561
137 540
637 106
770 62
516 549
624 703
18 719
709 635
632 367
291 125
502 695
342 754
121 62
164 272
743 23
237 623
225 146
302 308
465 103
470 51
92 582
701 305
685 403
255 73
507 437
784 375
134 766
107 425
642 134
194 306
102 460
214 393
173 247
523 512
9 440
704 83
95 378
247 358
182 770
491 112
727 801
495 14
392 171
474 351
214 831
337 480
122 160
790 306
480 672
157 299
376 457
604 603
533 687
553 123
24 206
654 641
493 554
107 494
139 579
312 135
121 402
305 408
360 495
462 842
665 81
404 347
833 731
557 260
545 243
441 335
144 542
756 111
716 845
20 771
610 604
699 47
72 71
313 426
435 172
380 226
468 712
133 474
828 58
785 513
222 673
591 326
427 348
839 233
226 5
320 842
276 151
511 577
110 701
289 517
747 77
711 662
186 8
318 419
202 111
8 56
412 746
513 726
305 825
762 484
845 414
679 185
103 823
252 602
730 177
80 784
709 442
258 665
101 693
658 482
760 9
59 438
629 520
174 107
683 713
155 136
582 116
411 365
3 180
370 606
272 33
555 529
348 701
574 688
62 225
22 559
663 424
490 107
37 157
694 120
648 495
520 341
416 390
574 172
177 556
722 407
500 478
313 45
275 198
197 18
494 565
19 304
701 241
40 35
542 537
840 564
338 730
220 113
708 695
162 600
352 233
401 91
275 106
417 622
56 192
231 222
242 458
70 351
111 824
492 79
107 359
603 733
672 180
641 523
641 511
648 502
513 165
675 553
615 391
718 177
290 760
646 77
736 471
822 765
261 68
524 396
401 823
383 692
517 340
827 20
114 39
25 699
260 419
84 81
49 340
262 224
48 433
771 112
519 531
296 656
354 448
745 841
46 611
182 544
248 365
593 61
598 738
490 819
367 61
165 532
694 462
561 225
74 846
165 132
811 371
533 546
259 491
161 26
431 612
497 358
789 67
164 159
729 616
107 228
569 472
326 60
742 634
849 277
93 350
550 24
576 565
380 86
117 587
538 440
376 89
191 650
815 783
633 81
347 283
473 501
110 786
474 808
425 346
247 405
822 765
14 109
175 464
489 42
44 693
531 843
273 381
414 330
148 429
764 815
17 827
5 65
769 297
502 784
506 146
772 758
411 101
90 515
632 434
75 196
139 665
273 484
631 660
586 741
708 640
660 838
571 653
649 747
67 3
161 574
665 532
592 28
14 164
558 737
46 531
717 717
401 48
728 649
48 228
565 675
539 82
520 209
46 569
371 444
392 305
1 449
782 756
606 489
560 501
238 667
828 588
342 21
11 554
770 70
577 431
788 145
754 66
725 286
753 694
288 824
473 460
647 722
569 830
266 486
337 287
474 597
239 439
187 280
415 487
755 474
629 708
832 90
342 326
36 65
26 787
351 193
713 416
835 20
233 520
407 781
760 235
257 497
590 483
679 763
432 358
20 197
39 116
483 497
380 166