86
429
0,
1,
2,
3,
4,
5,
6,
7,
8,
9,
10,
11,
12,
13,
14,
15,
16,
17,
18,
19,
20,
21,
22,
23,
24,
25,
26,
27,
28,
29,
30,
31,
32,
33,
34,
35,
36,
37,
38,
39,
40,
41,
42,
43,
44,
45,
46,
47,
48,
49,
50,
51,
52,
53,
54,
55,
56,
57,
58,
59,
60,
61,
62,
63,
64,
65,
66,
67,
68,
69,
70,
71,
72,
73,
74,
75,
76,
77,
78,
79,
80,
81,
82,
83,
84,
85
1 42
42 21
21 32
32 44
44 66
66 48
48 69
69 9
9 50
50 3
3 52
52 34
34 33
33 2
2 0
0 16
16 37
37 10
10 25
25 64
64 55
55 61
61 84
84 78
78 62
62 36
36 40
40 38
38 4
4 27
27 31
31 51
51 56
56 79
79 72
72 77
77 83
83 58
58 28
28 74
74 45
45 76
76 60
60 30
30 29
29 47
47 24
24 68
68 80
80 5
5 35
35 13
13 6
6 8
8 12
12 15
15 81
81 53
53 59
59 49
49 18
18 23
23 20
20 41
41 19
19 46
46 65
65 26
26 75
75 73
73 70
70 14
14 63
63 85
85 71
71 82
82 57
57 17
17 22
22 7
7 11
11 43
43 39
39 67
67 54
73 68
15 7
74 71
35 20
69 4
48 7
74 55
1 15
58 4
9 41
56 0
80 24
27 71
64 29
10 42
30 7
41 66
28 34
73 6
19 16
5 28
47 64
43 49
53 35
44 42
71 38
46 51
59 80
28 19
43 9
69 5
6 80
84 29
68 62
81 59
4 27
31 36
66 36
59 84
20 51
8 10
7 55
56 55
38 70
6 68
42 70
0 6
76 31
21 80
13 21
80 48
1 11
68 72
79 5
37 4
24 50
57 49
54 45
57 38
72 20
41 83
25 51
66 45
70 78
20 60
79 39
35 48
59 4
40 76
67 67
13 11
62 48
22 33
15 62
73 12
58 13
16 1
61 34
27 62
75 40
55 13
27 61
80 36
61 4
66 30
11 8
24 2
49 84
67 57
75 57
8 56
73 3
7 51
82 78
12 65
68 34
81 79
42 85
80 69
74 51
70 52
74 35
35 14
19 14
47 71
12 69
57 38
72 35
32 30
8 49
29 85
48 26
83 76
50 64
59 74
20 1
76 57
10 80
44 31
78 68
19 59
23 85
0 0
57 72
47 3
84 19
42 63
39 42
7 16
59 9
83 30
71 37
3 75
41 12
70 45
5 49
8 58
53 27
50 60
25 22
58 38
4 46
10 71
57 67
33 55
40 27
59 39
53 38
69 20
28 21
78 49
28 64
54 70
56 70
66 50
75 78
71 8
4 71
78 69
10 22
71 62
81 42
54 60
23 17
53 31
11 5
25 65
72 12
55 38
39 70
31 76
54 50
64 82
77 7
53 36
29 24
21 13
22 49
35 77
62 17
50 20
15 76
32 71
10 11
0 67
25 83
1 4
14 50
52 47
59 12
71 66
53 4
78 84
68 2
3 21
76 19
19 10
5 29
43 64
21 45
85 8
48 5
66 57
75 15
14 83
2 13
17 1
33 52
32 54
70 20
70 50
73 27
54 84
59 72
19 58
57 61
27 30
18 11
61 14
62 80
57 42
18 24
69 42
60 55
77 36
23 29
31 72
46 24
52 42
13 21
35 28
61 49
61 85
8 74
51 8
9 32
76 17
6 43
30 71
22 26
9 78
19 29
27 3
75 82
79 72
26 57
70 46
82 72
2 2
76 83
40 72
38 67
53 15
12 9
67 51
4 78
7 15
59 48
47 65
67 65
17 61
39 16
83 2
83 68
1 43
13 30
77 53
25 30
16 78
1 82
45 58
15 85
17 10
11 47
78 12
12 6
26 55
67 28
82 52
12 9
48 25
74 15
54 72
54 22
70 56
6 26
42 53
32 37
2 71
25 58
70 77
58 51
53 1
83 43
32 20
30 75
79 54
63 68
19 4
59 66
70 62
7 49
1 58
2 28
48 68
10 42
81 18
68 45
23 32
32 51
39 45
84 63
1 73
64 56
15 81
69 77
60 71
75 35
24 57
55 45
19 54
31 12
24 44
74 16
41 85
32 13
25 39
4 7
82 38
0 29
27 70
12 26
27 40
19 43
9 9
42 61
52 27
43 51
14 25
70 20
33 16
60 58
77 83
36 3