88
439
0,
1,
2,
3,
4,
5,
6,
7,
8,
9,
10,
11,
12,
13,
14,
15,
16,
17,
18,
19,
20,
21,
22,
23,
24,
25,
26,
27,
28,
29,
30,
31,
32,
33,
34,
35,
36,
37,
38,
39,
40,
41,
42,
43,
44,
45,
46,
47,
48,
49,
50,
51,
52,
53,
54,
55,
56,
57,
58,
59,
60,
61,
62,
63,
64,
65,
66,
67,
68,
69,
70,
71,
72,
73,
74,
75,
76,
77,
78,
79,
80,
81,
82,
83,
84,
85,
86,
87
10 72
72 23
23 51
51 22
22 33
33 56
56 13
13 71
71 67
67 2
2 37
37 63
63 55
55 75
75 78
78 4
4 49
49 21
21 24
24 1
1 14
14 28
28 68
68 25
25 76
76 9
9 43
43 69
69 81
81 87
87 12
12 54
54 46
46 27
27 30
30 60
60 82
82 5
5 84
84 58
58 64
64 38
38 86
86 11
11 7
7 77
77 66
66 80
80 48
48 70
70 53
53 18
18 52
52 3
3 16
16 40
40 50
50 32
32 26
26 34
34 47
47 73
73 44
44 74
74 0
0 62
62 45
45 20
20 8
8 83
83 57
57 15
15 17
17 35
35 41
41 19
19 39
39 29
29 6
6 59
59 85
85 79
79 42
42 36
36 61
61 65
65 31
71 71
77 66
40 21
73 23
13 66
71 32
70 28
67 18
86 70
76 45
21 69
61 40
47 73
21 66
8 63
73 35
52 58
44 13
50 35
39 64
72 36
55 49
61 80
20 55
51 34
10 6
59 17
34 42
20 57
64 41
19 63
81 48
9 87
30 24
12 34
15 0
80 66
2 79
42 48
68 53
38 53
82 78
0 54
57 84
81 64
0 46
85 26
25 6
10 56
66 51
50 77
15 35
38 28
24 59
75 12
32 87
69 26
22 57
66 7
47 26
86 5
32 62
54 63
30 59
45 85
32 1
79 57
76 16
13 79
58 30
46 51
47 26
82 45
58 82
82 10
76 25
13 0
8 50
56 83
54 62
24 10
40 57
78 83
50 42
31 56
30 73
70 49
29 16
9 23
3 82
41 30
4 78
67 37
42 25
7 47
61 27
33 57
10 19
87 68
64 4
21 46
51 38
55 78
27 7
3 64
7 43
53 72
18 83
63 84
82 15
19 5
63 7
41 5
87 23
75 42
3 76
0 7
72 58
71 62
62 68
73 58
19 71
30 60
80 3
60 73
53 79
49 18
20 79
24 36
54 74
21 9
42 37
22 15
51 17
49 82
77 24
66 48
31 66
74 35
40 21
66 71
61 66
0 69
87 19
12 34
36 78
6 44
71 45
17 55
49 18
17 60
86 12
78 76
0 78
36 22
31 20
40 49
10 42
12 8
29 4
52 24
51 53
40 40
42 63
60 66
71 27
76 1
72 48
10 29
79 24
29 1
11 24
18 47
9 68
26 21
76 75
85 23
86 62
29 12
11 39
26 69
21 25
37 86
31 40
84 78
0 65
24 53
77 43
56 8
70 14
37 25
48 75
33 16
85 29
52 27
46 22
84 55
55 72
11 67
61 81
19 62
9 18
48 5
24 24
66 86
36 23
11 3
16 12
35 74
11 50
86 57
0 10
17 46
10 63
38 4
82 30
22 59
0 63
63 13
10 5
64 31
17 79
18 23
55 46
83 33
39 75
40 54
9 8
19 5
12 38
71 16
2 70
64 61
34 6
46 70
31 74
2 49
31 55
0 47
30 11
71 31
43 48
43 47
68 74
79 27
27 8
47 78
81 32
85 19
85 37
7 1
69 33
44 82
67 76
38 1
87 70
56 27
63 80
5 67
46 4
45 27
17 17
76 1
6 27
71 37
82 17
73 48
33 83
75 25
82 78
15 73
16 38
40 82
36 46
73 72
54 51
78 44
77 38
48 7
43 55
23 73
45 50
2 15
69 2
79 82
66 75
58 37
36 49
78 55
62 41
48 10
34 64
67 84
71 49
26 27
55 0
45 43
0 54
68 74
6 66
75 51
8 17
18 31
0 37
78 72
57 82
43 68
50 20
33 34
76 75
85 72
56 15
13 81
82 35
56 1
37 82
3 46
75 78
80 46
61 26
65 31
85 0
87 29
43 57
47 72
39 10
63 52
84 41
30 58
33 18
76 52
78 87
36 46
77 6
43 72
33 30
46 11
58 24
4 54
51 66
5 81
52 46
5 80
37 41
77 55
68 18
85 54
33 49
26 58
49 64
71 24
17 29