900
4499
0,
1,
2,
3,
4,
5,
6,
7,
8,
9,
10,
11,
12,
13,
14,
15,
16,
17,
18,
19,
20,
21,
22,
23,
24,
25,
26,
27,
28,
29,
30,
31,
32,
33,
34,
35,
36,
37,
38,
39,
40,
41,
42,
43,
44,
45,
46,
47,
48,
49,
50,
51,
52,
53,
54,
55,
56,
57,
58,
59,
60,
61,
62,
63,
64,
65,
66,
67,
68,
69,
70,
71,
72,
73,
74,
75,
76,
77,
78,
79,
80,
81,
82,
83,
84,
85,
86,
87,
88,
89,
90,
91,
92,
93,
94,
95,
96,
97,
98,
99,
100,
101,
102,
103,
104,
105,
106,
107,
108,
109,
110,
111,
112,
113,
114,
115,
116,
117,
118,
119,
120,
121,
122,
123,
124,
125,
126,
127,
128,
129,
130,
131,
132,
133,
134,
135,
136,
137,
138,
139,
140,
141,
142,
143,
144,
145,
146,
147,
148,
149,
150,
151,
152,
153,
154,
155,
156,
157,
158,
159,
160,
161,
162,
163,
164,
165,
166,
167,
168,
169,
170,
171,
172,
173,
174,
175,
176,
177,
178,
179,
180,
181,
182,
183,
184,
185,
186,
187,
188,
189,
190,
191,
192,
193,
194,
195,
196,
197,
198,
199,
200,
201,
202,
203,
204,
205,
206,
207,
208,
209,
210,
211,
212,
213,
214,
215,
216,
217,
218,
219,
220,
221,
222,
223,
224,
225,
226,
227,
228,
229,
230,
231,
232,
233,
234,
235,
236,
237,
238,
239,
240,
241,
242,
243,
244,
245,
246,
247,
248,
249,
250,
251,
252,
253,
254,
255,
256,
257,
258,
259,
260,
261,
262,
263,
264,
265,
266,
267,
268,
269,
270,
271,
272,
273,
274,
275,
276,
277,
278,
279,
280,
281,
282,
283,
284,
285,
286,
287,
288,
289,
290,
291,
292,
293,
294,
295,
296,
297,
298,
299,
300,
301,
302,
303,
304,
305,
306,
307,
308,
309,
310,
311,
312,
313,
314,
315,
316,
317,
318,
319,
320,
321,
322,
323,
324,
325,
326,
327,
328,
329,
330,
331,
332,
333,
334,
335,
336,
337,
338,
339,
340,
341,
342,
343,
344,
345,
346,
347,
348,
349,
350,
351,
352,
353,
354,
355,
356,
357,
358,
359,
360,
361,
362,
363,
364,
365,
366,
367,
368,
369,
370,
371,
372,
373,
374,
375,
376,
377,
378,
379,
380,
381,
382,
383,
384,
385,
386,
387,
388,
389,
390,
391,
392,
393,
394,
395,
396,
397,
398,
399,
400,
401,
402,
403,
404,
405,
406,
407,
408,
409,
410,
411,
412,
413,
414,
415,
416,
417,
418,
419,
420,
421,
422,
423,
424,
425,
426,
427,
428,
429,
430,
431,
432,
433,
434,
435,
436,
437,
438,
439,
440,
441,
442,
443,
444,
445,
446,
447,
448,
449,
450,
451,
452,
453,
454,
455,
456,
457,
458,
459,
460,
461,
462,
463,
464,
465,
466,
467,
468,
469,
470,
471,
472,
473,
474,
475,
476,
477,
478,
479,
480,
481,
482,
483,
484,
485,
486,
487,
488,
489,
490,
491,
492,
493,
494,
495,
496,
497,
498,
499,
500,
501,
502,
503,
504,
505,
506,
507,
508,
509,
510,
511,
512,
513,
514,
515,
516,
517,
518,
519,
520,
521,
522,
523,
524,
525,
526,
527,
528,
529,
530,
531,
532,
533,
534,
535,
536,
537,
538,
539,
540,
541,
542,
543,
544,
545,
546,
547,
548,
549,
550,
551,
552,
553,
554,
555,
556,
557,
558,
559,
560,
561,
562,
563,
564,
565,
566,
567,
568,
569,
570,
571,
572,
573,
574,
575,
576,
577,
578,
579,
580,
581,
582,
583,
584,
585,
586,
587,
588,
589,
590,
591,
592,
593,
594,
595,
596,
597,
598,
599,
600,
601,
602,
603,
604,
605,
606,
607,
608,
609,
610,
611,
612,
613,
614,
615,
616,
617,
618,
619,
620,
621,
622,
623,
624,
625,
626,
627,
628,
629,
630,
631,
632,
633,
634,
635,
636,
637,
638,
639,
640,
641,
642,
643,
644,
645,
646,
647,
648,
649,
650,
651,
652,
653,
654,
655,
656,
657,
658,
659,
660,
661,
662,
663,
664,
665,
666,
667,
668,
669,
670,
671,
672,
673,
674,
675,
676,
677,
678,
679,
680,
681,
682,
683,
684,
685,
686,
687,
688,
689,
690,
691,
692,
693,
694,
695,
696,
697,
698,
699,
700,
701,
702,
703,
704,
705,
706,
707,
708,
709,
710,
711,
712,
713,
714,
715,
716,
717,
718,
719,
720,
721,
722,
723,
724,
725,
726,
727,
728,
729,
730,
731,
732,
733,
734,
735,
736,
737,
738,
739,
740,
741,
742,
743,
744,
745,
746,
747,
748,
749,
750,
751,
752,
753,
754,
755,
756,
757,
758,
759,
760,
761,
762,
763,
764,
765,
766,
767,
768,
769,
770,
771,
772,
773,
774,
775,
776,
777,
778,
779,
780,
781,
782,
783,
784,
785,
786,
787,
788,
789,
790,
791,
792,
793,
794,
795,
796,
797,
798,
799,
800,
801,
802,
803,
804,
805,
806,
807,
808,
809,
810,
811,
812,
813,
814,
815,
816,
817,
818,
819,
820,
821,
822,
823,
824,
825,
826,
827,
828,
829,
830,
831,
832,
833,
834,
835,
836,
837,
838,
839,
840,
841,
842,
843,
844,
845,
846,
847,
848,
849,
850,
851,
852,
853,
854,
855,
856,
857,
858,
859,
860,
861,
862,
863,
864,
865,
866,
867,
868,
869,
870,
871,
872,
873,
874,
875,
876,
877,
878,
879,
880,
881,
882,
883,
884,
885,
886,
887,
888,
889,
890,
891,
892,
893,
894,
895,
896,
897,
898,
899
529 513
513 831
831 426
426 842
842 505
505 360
360 439
439 466
466 473
473 435
435 847
847 777
777 820
820 367
367 229
229 134
134 304
304 76
76 358
358 324
324 376
376 75
75 100
100 554
554 887
887 345
345 417
417 218
218 377
377 113
113 468
468 309
309 330
330 402
402 819
819 400
400 53
53 29
29 202
202 108
108 697
697 27
27 366
366 52
52 145
145 36
36 854
854 205
205 482
482 250
250 829
829 118
118 745
745 395
395 101
101 246
246 895
895 648
648 285
285 899
899 514
514 669
669 853
853 788
788 114
114 869
869 530
530 705
705 71
71 789
789 451
451 732
732 236
236 312
312 770
770 445
445 836
836 190
190 436
436 94
94 680
680 483
483 553
553 896
896 419
419 852
852 231
231 654
654 453
453 693
693 261
261 851
851 828
828 886
886 643
643 37
37 22
22 112
112 378
378 590
590 41
41 715
715 843
843 498
498 607
607 159
159 292
292 523
523 396
396 152
152 661
661 431
431 259
259 398
398 346
346 429
429 698
698 491
491 485
485 747
747 237
237 784
784 634
634 832
832 773
773 795
795 442
442 5
5 408
408 717
717 519
519 297
297 423
423 604
604 293
293 663
663 326
326 537
537 268
268 107
107 749
749 873
873 31
31 222
222 720
720 567
567 265
265 713
713 494
494 337
337 310
310 189
189 560
560 59
59 243
243 759
759 878
878 848
848 375
375 216
216 61
61 569
569 775
775 420
420 550
550 141
141 891
891 892
892 837
837 660
660 594
594 751
751 674
674 169
169 805
805 399
399 579
579 872
872 799
799 813
813 890
890 688
688 230
230 55
55 156
156 650
650 130
130 311
311 472
472 879
879 277
277 82
82 881
881 857
857 282
282 266
266 214
214 245
245 623
623 849
849 131
131 349
349 391
391 652
652 371
371 649
649 535
535 568
568 771
771 490
490 835
835 410
410 821
821 320
320 369
369 301
301 708
708 18
18 323
323 592
592 484
484 719
719 574
574 201
201 437
437 8
8 769
769 281
281 388
388 783
783 685
685 72
72 65
65 87
87 452
452 317
317 638
638 421
421 111
111 612
612 760
760 24
24 597
597 278
278 336
336 766
766 742
742 487
487 802
802 394
394 882
882 139
139 446
446 465
465 95
95 860
860 683
683 651
651 117
117 341
341 430
430 126
126 587
587 803
803 502
502 867
867 223
223 729
729 856
856 809
809 187
187 143
143 385
385 338
338 172
172 103
103 545
545 273
273 602
602 392
392 99
99 862
862 668
668 684
684 593
593 272
272 11
11 746
746 557
557 255
255 615
615 279
279 793
793 142
142 228
228 226
226 534
534 577
577 520
520 352
352 508
508 653
653 64
64 613
613 340
340 206
206 191
191 827
827 351
351 90
90 38
38 524
524 305
305 738
738 744
744 735
735 846
846 271
271 401
401 479
479 81
81 676
676 57
57 752
752 644
644 454
454 240
240 133
133 564
564 220
220 888
888 409
409 542
542 125
125 194
194 631
631 109
109 78
78 824
824 372
372 787
787 318
318 115
115 635
635 51
51 620
620 645
645 448
448 456
456 509
509 578
578 260
260 515
515 885
885 801
801 68
68 811
811 712
712 248
248 20
20 559
559 84
84 249
249 40
40 471
471 161
161 526
526 518
518 347
347 528
528 235
235 184
184 386
386 859
859 840
840 44
44 85
85 348
348 105
105 10
10 244
244 871
871 119
119 555
555 158
158 380
380 740
740 77
77 525
525 486
486 507
507 677
677 792
792 571
571 207
207 855
855 192
192 416
416 428
428 700
700 325
325 6
6 262
262 810
810 434
434 151
151 390
390 798
798 314
314 356
356 807
807 299
299 269
269 382
382 765
765 102
102 234
234 148
148 628
628 267
267 532
532 730
730 404
404 232
232 180
180 98
98 183
183 328
328 678
678 608
608 407
407 606
606 750
750 497
497 702
702 781
781 588
588 704
704 478
478 438
438 800
800 252
252 45
45 619
619 164
164 122
122 69
69 449
449 681
681 463
463 616
616 716
716 598
598 298
298 516
516 617
617 493
493 460
460 217
217 500
500 15
15 406
406 307
307 106
106 756
756 543
543 739
739 405
405 168
168 290
290 870
870 503
503 166
166 176
176 591
591 492
492 748
748 709
709 764
764 93
93 779
779 329
329 884
884 517
517 622
622 306
306 458
458 710
710 274
274 459
459 838
838 470
470 724
724 844
844 287
287 73
73 332
332 464
464 188
188 319
319 665
665 7
7 662
662 335
335 178
178 362
362 659
659 791
791 165
165 241
241 238
238 618
618 97
97 833
833 403
403 83
83 144
144 586
586 455
455 691
691 737
737 286
286 585
585 433
433 48
48 393
393 695
695 614
614 450
450 874
874 722
722 193
193 283
283 572
572 28
28 32
32 221
221 609
609 331
331 527
527 582
582 210
210 334
334 495
495 757
757 58
58 215
215 80
80 67
67 137
137 414
414 876
876 242
242 808
808 786
786 303
303 92
92 203
203 200
200 56
56 562
562 774
774 300
300 561
561 858
858 270
270 595
595 162
162 753
753 14
14 389
389 350
350 689
689 170
170 30
30 656
656 636
636 357
357 632
632 422
422 74
74 198
198 363
363 552
552 212
212 296
296 54
54 253
253 181
181 12
12 432
432 149
149 354
354 658
658 443
443 124
124 127
127 186
186 315
315 814
814 694
694 699
699 880
880 758
758 19
19 264
264 276
276 599
599 690
690 703
703 224
224 825
825 570
570 415
415 741
741 727
727 815
815 538
538 667
667 339
339 343
343 796
796 440
440 850
850 213
213 629
629 806
806 566
566 583
583 199
199 728
728 302
302 474
474 135
135 762
762 782
782 512
512 573
573 866
866 469
469 565
565 4
4 153
153 211
211 70
70 501
501 195
195 646
646 129
129 397
397 150
150 63
63 816
816 174
174 894
894 679
679 43
43 79
79 647
647 462
462 251
251 790
790 865
865 778
778 185
185 256
256 675
675 726
726 121
121 368
368 603
603 637
637 664
664 626
626 551
551 91
91 657
657 822
822 204
204 511
511 288
288 818
818 558
558 208
208 62
62 157
157 834
834 233
233 263
263 123
123 898
898 365
365 539
539 670
670 533
533 794
794 841
841 817
817 723
723 687
687 21
21 327
327 641
641 714
714 763
763 601
601 136
136 23
23 893
893 861
861 548
548 146
146 88
88 531
531 86
86 138
138 140
140 291
291 830
830 546
546 177
177 120
120 196
196 424
424 89
89 711
711 772
772 26
26 627
627 247
247 275
275 576
576 254
254 209
209 666
666 60
60 477
477 197
197 718
718 457
457 521
521 785
785 0
0 754
754 49
49 868
868 163
163 387
387 258
258 355
355 379
379 823
823 219
219 370
370 412
412 671
671 294
294 110
110 624
624 761
761 707
707 33
33 313
313 506
506 476
476 481
481 826
826 547
547 239
239 66
66 633
633 147
147 447
447 13
13 706
706 179
179 289
289 42
42 734
734 17
17 877
877 731
731 839
839 580
580 610
610 104
104 510
510 225
225 625
625 154
154 499
499 308
308 1
1 875
875 128
128 342
342 897
897 575
575 768
768 333
333 640
640 642
642 50
50 171
171 797
797 682
682 344
344 25
25 47
47 776
776 864
864 672
672 383
383 743
743 384
384 639
639 461
461 373
373 563
563 544
544 322
322 257
257 35
35 359
359 96
96 889
889 767
767 173
173 364
364 160
160 701
701 755
755 845
845 361
361 316
316 621
621 611
611 883
883 540
540 480
480 496
496 605
605 536
536 413
413 804
804 116
116 467
467 444
444 589
589 475
475 381
381 541
541 295
295 733
733 3
3 2
2 522
522 721
721 655
655 736
736 321
321 596
596 630
630 46
46 132
132 425
425 556
556 584
584 863
863 686
686 488
488 673
673 504
504 441
441 780
780 812
812 411
411 418
418 155
155 284
284 600
600 489
489 696
696 692
692 725
725 581
581 549
549 34
34 167
167 353
353 9
9 39
39 182
182 374
374 280
280 427
427 16
16 175
175 227
502 166
5 648
272 189
882 852
129 143
547 127
476 683
128 476
100 447
526 819
549 197
306 42
810 878
265 209
287 697
425 770
751 838
751 531
71 804
168 832
863 843
128 888
415 179
680 689
39 66
182 90
564 351
63 873
353 805
371 249
549 128
773 64
832 63
7 81
319 334
1 856
365 832
722 762
239 257
411 365
496 458
155 85
796 252
241 862
279 138
542 407
614 767
681 456
362 264
11 531
424 366
353 267
878 638
27 639
522 0
858 720
638 772
321 83
419 766
18 680
184 279
428 335
578 740
87 592
677 832
182 220
310 87
773 877
184 821
426 351
817 419
180 156
315 126
631 345
272 455
345 667
845 679
899 806
391 830
862 425
417 775
242 515
76 610
879 150
427 62
592 194
94 473
383 872
524 501
660 814
812 455
17 401
272 180
802 741
725 62
382 856
571 21
280 256
32 578
391 699
435 343
89 568
689 739
597 77
553 350
457 522
625 314
81 255
739 270
496 509
18 644
518 64
180 826
874 495
367 523
277 374
756 816
322 826
139 320
90 620
203 278
528 540
767 403
798 354
573 98
841 284
725 541
625 853
522 581
512 415
553 241
633 342
431 824
298 48
382 482
540 605
335 182
95 711
790 71
171 294
509 350
376 278
63 118
583 374
681 182
528 228
362 731
75 346
700 645
416 4
579 623
511 160
658 316
513 14
318 392
642 681
575 855
306 392
118 599
68 264
65 376
597 39
640 552
581 72
181 25
461 388
36 270
555 317
2 626
659 615
569 94
94 558
168 740
423 369
471 610
774 811
6 208
158 3
705 189
472 420
41 631
265 712
143 120
544 496
387 197
877 833
35 873
858 693
300 387
680 378
386 351
368 226
348 737
472 484
247 742
471 351
101 853
248 304
236 304
716 833
844 124
375 292
867 295
220 848
28 204
273 352
785 415
179 425
120 799
510 238
356 69
441 114
739 727
389 342
611 360
316 369
240 576
157 23
47 888
540 313
566 150
736 238
365 571
150 560
327 729
397 105
782 535
711 436
215 327
753 885
744 666
137 503
348 774
490 65
86 257
851 163
765 563
858 192
819 509
592 825
339 72
87 729
484 320
666 221
120 551
793 898
442 66
798 662
552 122
640 460
788 42
494 74
111 121
818 555
495 560
197 380
70 482
27 666
331 706
825 38
874 306
394 270
762 437
816 574
572 268
204 156
119 142
142 98
174 689
373 615
632 7
739 391
395 864
537 704
434 571
666 566
383 221
85 190
607 750
671 431
383 385
481 866
180 87
879 896
196 890
225 657
826 56
665 480
809 459
791 646
100 647
245 849
612 545
483 623
722 754
615 325
72 735
776 289
173 65
299 845
622 244
795 762
34 537
591 581
537 533
469 441
125 749
206 126
135 817
628 324
39 709
457 352
155 377
679 153
468 527
787 108
186 790
746 463
164 85
50 878
441 397
103 756
547 448
661 125
14 283
261 550
275 114
30 448
344 113
233 273
171 639
768 847
281 407
607 229
304 432
829 745
490 583
88 1
459 804
11 8
218 66
181 544
705 99
237 601
296 403
803 538
158 36
523 677
608 505
214 403
621 429
324 111
796 263
539 321
877 480
532 92
349 664
717 17
275 429
616 86
584 623
587 76
378 565
544 640
65 405
592 407
87 554
574 295
476 211
542 2
59 426
154 783
399 824
589 621
350 756
56 24
615 215
50 716
688 660
56 614
162 334
567 864
566 555
168 424
717 446
555 849
78 108
646 887
795 729
634 635
861 709
93 773
771 149
773 190
172 547
2 318
553 873
182 7
203 528
888 745
733 292
116 38
257 173
472 778
816 370
118 9
665 829
180 695
404 293
36 508
792 252
846 639
481 326
680 865
660 764
883 420
773 778
284 837
390 429
617 154
517 144
600 445
770 891
381 745
844 785
724 228
411 110
247 340
757 264
699 403
853 141
98 617
161 754
252 421
606 22
79 635
278 649
476 346
395 672
447 177
287 815
745 174
415 44
370 47
404 796
176 765
340 151
522 358
286 169
458 407
454 203
185 710
860 2
554 417
402 517
569 43
168 173
721 270
769 375
467 676
706 756
462 733
633 875
667 454
538 505
106 550
229 630
746 523
725 459
380 771
747 57
526 817
18 232
744 481
897 892
446 627
255 475
557 803
561 828
717 514
157 112
894 619
93 649
465 741
532 443
712 492
494 811
159 149
614 282
244 671
882 830
655 386
666 767
875 324
705 850
109 543
330 767
226 838
545 294
782 702
182 162
160 709
890 478
763 579
320 10
464 382
272 9
240 582
243 460
634 773
187 234
192 454
504 610
565 692
349 257
125 174
466 694
157 617
714 567
845 28
829 707
849 158
116 168
510 698
763 298
554 879
193 830
357 111
337 26
329 786
143 122
774 82
163 560
215 395
374 823
426 643
509 235
246 540
255 11
139 613
267 812
828 183
705 563
45 145
13 378
834 64
846 553
643 455
557 254
607 35
257 345
79 587
757 560
547 523
293 21
466 779
848 463
702 70
845 131
453 799
333 364
110 868
745 345
864 453
78 4
243 282
144 363
893 33
384 539
530 846
851 591
624 888
67 834
874 237
504 309
608 11
417 152
211 103
255 722
691 401
637 575
206 323
77 665
699 880
318 764
73 105
501 696
363 307
240 103
270 343
377 673
185 85
690 532
300 803
450 635
105 359
112 188
196 437
364 200
752 213
694 65
275 558
826 308
843 473
824 486
585 423
677 660
238 110
544 153
424 19
247 845
92 731
757 146
651 43
686 198
767 45
846 536
202 598
811 302
730 380
889 882
854 446
79 162
590 588
16 884
727 817
744 446
43 528
120 711
709 812
893 450
111 377
646 897
74 519
223 718
395 854
305 196
55 544
458 467
58 523
875 673
433 231
835 257
612 242
70 855
412 100
382 706
39 810
396 523
218 451
467 108
845 307
276 469
436 367
185 142
890 570
535 234
525 136
622 405
303 518
584 687
410 537
278 411
46 731
844 431
701 709
824 858
737 153
827 452
504 714
224 859
846 562
846 239
502 692
435 780
378 774
197 754
895 750
305 441
612 592
438 350
359 447
221 694
379 774
507 162
381 405
293 523
183 80
233 486
800 660
73 192
606 729
572 137
540 869
293 204
510 608
347 17
73 397
270 198
495 367
211 61
576 781
341 16
541 105
498 489
56 578
670 743
643 700
605 90
780 133
156 377
895 817
347 712
77 36
13 558
505 256
171 58
713 717
489 359
731 131
432 438
80 467
27 112
761 53
268 608
370 300
559 200
328 374
249 249
314 282
643 317
714 287
686 715
763 695
860 875
78 765
746 684
857 247
368 267
884 839
398 550
846 255
328 886
280 832
88 861
464 413
579 260
122 262
325 839
813 412
488 434
509 180
44 824
51 394
795 266
308 221
602 751
381 602
267 139
699 179
64 781
686 433
596 413
776 3
479 86
281 744
228 195
618 848
596 66
660 648
472 241
332 25
197 874
791 251
179 797
683 163
765 695
828 60
524 818
601 785
168 420
677 655
470 388
441 302
294 547
239 489
558 380
776 803
419 817
896 258
120 353
655 388
32 598
619 238
511 302
414 415
312 477
589 98
708 44
465 328
40 211
93 15
66 119
405 16
846 202
334 856
823 723
364 84
469 747
612 621
293 10
861 426
107 164
7 766
419 154
879 88
349 540
852 698
403 689
488 196
304 26
737 236
856 842
532 679
113 374
432 363
511 352
118 697
203 464
734 338
448 466
393 376
565 174
619 247
391 218
829 784
106 651
44 580
872 159
396 373
187 380
450 262
197 262
73 544
600 238
262 124
885 511
868 250
731 207
606 663
197 374
456 493
827 109
79 743
604 431
615 691
414 171
47 561
113 651
363 565
323 792
599 846
866 41
217 458
737 29
846 48
640 137
475 23
330 299
65 288
259 540
658 889
765 586
615 879
585 368
333 173
536 252
653 622
808 199
244 872
378 797
744 239
257 855
613 28
441 178
888 572
756 166
435 414
328 654
718 885
476 860
725 169
683 750
132 856
109 873
701 636
614 459
175 152
675 485
267 476
183 846
0 395
658 501
564 304
588 492
102 78
791 398
409 166
675 797
398 819
707 767
877 850
617 437
189 214
761 18
710 402
666 105
517 206
185 195
439 796
441 835
763 383
235 526
319 47
753 193
693 162
217 426
53 219
594 513
45 462
895 219
633 739
508 733
310 830
613 21
394 248
424 75
854 374
697 123
597 185
457 861
822 592
450 649
869 723
384 789
485 707
164 398
788 166
492 168
44 615
768 266
605 35
99 661
371 851
729 603
375 389
353 90
160 865
285 702
510 336
337 795
759 102
678 674
246 679
317 316
192 862
40 192
837 630
446 701
826 238
366 680
195 260
750 267
254 265
833 520
768 717
419 237
237 634
74 198
319 97
66 209
221 485
633 376
538 627
535 171
763 537
26 893
61 559
226 721
597 88
758 896
520 78
796 230
797 671
416 707
898 45
881 313
72 211
147 297
596 250
394 185
870 13
147 475
702 838
404 355
201 785
621 247
186 616
122 291
879 660
458 843
102 534
772 606
208 170
814 624
276 826
435 223
180 842
590 649
360 747
376 104
749 250
717 348
45 255
897 450
474 120
88 4
742 549
494 869
229 441
413 428
220 826
815 59
474 239
487 574
404 448
320 292
742 426
102 736
262 21
461 234
257 177
835 613
376 486
763 359
249 499
62 131
238 128
658 39
803 418
208 823
660 858
147 680
562 828
485 202
264 108
219 292
346 623
500 819
451 371
282 522
3 236
611 171
6 541
476 312
89 541
632 805
645 709
661 108
50 266
668 825
526 183
129 39
110 219
612 599
860 185
293 194
219 720
384 487
672 188
493 462
827 217
156 548
22 705
437 481
336 82
254 366
33 448
751 92
565 589
474 187
166 656
47 372
255 736
414 595
700 857
390 824
570 15
822 800
303 775
322 621
56 815
201 404
801 703
768 60
242 366
745 832
261 13
249 784
719 270
327 204
728 50
711 145
522 817
750 419
691 437
666 882
164 327
30 344
527 71
637 719
479 93
453 220
746 83
66 485
371 838
770 309
301 160
664 836
46 288
652 827
880 515
201 143
866 639
646 672
638 485
184 52
377 135
174 711
48 575
894 625
40 614
25 207
162 533
449 755
201 877
17 103
495 404
433 382
363 463
566 671
514 831
859 737
178 495
269 323
898 554
12 172
214 692
67 47
350 621
611 699
583 522
568 291
250 707
681 434
140 486
124 700
291 84
281 358
164 150
543 145
471 328
713 276
155 506
305 664
791 19
834 791
423 279
555 634
335 710
367 886
815 439
518 506
183 844
802 427
640 380
129 640
19 744
623 567
701 867
370 524
601 378
432 154
818 840
10 470
678 667
91 314
101 768
894 893
92 337
208 35
328 488
284 64
214 506
65 292
629 808
417 383
479 644
631 850
581 16
359 722
744 444
28 593
846 464
514 572
493 575
308 826
123 804
146 721
621 92
273 342
234 710
665 403
344 385
452 833
701 142
376 389
490 607
512 327
883 722
625 744
517 744
28 375
376 659
31 23
782 178
327 400
42 194
805 79
736 288
675 381
239 235
803 502
284 161
145 107
831 342
707 895
145 777
642 753
236 101
394 391
542 254
765 890
804 125
83 413
215 157
358 726
7 390
442 226
636 68
42 462
122 712
511 665
511 124
828 802
325 149
329 525
828 287
384 803
693 857
431 704
8 88
118 304
725 562
11 581
528 230
329 105
107 646
174 402
364 763
159 161
654 877
881 111
50 305
843 648
33 531
517 462
721 239
316 211
665 394
527 460
562 63
415 589
824 659
718 173
570 437
681 190
802 630
320 32
681 17
101 402
260 811
496 448
837 413
611 29
508 349
444 872
519 97
394 157
507 122
621 359
365 502
812 542
593 663
655 586
695 504
690 398
697 126
384 61
260 251
809 794
23 749
706 238
756 64
848 802
660 158
535 128
107 899
34 324
140 808
604 371
159 472
542 285
772 385
138 354
566 141
508 185
639 483
868 694
720 198
270 531
660 283
226 136
812 389
794 141
196 374
364 291
471 225
868 251
509 690
720 714
400 557
283 506
98 113
462 219
644 27
222 58
422 498
229 634
627 85
592 821
410 607
603 610
305 67
667 435
560 213
253 245
789 257
66 706
524 188
511 342
411 753
755 122
452 71
361 790
379 395
278 664
217 882
449 260
768 217
201 734
874 755
644 552
71 286
848 41
841 862
135 591
366 34
875 65
680 273
532 236
445 529
319 150
131 156
687 488
436 492
396 525
32 456
804 698
372 735
143 702
423 522
647 225
29 732
6 497
377 578
248 567
427 572
841 76
581 701
152 378
885 701
644 508
866 680
817 195
670 669
700 552
150 279
86 649
28 184
16 688
545 320
217 522
577 681
482 633
624 670
315 364
147 623
627 17
58 227
108 879
235 510
675 781
185 657
270 305
85 734
684 760
505 265
423 62
462 613
314 887
546 825
349 110
354 594
484 854
498 188
623 258
729 798
868 884
886 162
12 545
461 234
606 360
775 800
415 455
627 609
264 128
179 313
737 333
693 719
524 411
494 385
264 292
673 316
571 823
93 687
316 66
860 599
387 67
446 494
706 730
776 408
134 683
280 568
556 640
228 526
290 703
643 309
25 641
592 743
852 198
192 679
373 642
465 238
743 448
193 386
228 885
506 854
612 134
515 713
437 123
547 861
239 586
576 858
103 457
580 121
329 843
76 691
426 823
70 744
786 518
618 183
255 170
439 618
460 643
431 849
453 858
623 617
475 7
149 547
603 396
472 522
374 14
554 363
271 266
141 228
758 6
863 588
852 721
12 332
864 878
557 244
863 492
16 205
767 814
433 645
631 185
621 771
814 347
882 812
373 128
548 287
422 464
129 581
129 286
460 675
680 262
857 366
215 345
167 894
81 247
699 851
69 559
291 588
788 64
475 609
472 58
259 478
38 683
628 351
763 834
56 491
336 238
112 434
207 693
782 667
243 55
437 765
329 246
675 651
258 600
843 605
866 54
486 856
794 219
776 103
729 504
462 646
606 103
678 483
58 895
598 10
870 8
677 511
411 607
625 745
717 288
355 649
74 328
142 421
418 817
564 672
681 470
641 324
13 220
597 323
574 195
869 241
36 421
60 359
504 620
738 100
243 331
475 562
167 38
757 836
51 244
228 117
691 55
210 441
193 210
183 544
731 139
703 16
811 670
121 588
128 493
26 701
74 605
101 209
547 388
611 220
263 327
258 744
131 749
621 691
261 260
515 299
579 420
879 352
219 712
153 289
690 105
610 378
227 30
264 425
545 555
725 674
284 165
824 743
566 212
60 274
337 332
548 481
71 429
0 478
333 359
682 136
26 673
144 130
785 625
574 326
260 860
479 280
109 798
699 489
158 496
830 721
369 313
577 79
667 412
177 127
816 644
888 565
24 384
537 489
469 670
396 84
38 898
52 753
787 242
17 6
700 170
35 68
147 285
704 873
608 524
77 370
603 319
486 800
224 133
718 240
460 285
535 676
326 86
634 176
256 198
590 182
820 691
611 603
155 441
370 859
83 214
811 311
526 794
837 63
256 674
877 701
378 486
607 698
859 849
787 160
800 870
22 506
134 68
887 694
120 76
591 876
355 767
633 154
547 593
144 744
564 507
621 264
279 425
69 605
505 496
695 546
369 125
823 203
640 391
614 192
294 222
531 658
30 618
50 372
22 625
206 479
118 261
308 556
109 765
177 170
125 558
154 197
79 271
731 612
669 710
727 122
669 611
372 358
484 865
469 659
147 138
706 270
300 658
827 788
259 756
302 354
327 243
675 172
360 476
69 411
10 785
777 168
170 607
459 290
659 588
281 684
841 868
422 836
50 739
253 641
295 528
446 295
780 466
540 460
420 106
401 207
260 666
257 44
737 857
755 637
170 336
797 65
271 522
556 669
455 637
611 71
577 809
268 37
565 508
226 417
129 742
237 207
599 371
245 323
97 691
679 309
319 261
673 710
301 15
24 877
353 126
140 81
401 862
387 649
611 375
861 808
328 650
391 631
363 664
91 400
93 200
632 131
11 98
801 880
459 777
814 116
404 791
650 594
63 631
77 356
631 225
452 377
460 217
565 108
831 628
899 524
186 432
783 506
482 164
625 307
331 47
633 146
745 686
633 829
823 101
743 242
536 488
122 863
9 691
691 244
164 270
240 742
150 511
647 469
144 232
500 156
232 546
849 599
803 265
181 238
409 161
744 3
824 552
379 34
595 376
612 554
432 823
330 253
64 127
539 15
419 660
712 253
131 394
388 249
708 573
613 899
767 481
324 379
239 494
454 341
605 649
889 63
342 423
280 249
799 746
463 754
759 577
811 601
612 648
138 683
73 407
521 887
173 873
709 530
805 828
805 183
796 366
706 449
839 106
225 392
223 742
852 287
313 601
226 855
103 794
128 480
392 480
651 785
897 732
120 313
236 175
74 517
631 542
8 577
55 49
422 214
358 45
454 430
650 795
520 677
133 633
397 401
475 10
304 7
654 341
242 737
281 451
84 870
250 75
760 868
473 86
189 104
749 784
22 206
129 595
856 21
258 790
444 832
519 665
37 697
266 93
795 270
434 402
426 3
832 381
580 581
235 409
623 170
52 139
253 406
868 637
814 84
752 290
821 577
843 582
530 313
418 780
678 831
396 129
666 620
460 637
186 749
683 372
468 269
731 538
532 215
75 623
160 679
9 818
584 547
241 104
207 664
154 110
570 42
718 418
197 644
457 638
156 808
108 275
793 752
512 471
436 147
70 395
692 625
214 875
438 174
659 226
363 63
762 711
880 319
168 734
863 390
830 219
598 565
722 326
414 850
615 280
229 607
412 355
195 6
604 345
568 144
90 564
599 352
563 750
727 106
841 682
789 725
894 435
408 511
439 634
239 401
418 183
366 734
872 86
257 136
114 307
408 237
861 455
66 881
472 80
234 625
665 861
491 785
722 505
880 138
365 263
863 49
421 645
754 404
888 522
788 313
429 120
544 65
77 404
344 133
869 424
525 221
761 762
395 726
210 281
537 674
143 65
225 443
79 794
78 653
633 110
640 118
268 386
217 321
688 530
833 32
83 579
669 429
584 591
698 715
446 266
614 134
510 764
648 172
545 443
716 1
17 839
410 126
80 130
665 339
742 143
710 637
170 367
166 431
557 895
741 110
611 711
360 773
136 358
54 435
513 141
136 310
440 573
235 633
593 303
422 40
340 195
728 776
438 42
883 470
45 139
287 810
568 285
309 535
159 788
773 440
149 309
627 711
40 246
754 430
309 174
449 77
796 179
134 202
144 8
721 740
885 97
540 703
652 516
19 819
233 39
87 530
706 871
605 40
209 594
791 755
121 121
282 632
786 315
186 548
306 305
562 555
563 843
588 468
622 705
301 311
71 521
236 67
442 775
625 456
778 96
665 670
478 643
750 265
843 654
111 390
412 310
28 815
781 358
712 457
688 602
671 176
721 446
421 627
635 776
532 586
826 639
639 409
563 370
877 169
408 144
395 543
9 639
755 229
14 103
844 654
480 574
360 242
250 721
848 874
740 757
196 337
751 433
397 443
547 519
580 372
33 582
86 186
848 461
664 137
89 558
479 25
533 36
867 288
123 501
753 360
151 13
571 858
344 216
265 676
414 896
154 559
817 195
399 472
874 645
282 737
231 79
709 214
92 833
375 678
263 773
884 207
559 289
304 822
228 17
746 381
497 743
864 637
713 816
815 356
465 24
551 179
750 755
209 268
607 361
428 334
543 135
281 41
820 526
861 200
344 600
41 651
17 101
623 66
386 745
203 457
414 273
339 436
865 242
755 610
251 669
264 344
726 786
827 786
212 564
184 892
388 637
707 633
677 772
338 221
406 48
256 548
436 434
596 215
169 810
859 564
219 504
162 246
868 868
726 619
146 742
84 559
638 210
441 481
629 798
38 24
242 609
355 367
596 450
284 256
122 252
182 627
309 511
373 691
432 78
842 174
537 478
201 401
572 349
777 765
409 384
834 183
780 752
729 377
809 213
709 860
92 475
334 2
166 721
20 316
890 708
315 643
489 399
872 163
33 469
534 770
578 340
654 519
551 500
196 190
359 581
483 427
434 636
46 456
244 493
32 459
685 390
101 0
725 662
452 744
172 644
38 141
166 581
626 484
827 728
429 826
393 639
610 447
103 193
685 382
380 246
721 137
693 79
72 44
95 534
194 407
387 626
884 729
613 818
797 29
467 538
258 739
184 74
300 393
498 294
861 792
105 861
121 52
382 354
299 97
662 820
796 457
821 246
304 175
330 107
599 108
371 502
371 772
65 775
835 558
533 335
575 303
263 680
705 485
658 121
754 508
545 603
757 547
724 14
786 716
616 400
391 10
640 49
241 191
85 789
800 766
400 147
518 475
697 611
359 404
115 301
517 861
26 311
663 546
364 510
618 490
90 119
690 72
597 24
290 68
151 517
456 502
295 502
786 586
853 292
161 239
60 584
774 123
521 86
45 782
135 302
51 703
432 886
87 335
111 880
538 614
326 414
131 783
728 550
222 818
772 865
302 541
512 724
392 226
728 38
768 887
879 183
326 805
283 573
674 891
147 463
446 78
316 644
677 123
394 360
497 167
840 34
346 709
523 356
615 732
853 7
831 616
824 221
331 438
865 187
701 635
818 708
165 869
898 261
11 844
19 822
245 486
623 606
20 391
807 221
382 368
275 207
139 135
807 833
379 781
731 724
123 202
218 377
206 225
204 496
180 318
403 811
618 222
464 89
326 23
591 820
454 106
219 798
385 828
533 788
251 177
495 792
25 131
392 39
766 628
532 129
474 551
762 650
701 756
831 870
349 281
657 268
55 531
82 20
378 125
442 418
113 255
804 816
418 74
711 858
480 192
550 703
422 741
845 160
558 159
300 653
490 347
228 105
729 655
372 39
660 645
716 445
198 474
136 236
184 561
372 740
62 385
350 549
738 373
808 225
5 432
227 16
256 313
551 121
73 269
384 608
125 48
382 575
425 692
144 120
730 610
292 160
40 480
625 60
635 538
224 439
108 434
587 786
474 240
782 645
392 222
636 86
406 663
191 286
286 459
498 388
437 686
818 322
667 899
132 591
471 165
345 217
810 545
727 486
773 621
57 382
1 523
316 199
895 603
80 687
431 764
379 757
539 588
707 34
335 815
671 207
664 111
726 642
668 209
879 846
53 141
123 562
595 719
818 220
634 43
252 312
595 118
875 359
514 870
727 19
98 126
325 129
429 204
690 363
382 717
331 889
674 497
572 306
747 605
60 820
779 617
705 476
100 460
594 97
839 224
375 463
40 173
649 81
759 424
734 436
688 219
689 89
893 446
788 330
37 384
898 487
396 795
116 505
603 691
261 266
615 83
220 16
507 329
561 599
641 35
247 897
766 14
477 291
460 6
807 654
546 171
312 498
158 605
786 160
109 822
506 863
335 741
511 891
241 185
481 673
402 408
410 670
492 365
727 352
12 449
652 499
510 420
29 750
469 64
770 387
74 126
342 571
607 123
898 480
714 849
227 721
845 669
122 285
525 8
197 547
612 618
574 402
144 481
783 734
444 49
117 754
88 597
764 154
364 157
124 601
342 507
411 616
812 889
394 62
850 850
444 261
550 846
153 278
69 193
232 542
459 825
527 704
348 720
565 625
579 271
98 46
841 157
642 654
668 154
126 266
79 211
486 40
349 819
624 826
509 226
847 642
146 48
704 240
65 628
844 785
295 269
332 112
281 648
813 25
826 682
122 465
96 213
692 268
54 761
470 668
70 411
614 269
787 657
423 612
756 125
814 129
202 329
628 410
528 390
623 486
229 113
536 51
310 51
324 735
849 503
85 719
329 481
547 635
507 674
346 202
499 866
392 523
814 493
441 673
419 283
63 565
172 595
678 37
792 364
572 126
303 387
832 807
589 815
745 701
162 543
568 730
684 398
612 207
589 399
563 116
62 790
626 850
650 642
602 414
466 413
169 884
741 689
507 99
692 855
162 186
579 64
638 374
192 552
840 727
357 107
81 218
36 54
634 24
826 137
476 821
506 612
593 721
4 4
329 277
228 582
337 217
291 101
398 508
286 885
59 68
598 356
156 326
838 433
118 334
293 678
115 865
78 2
168 368
131 300
174 578
660 577
381 291
137 65
462 342
736 260
181 244
568 114
229 86
259 5
245 5
544 858
603 894
825 876
304 456
544 437
758 53
754 508
93 266
717 572
690 42
434 269
699 408
208 842
170 801
151 715
558 681
240 615
443 54
895 333
659 18
121 81
502 773
841 811
431 346
840 875
13 416
830 705
146 312
561 316
219 646
287 31
792 113
506 520
757 173
196 342
29 41
449 357
544 723
48 866
816 47
719 388
381 788
482 543
706 833
542 65
628 458
808 198
264 798
282 411
346 650
423 50
97 723
644 733
789 666
454 355
480 541
316 387
511 560
770 623
438 397
194 219
692 376
183 885
399 193
607 499
454 496
270 820
609 453
454 887
126 580
282 198
287 517
824 436
814 616
831 707
384 112
877 890
167 102
2 418
871 245
270 361
748 810
577 199
36 387
769 764
525 60
731 63
667 658
100 807
572 319
428 411
622 491
568 613
889 515
145 204
474 775
292 439
394 457
171 151
470 179
703 43
581 439
725 598
688 628
469 517
92 6
59 561
158 56
9 267
480 813
653 581
567 810
369 175
242 895
442 336
757 44
31 339
200 3
332 462
690 348
689 898
538 159
711 788
283 303
334 792
282 156
839 60
253 71
343 696
95 475
619 521
838 720
297 541
8 610
645 418
521 344
224 30
202 293
234 102
362 380
728 786
517 745
813 111
410 392
417 210
187 635
398 453
110 205
279 738
824 746
808 20
104 9
34 290
265 111
204 569
696 361
194 634
525 704
647 413
724 147
366 650
217 390
60 842
402 641
15 10
497 103
186 851
846 804
127 791
548 743
849 122
432 546
91 392
20 118
290 296
144 843
165 375
852 366
743 894
641 634
720 790
863 650
299 737
125 637
815 691
29 658
76 269
7 732
51 245
768 621
743 124
91 119
328 56
806 610
159 49
615 767
7 82
130 729
81 397
880 126
880 484
503 291
152 449
544 410
885 329
77 252
242 426
271 174
254 310
278 84
804 863
788 896
184 448
681 19
331 875
344 794
74 702
511 668
629 885
186 380
543 768
568 38
518 635
492 316
408 676
848 475
72 361
491 209
840 844
306 219
705 595
129 24
300 309
334 448
688 837
205 113
143 412
849 220
759 791
459 137
80 594
279 833
682 499
885 546
225 1
730 356
62 167
52 473
227 65
239 769
655 311
762 550
264 103
831 809
744 514
419 646
797 399
199 508
813 777
790 278
350 700
161 607
219 784
18 398
613 661
615 85
496 456
325 46
554 528
188 667
427 582
52 56
639 60
654 85
800 733
403 841
424 582
455 702
409 898
170 297
269 771
445 529
551 722
543 372
3 584
764 140
33 520
575 165
367 393
45 287
82 745
8 72
765 787
567 879
252 617
161 50
391 439
315 529
495 585
379 85
500 173
546 55
567 880
729 533
177 469
424 699
259 770
469 645
655 237
151 538
0 847
530 168
143 147
213 405
53 373
334 262
800 417
685 631
479 660
748 508
159 715
110 356
17 307
745 122
303 829
16 704
188 722
441 413
469 662
539 490
190 146
100 485
782 471
584 206
206 151
293 746
473 122
258 8
363 803
865 490
501 75
889 550
836 607
731 343
688 62
306 253
689 528
191 798
164 152
353 402
239 650
778 735
486 501
591 358
875 666
427 824
544 674
742 404
630 350
418 76
225 736
213 230
316 541
5 77
370 826
170 784
674 151
691 236
554 791
322 282
161 112
401 408
622 517
125 587
869 650
329 659
219 303
471 866
425 891
890 259
556 793
208 423
859 368
17 42
842 714
219 851
841 327
103 77
581 687
114 352
765 820
869 224
298 267
836 799
77 32
692 297
466 240
133 145
281 419
343 539
37 359
800 498
293 887
623 644
708 169
352 437
490 213
382 430
23 582
649 656
36 56
665 69
523 405
619 510
310 387
828 334
656 878
226 321
32 663
468 434
519 264
64 154
691 551
804 734
59 731
254 499
269 176
256 467
535 108
796 218
6 319
717 369
504 356
467 384
202 266
574 93
558 427
210 852
460 471
838 682
59 201
152 275
759 247
235 615
208 747
308 589
782 406
846 872
18 858
331 40
256 593
95 122
653 231
146 443
657 622
534 236
880 340
739 632
564 599
565 474
475 799
396 123
16 733
68 280
681 74
394 732
472 117
340 390
408 399
677 721
479 756
204 226
575 649
200 609
181 97
269 574
525 824
489 831
257 489
357 385
371 589
661 456
28 129
366 38
858 826
723 347
153 611
865 213
821 719
595 687
269 227
161 701
488 810
94 864
807 385
754 144
611 369
218 464
655 85
747 570
407 650
115 302
69 193
173 232
133 661
480 790
176 826
300 785
214 250
39 596
508 600
324 428
103 209
179 526
205 287
808 179
834 758
712 43
767 372
575 457
734 4
78 380
126 736
40 179
537 511
337 790
414 727
168 311
851 363
835 458
164 194
756 760
825 49
723 32
873 597
643 834
0 580
319 436
580 418
284 681
850 831
801 833
43 301
537 315
610 300
221 86
112 9
423 50
570 115
652 419
844 847
464 898
456 166
597 510
338 700
143 228
588 339
742 604
398 643
694 522
424 537
198 672
520 84
575 551
614 631
331 541
542 146
612 838
727 892
372 386
95 835
776 55
246 176
201 577
9 630
479 672
186 790
586 343
449 847
442 319
437 798
816 632
854 808
117 842
638 888
493 266
776 621
520 411
320 170
413 511
416 208
441 85
215 261
340 622
464 733
504 847
493 708
418 778
48 33
816 557
614 514
263 105
615 11
368 378
387 560
473 120
426 396
358 256
474 580
131 235
593 273
156 6
76 824
110 341
443 389
71 579
166 579
731 508
867 407
471 60
899 317
836 99
383 885
431 154
656 823
647 529
226 508
817 118
461 49
226 667
708 722
12 827
451 321
193 392
715 753
302 588
779 318
687 651
709 593
869 322
301 791
393 497
175 857
419 657
784 22
845 586
548 865
332 506
0 186
613 125
392 192
566 637
673 263
161 634
612 177
859 109
128 279
322 887
749 454
517 269
771 213
530 548
551 78
197 322
475 669
556 708
248 500
740 412
616 111
10 329
533 108
783 833
486 256
318 653
320 452
502 710
763 753
506 111
138 180
583 2
830 535
692 871
586 781
680 346
168 441
78 340
833 85
182 843
347 497
140 275
376 51
886 74
531 859
316 79
838 440
292 134
494 166
384 798
138 304
351 657
453 476
226 77
881 533
624 418
381 741
321 795
619 755
67 98
256 228
776 242
628 5
721 652
509 495
566 659
646 367
688 881
222 304
804 689
482 738
724 65
407 41
887 569
431 787
197 493
226 338
399 277
669 622
563 707
290 277
215 220
288 246
392 318
407 231
638 624
553 214
581 231
310 750
421 696
817 816
631 677
690 826
314 680
236 379
571 578
63 659
392 9
652 551
128 355
543 99
328 97
648 55
83 787
287 833
255 320
339 376
164 103
377 50
543 774
121 47
357 657
512 126
349 96
895 102
554 231
857 368
517 294
99 132
833 547
287 528
68 315
269 132
312 59
887 392
760 687
692 210
509 484
101 823
842 150
568 348
148 711
52 256
405 435
836 686
7 819
534 258
375 733
211 157
803 400
593 41
260 182
62 194
107 651
253 109
726 824
488 393
166 828
82 244
685 740
2 348
135 167
109 458
837 897
439 889
774 556
122 30
655 87
69 183
534 620
302 175
369 136
418 509
877 815
242 641
659 165
799 467
255 75
716 59
132 541
867 527
785 233
212 325
219 734
23 564
207 635
194 3
18 873
791 543
202 339
192 646
220 79
75 653
253 763
218 877
234 664
210 677
16 225
213 706
880 494
431 96
393 289
2 128
810 309
718 810
127 780
178 699
847 870
307 646
569 159
125 111
20 760
805 572
456 574
677 442
475 866
641 383
832 130
770 140
261 98
428 806
209 852
624 759
774 12
554 33
707 586
708 831
646 718
234 825
281 784
398 182
543 749
107 481
202 395
860 809
590 203
667 508
281 487
29 441
239 278
58 557
236 254
818 37
372 139
816 376
618 439
176 227
492 783
494 620