90
449
0,
1,
2,
3,
4,
5,
6,
7,
8,
9,
10,
11,
12,
13,
14,
15,
16,
17,
18,
19,
20,
21,
22,
23,
24,
25,
26,
27,
28,
29,
30,
31,
32,
33,
34,
35,
36,
37,
38,
39,
40,
41,
42,
43,
44,
45,
46,
47,
48,
49,
50,
51,
52,
53,
54,
55,
56,
57,
58,
59,
60,
61,
62,
63,
64,
65,
66,
67,
68,
69,
70,
71,
72,
73,
74,
75,
76,
77,
78,
79,
80,
81,
82,
83,
84,
85,
86,
87,
88,
89
42 80
80 24
24 53
53 71
71 89
89 39
39 3
3 76
76 2
2 41
41 16
16 59
59 62
62 82
82 37
37 8
8 0
0 73
73 66
66 5
5 36
36 4
4 57
57 77
77 46
46 31
31 40
40 65
65 27
27 64
64 25
25 67
67 78
78 63
63 50
50 23
23 85
85 49
49 75
75 20
20 74
74 51
51 38
38 32
32 88
88 7
7 10
10 60
60 19
19 35
35 79
79 72
72 21
21 87
87 56
56 28
28 30
30 1
1 9
9 14
14 68
68 55
55 33
33 45
45 48
48 61
61 26
26 52
52 13
13 18
18 11
11 84
84 44
44 15
15 6
6 29
29 58
58 34
34 83
83 47
47 81
81 17
17 70
70 43
43 69
69 86
86 22
22 54
54 12
57 69
68 74
85 25
1 69
20 6
8 81
54 38
17 26
15 81
64 88
16 78
28 65
37 29
77 78
4 78
1 12
66 86
3 77
46 19
48 70
27 84
45 59
33 78
17 32
2 28
41 16
52 72
35 63
80 23
88 27
88 53
66 26
84 9
26 12
4 39
51 47
10 88
49 66
1 1
22 66
80 17
40 62
65 48
12 10
83 32
3 3
25 43
43 63
86 56
36 58
20 24
55 68
3 0
50 5
54 19
38 20
21 5
52 2
2 49
83 86
75 70
22 88
29 40
7 36
47 12
23 69
26 48
26 42
9 63
4 58
67 67
63 19
65 82
28 87
57 88
65 61
59 25
19 0
45 40
23 9
51 64
14 27
82 80
10 4
36 80
31 29
19 56
80 67
5 49
67 47
65 45
34 10
60 45
81 63
27 26
47 79
4 37
56 1
33 24
15 17
42 54
85 54
67 4
10 39
30 41
59 23
78 31
45 88
28 57
43 16
72 9
76 13
9 44
23 18
5 45
21 34
89 22
20 50
57 27
40 31
69 41
63 34
36 75
71 26
43 34
40 43
41 35
0 88
37 63
78 73
56 73
17 73
58 10
39 20
36 71
27 84
33 66
66 68
45 63
30 5
39 54
59 50
47 29
61 45
64 71
47 6
73 53
23 36
83 57
1 71
86 14
11 76
3 38
1 34
24 42
82 44
88 31
69 86
81 32
65 76
4 3
56 6
55 53
13 14
58 57
19 60
80 13
54 63
66 28
86 7
79 63
65 64
10 8
41 71
32 64
61 37
34 86
57 2
8 85
46 83
89 46
65 2
42 54
83 56
33 50
19 20
17 56
80 6
18 65
73 62
36 65
81 38
30 55
10 8
61 83
57 7
88 24
27 37
11 25
39 27
54 23
29 68
38 8
37 66
26 33
86 59
9 67
34 10
58 81
78 64
63 47
19 3
77 5
55 68
31 31
39 75
1 37
26 65
42 53
4 88
64 47
76 28
28 56
27 18
71 79
86 51
65 4
42 25
85 35
86 46
33 33
23 6
71 76
19 29
36 4
15 47
15 70
72 6
16 12
24 11
77 9
0 21
4 25
30 17
36 77
21 70
14 33
18 81
41 85
17 88
69 62
53 24
71 24
74 38
14 81
43 85
35 5
63 42
12 72
83 67
42 23
6 2
10 86
62 36
10 10
53 42
25 61
61 61
70 61
10 45
0 36
53 15
56 87
32 15
46 67
69 30
22 65
82 5
46 38
24 3
6 77
89 38
67 73
67 45
56 9
75 77
38 28
86 4
67 32
19 8
79 4
26 55
31 76
10 17
64 39
68 83
71 22
17 81
71 87
33 30
82 33
89 31
73 8
69 15
37 29
31 41
23 78
38 59
22 11
55 57
13 9
84 18
51 76
75 64
88 49
84 5
72 40
8 49
81 59
29 45
14 6
22 67
22 81
86 20
27 75
35 86
35 42
68 76
57 41
53 77
11 63
43 55
44 66
76 79
50 74
36 22
72 81
61 16
62 16
49 11
68 21
16 7
29 7
71 62
20 49
45 31
76 86
58 6
87 73
63 26
73 70
76 2
18 24
81 60
74 26
59 64
44 13
4 49
10 80
13 31