910
4549
0,
1,
2,
3,
4,
5,
6,
7,
8,
9,
10,
11,
12,
13,
14,
15,
16,
17,
18,
19,
20,
21,
22,
23,
24,
25,
26,
27,
28,
29,
30,
31,
32,
33,
34,
35,
36,
37,
38,
39,
40,
41,
42,
43,
44,
45,
46,
47,
48,
49,
50,
51,
52,
53,
54,
55,
56,
57,
58,
59,
60,
61,
62,
63,
64,
65,
66,
67,
68,
69,
70,
71,
72,
73,
74,
75,
76,
77,
78,
79,
80,
81,
82,
83,
84,
85,
86,
87,
88,
89,
90,
91,
92,
93,
94,
95,
96,
97,
98,
99,
100,
101,
102,
103,
104,
105,
106,
107,
108,
109,
110,
111,
112,
113,
114,
115,
116,
117,
118,
119,
120,
121,
122,
123,
124,
125,
126,
127,
128,
129,
130,
131,
132,
133,
134,
135,
136,
137,
138,
139,
140,
141,
142,
143,
144,
145,
146,
147,
148,
149,
150,
151,
152,
153,
154,
155,
156,
157,
158,
159,
160,
161,
162,
163,
164,
165,
166,
167,
168,
169,
170,
171,
172,
173,
174,
175,
176,
177,
178,
179,
180,
181,
182,
183,
184,
185,
186,
187,
188,
189,
190,
191,
192,
193,
194,
195,
196,
197,
198,
199,
200,
201,
202,
203,
204,
205,
206,
207,
208,
209,
210,
211,
212,
213,
214,
215,
216,
217,
218,
219,
220,
221,
222,
223,
224,
225,
226,
227,
228,
229,
230,
231,
232,
233,
234,
235,
236,
237,
238,
239,
240,
241,
242,
243,
244,
245,
246,
247,
248,
249,
250,
251,
252,
253,
254,
255,
256,
257,
258,
259,
260,
261,
262,
263,
264,
265,
266,
267,
268,
269,
270,
271,
272,
273,
274,
275,
276,
277,
278,
279,
280,
281,
282,
283,
284,
285,
286,
287,
288,
289,
290,
291,
292,
293,
294,
295,
296,
297,
298,
299,
300,
301,
302,
303,
304,
305,
306,
307,
308,
309,
310,
311,
312,
313,
314,
315,
316,
317,
318,
319,
320,
321,
322,
323,
324,
325,
326,
327,
328,
329,
330,
331,
332,
333,
334,
335,
336,
337,
338,
339,
340,
341,
342,
343,
344,
345,
346,
347,
348,
349,
350,
351,
352,
353,
354,
355,
356,
357,
358,
359,
360,
361,
362,
363,
364,
365,
366,
367,
368,
369,
370,
371,
372,
373,
374,
375,
376,
377,
378,
379,
380,
381,
382,
383,
384,
385,
386,
387,
388,
389,
390,
391,
392,
393,
394,
395,
396,
397,
398,
399,
400,
401,
402,
403,
404,
405,
406,
407,
408,
409,
410,
411,
412,
413,
414,
415,
416,
417,
418,
419,
420,
421,
422,
423,
424,
425,
426,
427,
428,
429,
430,
431,
432,
433,
434,
435,
436,
437,
438,
439,
440,
441,
442,
443,
444,
445,
446,
447,
448,
449,
450,
451,
452,
453,
454,
455,
456,
457,
458,
459,
460,
461,
462,
463,
464,
465,
466,
467,
468,
469,
470,
471,
472,
473,
474,
475,
476,
477,
478,
479,
480,
481,
482,
483,
484,
485,
486,
487,
488,
489,
490,
491,
492,
493,
494,
495,
496,
497,
498,
499,
500,
501,
502,
503,
504,
505,
506,
507,
508,
509,
510,
511,
512,
513,
514,
515,
516,
517,
518,
519,
520,
521,
522,
523,
524,
525,
526,
527,
528,
529,
530,
531,
532,
533,
534,
535,
536,
537,
538,
539,
540,
541,
542,
543,
544,
545,
546,
547,
548,
549,
550,
551,
552,
553,
554,
555,
556,
557,
558,
559,
560,
561,
562,
563,
564,
565,
566,
567,
568,
569,
570,
571,
572,
573,
574,
575,
576,
577,
578,
579,
580,
581,
582,
583,
584,
585,
586,
587,
588,
589,
590,
591,
592,
593,
594,
595,
596,
597,
598,
599,
600,
601,
602,
603,
604,
605,
606,
607,
608,
609,
610,
611,
612,
613,
614,
615,
616,
617,
618,
619,
620,
621,
622,
623,
624,
625,
626,
627,
628,
629,
630,
631,
632,
633,
634,
635,
636,
637,
638,
639,
640,
641,
642,
643,
644,
645,
646,
647,
648,
649,
650,
651,
652,
653,
654,
655,
656,
657,
658,
659,
660,
661,
662,
663,
664,
665,
666,
667,
668,
669,
670,
671,
672,
673,
674,
675,
676,
677,
678,
679,
680,
681,
682,
683,
684,
685,
686,
687,
688,
689,
690,
691,
692,
693,
694,
695,
696,
697,
698,
699,
700,
701,
702,
703,
704,
705,
706,
707,
708,
709,
710,
711,
712,
713,
714,
715,
716,
717,
718,
719,
720,
721,
722,
723,
724,
725,
726,
727,
728,
729,
730,
731,
732,
733,
734,
735,
736,
737,
738,
739,
740,
741,
742,
743,
744,
745,
746,
747,
748,
749,
750,
751,
752,
753,
754,
755,
756,
757,
758,
759,
760,
761,
762,
763,
764,
765,
766,
767,
768,
769,
770,
771,
772,
773,
774,
775,
776,
777,
778,
779,
780,
781,
782,
783,
784,
785,
786,
787,
788,
789,
790,
791,
792,
793,
794,
795,
796,
797,
798,
799,
800,
801,
802,
803,
804,
805,
806,
807,
808,
809,
810,
811,
812,
813,
814,
815,
816,
817,
818,
819,
820,
821,
822,
823,
824,
825,
826,
827,
828,
829,
830,
831,
832,
833,
834,
835,
836,
837,
838,
839,
840,
841,
842,
843,
844,
845,
846,
847,
848,
849,
850,
851,
852,
853,
854,
855,
856,
857,
858,
859,
860,
861,
862,
863,
864,
865,
866,
867,
868,
869,
870,
871,
872,
873,
874,
875,
876,
877,
878,
879,
880,
881,
882,
883,
884,
885,
886,
887,
888,
889,
890,
891,
892,
893,
894,
895,
896,
897,
898,
899,
900,
901,
902,
903,
904,
905,
906,
907,
908,
909
286 805
805 128
128 117
117 492
492 712
712 592
592 555
555 754
754 726
726 143
143 867
867 50
50 787
787 814
814 660
660 149
149 210
210 645
645 597
597 107
107 229
229 861
861 425
425 154
154 627
627 79
79 736
736 639
639 463
463 270
270 312
312 221
221 786
786 753
753 601
601 35
35 654
654 788
788 638
638 562
562 758
758 365
365 396
396 406
406 152
152 554
554 744
744 216
216 535
535 10
10 457
457 569
569 556
556 876
876 607
607 767
767 388
388 688
688 97
97 587
587 899
899 707
707 249
249 782
782 8
8 596
596 816
816 825
825 309
309 494
494 340
340 15
15 73
73 37
37 282
282 318
318 530
530 166
166 17
17 401
401 632
632 608
608 92
92 348
348 262
262 395
395 552
552 439
439 522
522 279
279 768
768 500
500 175
175 367
367 100
100 258
258 13
13 685
685 537
537 828
828 25
25 842
842 747
747 360
360 789
789 421
421 859
859 490
490 661
661 12
12 743
743 281
281 611
611 879
879 361
361 295
295 570
570 278
278 583
583 470
470 59
59 377
377 304
304 791
791 299
299 644
644 907
907 115
115 599
599 602
602 729
729 566
566 78
78 245
245 517
517 198
198 464
464 224
224 418
418 869
869 817
817 440
440 827
827 578
578 605
605 533
533 898
898 9
9 187
187 847
847 822
822 220
220 714
714 619
619 322
322 656
656 550
550 248
248 532
532 237
237 38
38 498
498 510
510 272
272 24
24 453
453 252
252 590
590 132
132 563
563 189
189 86
86 413
413 806
806 572
572 54
54 450
450 288
288 558
558 850
850 87
87 844
844 334
334 136
136 531
531 180
180 780
780 691
691 99
99 519
519 246
246 157
157 823
823 704
704 74
74 671
671 624
624 829
829 378
378 891
891 740
740 695
695 183
183 476
476 798
798 538
538 121
121 824
824 81
81 888
888 542
542 170
170 648
648 300
300 790
790 247
247 598
598 96
96 742
742 459
459 442
442 775
775 217
217 5
5 160
160 333
333 469
469 540
540 230
230 387
387 266
266 493
493 689
689 409
409 231
231 854
854 881
881 749
749 171
171 427
427 204
204 485
485 763
763 22
22 400
400 483
483 239
239 669
669 200
200 865
865 58
58 32
32 261
261 359
359 741
741 518
518 467
467 770
770 857
857 328
328 622
622 468
468 698
698 43
43 28
28 380
380 593
593 90
90 473
473 523
523 222
222 36
36 253
253 182
182 438
438 139
139 652
652 164
164 665
665 194
194 617
617 310
310 420
420 502
502 105
105 188
188 546
546 158
158 316
316 539
539 702
702 809
809 70
70 640
640 623
623 703
703 606
606 358
358 808
808 668
668 63
63 818
818 342
342 902
902 620
620 762
762 126
126 238
238 883
883 341
341 837
837 811
811 514
514 836
836 508
508 745
745 144
144 40
40 177
177 306
306 721
721 392
392 846
846 683
683 178
178 873
873 496
496 801
801 84
84 653
653 889
889 350
350 186
186 46
46 362
362 897
897 480
480 727
727 116
116 499
499 346
346 344
344 405
405 826
826 196
196 415
415 777
777 169
169 112
112 890
890 776
776 544
544 738
738 559
559 488
488 666
666 838
838 29
29 419
419 461
461 600
600 880
880 896
896 679
679 110
110 61
61 761
761 113
113 411
411 375
375 585
585 584
584 385
385 123
123 841
841 384
384 91
91 403
403 663
663 271
271 14
14 649
649 697
697 398
398 291
291 353
353 257
257 127
127 147
147 903
903 547
547 67
67 772
772 263
263 647
647 197
197 303
303 571
571 724
724 382
382 769
769 577
577 4
4 748
748 206
206 728
728 849
849 478
478 131
131 371
371 414
414 430
430 509
509 423
423 109
109 466
466 19
19 307
307 803
803 42
42 376
376 821
821 672
672 275
275 676
676 308
308 264
264 641
641 292
292 57
57 141
141 101
101 783
783 64
64 296
296 102
102 715
715 30
30 479
479 161
161 259
259 83
83 192
192 774
774 172
172 629
629 874
874 765
765 491
491 529
529 591
591 501
501 163
163 232
232 674
674 771
771 351
351 894
894 151
151 673
673 321
321 573
573 7
7 489
489 53
53 379
379 368
368 710
710 504
504 723
723 114
114 315
315 283
283 404
404 757
757 626
626 391
391 429
429 88
88 866
866 319
319 27
27 436
436 454
454 215
215 460
460 725
725 80
80 773
773 525
525 41
41 103
103 98
98 588
588 614
614 370
370 383
383 148
148 505
505 884
884 223
223 95
95 48
48 516
516 207
207 434
434 195
195 280
280 255
255 240
240 364
364 324
324 734
734 553
553 168
168 71
71 330
330 795
795 329
329 690
690 851
851 390
390 684
684 212
212 804
804 618
618 243
243 886
886 557
557 631
631 332
332 507
507 840
840 877
877 579
579 709
709 495
495 381
381 298
298 565
565 297
297 882
882 373
373 290
290 267
267 843
843 609
609 219
219 201
201 93
93 766
766 895
895 909
909 784
784 831
831 634
634 658
658 244
244 564
564 482
482 444
444 732
732 503
503 613
613 832
832 797
797 575
575 156
156 21
21 800
800 885
885 357
357 730
730 796
796 543
543 3
3 568
568 722
722 205
205 208
208 422
422 331
331 812
812 615
615 700
700 878
878 417
417 901
901 576
576 785
785 176
176 273
273 129
129 338
338 905
905 561
561 486
486 16
16 323
323 892
892 347
347 764
764 354
354 285
285 393
393 864
864 159
159 716
716 294
294 481
481 799
799 835
835 76
76 862
862 431
431 287
287 211
211 793
793 752
752 241
241 512
512 706
706 693
693 72
72 465
465 356
356 719
719 23
23 833
833 560
560 227
227 443
443 906
906 250
250 213
213 18
18 852
852 513
513 779
779 402
402 119
119 62
62 900
900 536
536 471
471 416
416 687
687 830
830 630
630 813
813 819
819 34
34 314
314 235
235 462
462 863
863 526
526 173
173 190
190 686
686 191
191 678
678 675
675 858
858 274
274 397
397 301
301 268
268 265
265 311
311 433
433 853
853 475
475 55
55 336
336 94
94 904
904 735
735 337
337 534
534 374
374 389
389 6
6 174
174 317
317 657
657 756
756 108
108 778
778 1
1 603
603 807
807 567
567 167
167 125
125 66
66 56
56 637
637 893
893 751
751 133
133 146
146 251
251 269
269 256
256 284
284 650
650 739
739 447
447 352
352 677
677 845
845 474
474 750
750 682
682 528
528 277
277 33
33 705
705 134
134 839
839 435
435 428
428 165
165 612
612 635
635 424
424 694
694 524
524 11
11 868
868 254
254 228
228 680
680 699
699 484
484 426
426 276
276 343
343 0
0 755
755 667
667 717
717 733
733 802
802 452
452 242
242 236
236 47
47 193
193 545
545 122
122 662
662 887
887 737
737 327
327 871
871 441
441 20
20 111
111 448
448 621
621 792
792 293
293 140
140 184
184 455
455 551
551 746
746 225
225 130
130 2
2 289
289 636
636 581
581 651
651 150
150 138
138 82
82 45
45 521
521 260
260 659
659 52
52 77
77 51
51 872
872 610
610 527
527 497
497 89
89 692
692 646
646 731
731 106
106 908
908 366
366 445
445 325
325 616
616 386
386 595
595 345
345 372
372 794
794 142
142 506
506 848
848 472
472 302
302 313
313 511
511 820
820 456
456 214
214 153
153 339
339 162
162 305
305 179
179 39
39 412
412 549
549 713
713 515
515 26
26 781
781 810
810 664
664 681
681 604
604 185
185 349
349 870
870 31
31 759
759 760
760 234
234 589
589 181
181 711
711 477
477 548
548 856
856 369
369 432
432 118
118 120
120 408
408 326
326 633
633 541
541 135
135 670
670 104
104 625
625 44
44 199
199 355
355 226
226 75
75 65
65 49
49 218
218 203
203 582
582 449
449 437
437 69
69 209
209 860
860 137
137 643
643 399
399 202
202 320
320 855
855 580
580 696
696 708
708 363
363 394
394 834
834 446
446 155
155 701
701 815
815 720
720 124
124 875
875 410
410 68
68 594
594 655
655 586
586 458
458 520
520 718
718 628
628 451
451 487
487 233
233 335
335 407
407 574
574 85
85 642
642 145
145 60
296 425
388 664
669 417
147 426
484 884
705 63
256 150
528 407
256 731
38 844
549 889
691 392
743 105
649 466
209 76
562 567
356 352
739 326
553 104
142 589
275 197
445 188
256 558
218 40
19 376
49 797
567 797
136 499
787 526
880 207
532 843
709 707
555 531
633 251
766 148
818 778
73 635
92 56
153 490
606 177
202 255
585 93
702 647
858 651
429 314
796 255
587 660
620 673
868 106
559 644
493 339
388 714
307 828
816 67
396 151
757 325
471 237
107 82
505 807
641 219
404 387
154 319
91 295
681 420
309 99
192 852
679 148
510 335
42 594
311 670
13 198
102 886
52 674
265 585
712 435
684 360
668 3
382 364
140 797
618 580
16 372
821 518
54 457
487 615
657 339
15 441
592 791
659 634
852 476
1 213
169 882
785 705
286 826
484 578
411 859
92 577
458 660
855 773
11 837
714 662
60 402
408 879
741 144
586 6
706 519
716 740
10 639
420 834
281 466
632 107
148 616
318 195
501 173
295 476
148 127
614 144
228 508
363 623
408 60
83 537
629 91
272 207
838 12
380 581
105 510
224 812
145 767
777 60
418 421
124 78
121 482
846 880
444 781
793 194
77 581
17 574
453 606
563 413
588 517
766 805
186 450
795 741
222 76
574 592
204 254
573 2
213 709
152 139
246 574
416 306
18 905
907 123
401 17
13 389
4 300
230 736
604 51
461 255
400 236
233 282
302 837
150 880
727 754
172 180
114 266
36 262
548 729
98 506
396 227
546 402
202 174
169 121
396 701
94 622
673 505
380 222
394 311
277 688
329 746
363 204
879 409
330 103
788 537
141 451
661 51
744 121
668 164
661 793
557 827
850 315
598 118
512 41
651 238
322 548
663 400
175 358
675 785
858 402
116 629
590 592
566 182
82 740
464 804
274 425
787 82
51 890
36 310
299 238
648 355
358 450
686 590
817 534
199 532
118 74
167 20
610 724
130 453
494 905
318 146
420 666
497 588
64 390
82 612
750 903
681 573
66 140
104 93
155 1
353 844
468 501
532 878
535 850
409 555
574 890
898 83
148 590
682 730
270 545
508 700
152 680
178 815
811 466
109 650
194 559
71 304
651 767
85 22
694 708
191 228
295 576
104 636
419 496
372 419
743 808
93 595
4 875
458 895
628 761
316 733
224 874
285 473
562 664
44 262
518 627
276 385
782 398
259 786
479 466
610 273
35 480
310 858
554 741
328 766
200 592
838 69
382 67
803 528
200 387
217 343
667 214
572 823
547 794
315 266
202 256
352 718
750 50
589 289
876 339
139 604
819 701
114 309
316 707
295 440
697 516
269 623
667 537
675 542
85 703
542 644
877 172
499 756
801 273
107 36
635 138
399 716
906 222
157 209
765 214
246 885
527 223
891 199
141 272
231 408
477 766
118 676
142 47
27 606
296 366
193 408
156 648
634 253
178 83
518 184
33 277
861 216
111 823
674 371
39 643
309 132
48 727
354 191
346 573
570 435
266 816
162 77
828 432
601 870
606 890
86 853
708 575
422 261
160 165
457 678
527 865
805 426
712 580
126 53
746 730
505 285
453 814
479 267
390 165
107 624
326 679
64 676
363 746
731 6
723 752
678 536
224 109
501 783
293 769
205 175
437 223
361 849
502 727
512 74
91 278
634 157
243 433
336 610
115 178
625 882
719 463
381 890
503 36
197 155
827 560
404 534
720 49
397 338
55 196
676 586
274 144
147 547
489 255
820 577
238 69
412 299
883 865
199 154
699 779
788 885
128 563
626 337
202 542
540 500
781 287
617 367
492 107
44 710
62 858
747 247
61 263
635 96
393 82
262 184
153 211
546 852
855 816
859 169
673 305
767 899
776 229
206 66
891 161
146 652
155 435
26 567
741 750
579 118
249 834
823 61
81 234
865 902
364 215
670 167
573 636
262 584
508 742
239 226
580 644
506 881
659 116
69 484
326 678
679 8
759 339
472 328
544 457
324 347
277 60
819 292
551 242
124 112
331 52
334 515
222 67
741 31
426 139
26 897
700 548
695 103
609 523
127 472
835 640
799 678
484 477
505 690
587 369
783 723
573 70
531 733
742 493
331 713
274 544
112 594
39 495
293 497
413 118
331 659
461 592
145 740
601 373
157 549
215 324
112 168
867 385
510 472
361 185
185 774
100 859
449 230
146 332
389 380
778 435
405 329
567 99
270 604
367 734
663 601
353 254
799 238
438 677
833 305
785 385
379 766
60 685
760 186
38 367
376 772
121 475
817 740
291 829
383 732
279 356
717 259
36 12
369 41
47 189
782 269
118 87
476 848
160 155
99 466
376 375
632 804
184 250
55 424
317 180
445 196
809 191
604 383
452 589
547 702
49 685
880 477
67 218
902 701
766 421
322 395
133 218
291 309
393 800
41 56
516 22
269 527
269 667
493 722
742 858
334 386
126 119
552 843
119 641
803 115
68 463
19 842
81 528
117 568
166 774
752 842
151 137
541 586
887 285
184 412
89 494
482 34
571 454
454 54
315 502
648 90
404 877
510 197
47 846
695 117
196 749
357 549
880 87
869 712
447 517
49 576
691 552
514 870
340 750
208 78
561 536
506 185
294 772
475 144
545 369
707 768
172 463
615 329
574 451
214 315
237 395
29 839
321 207
583 79
1 625
275 47
838 522
243 805
345 533
639 414
656 216
878 887
252 286
193 760
187 145
504 895
397 816
19 767
771 156
504 902
704 527
335 8
140 83
128 290
203 586
522 455
590 186
524 428
877 355
151 105
489 495
274 176
272 873
769 113
185 77
650 163
873 746
326 803
609 888
88 480
9 402
702 416
57 390
41 542
498 478
487 748
634 215
536 144
434 752
617 94
854 392
820 297
626 564
310 857
351 313
605 485
3 7
380 741
334 613
37 477
207 695
47 246
8 44
248 221
363 368
419 182
482 32
471 524
703 837
679 757
835 323
367 345
89 103
481 263
662 398
779 392
204 408
779 200
876 606
528 244
518 809
138 482
102 6
764 483
205 729
815 301
727 856
409 546
309 83
482 585
274 472
244 507
811 539
119 478
250 829
170 757
720 359
770 655
23 210
813 364
697 622
265 634
262 517
148 290
518 875
758 539
202 881
799 740
786 338
529 767
16 431
825 521
526 753
421 344
491 37
513 645
716 675
537 499
744 249
431 840
300 468
52 255
63 3
538 346
40 664
834 810
232 796
785 69
736 860
391 77
439 871
402 412
630 133
59 380
380 909
462 873
724 82
335 806
431 150
112 615
176 677
534 253
903 182
856 535
588 149
119 341
414 737
457 217
30 905
595 230
617 337
812 614
76 81
534 198
702 229
536 735
792 765
740 145
275 762
498 258
140 474
194 722
23 746
168 872
460 488
179 64
650 230
518 552
830 354
57 749
872 82
419 111
427 359
360 484
183 579
806 195
773 358
546 455
198 793
671 365
7 558
774 178
597 801
529 229
20 712
341 0
790 177
835 216
493 97
39 674
347 19
58 586
563 885
819 234
116 317
747 132
232 306
23 403
804 326
612 44
727 596
831 265
420 223
388 554
428 537
481 899
439 85
888 577
529 875
386 765
167 634
253 263
171 53
803 479
226 888
401 40
11 602
819 413
507 867
566 475
565 657
174 369
82 881
72 156
703 899
238 67
200 146
543 311
57 564
518 259
162 533
780 432
522 295
678 235
246 109
379 826
30 324
780 145
43 169
391 260
100 732
446 831
229 589
200 517
647 733
730 258
324 843
690 606
182 869
177 762
386 639
717 308
854 29
767 131
94 286
305 846
620 165
642 875
811 507
331 578
679 690
809 200
504 906
66 373
778 431
490 612
461 891
902 726
313 143
767 101
716 139
698 358
697 335
226 217
270 701
536 197
157 885
603 660
876 900
893 571
341 81
609 349
586 667
642 126
131 467
717 836
150 480
145 458
522 183
130 741
193 198
348 602
436 650
198 549
190 274
172 429
83 160
6 487
147 45
218 320
63 573
601 89
215 14
898 798
566 810
704 846
22 880
102 164
441 94
385 793
255 384
217 60
275 728
127 281
372 586
190 650
182 827
593 505
106 559
30 405
2 854
24 437
766 727
393 74
37 118
728 682
841 275
770 526
903 784
416 340
822 891
524 186
661 635
499 343
432 844
520 92
908 694
428 401
677 151
894 35
601 542
764 34
531 637
867 618
208 704
448 754
154 105
231 444
890 204
723 590
455 152
326 865
500 139
706 372
715 900
883 741
288 613
276 612
582 446
295 438
798 284
197 749
114 670
842 333
254 547
708 903
764 262
843 40
47 176
198 519
343 387
763 894
217 80
538 656
798 726
176 218
902 620
495 265
647 503
677 160
775 502
424 460
98 902
385 567
688 380
798 15
398 467
460 441
873 747
180 13
759 792
786 464
891 273
647 164
698 849
860 486
133 420
742 173
203 507
901 584
35 581
416 60
152 242
893 130
701 259
176 775
744 29
12 315
102 791
848 618
745 463
755 309
275 670
127 249
478 865
411 605
448 404
843 139
173 172
781 405
379 630
394 853
217 368
653 49
201 235
291 162
167 698
646 212
277 885
405 167
289 641
472 269
427 714
804 249
162 616
901 448
784 243
307 283
738 58
703 763
276 715
609 903
205 650
499 66
489 289
88 648
783 443
86 363
149 827
4 446
834 68
460 899
885 656
9 49
404 440
893 625
574 143
712 528
337 833
665 8
841 8
283 481
877 652
335 714
203 556
45 148
333 498
605 175
524 134
370 459
679 122
780 697
153 580
889 370
616 256
604 356
520 600
775 175
739 553
887 557
539 455
364 202
808 854
389 210
405 617
634 566
432 442
187 633
673 141
133 801
334 407
389 15
222 292
779 122
262 372
353 735
691 359
513 532
737 830
858 43
651 873
691 190
127 350
433 683
482 594
547 836
481 163
652 646
223 624
290 190
892 232
843 561
142 595
154 79
39 462
853 165
406 27
254 65
327 315
509 639
465 535
207 144
717 778
338 596
854 478
875 214
583 360
714 26
517 472
138 285
343 684
443 55
832 492
336 646
548 109
138 283
886 12
121 421
479 154
669 219
229 395
509 665
301 877
713 842
856 285
554 345
730 276
367 844
429 685
219 761
222 69
176 713
119 588
92 306
0 298
257 753
541 619
179 782
641 839
852 675
181 826
547 284
627 554
718 725
879 489
179 452
441 854
73 431
256 591
119 34
148 92
395 591
337 704
527 30
344 845
850 77
513 329
890 832
482 498
115 46
583 482
267 565
614 813
283 280
754 900
290 125
825 777
108 830
167 720
502 419
575 465
95 716
904 387
617 588
474 78
217 111
373 285
188 315
68 585
569 96
440 737
525 65
678 108
728 747
489 713
13 383
9 771
422 455
772 249
575 12
419 393
374 855
444 386
807 882
579 179
185 559
527 899
75 547
351 316
629 377
489 391
734 183
493 137
283 563
388 64
885 262
726 897
294 455
315 568
800 423
399 8
827 4
516 646
66 101
463 452
529 830
114 765
92 636
252 471
293 805
534 772
272 400
453 477
501 71
327 505
521 662
378 277
363 357
244 206
632 820
660 520
316 380
52 627
331 226
461 104
687 295
894 471
283 230
289 782
809 369
759 266
200 742
620 140
772 905
625 346
699 236
216 538
26 204
181 326
428 330
15 210
849 897
557 138
277 553
604 520
703 888
216 847
270 784
858 381
684 564
851 382
814 235
856 434
346 102
869 351
698 685
63 561
155 362
300 628
658 194
31 191
812 481
870 100
356 346
635 567
140 13
578 3
709 445
277 725
211 600
396 696
857 265
881 875
463 113
57 664
156 761
403 765
708 581
660 72
608 240
788 653
600 709
183 108
433 348
371 901
717 729
51 889
264 498
195 758
153 106
384 852
38 111
262 877
812 639
893 155
14 590
128 231
776 580
848 69
472 676
64 765
403 450
724 57
163 469
449 93
692 506
392 576
54 229
344 854
410 376
80 77
430 205
899 385
123 147
129 731
886 708
674 484
402 89
520 887
886 877
496 553
819 687
296 467
699 561
442 604
602 854
509 61
690 214
683 438
336 897
827 280
516 135
6 549
346 296
410 169
268 493
176 135
715 401
897 768
316 624
742 829
68 527
600 260
706 472
250 17
788 410
589 263
252 759
779 334
339 869
577 154
219 569
487 147
659 477
260 864
647 507
644 600
869 899
193 668
754 33
200 162
147 99
332 894
192 227
38 509
69 594
194 668
569 23
450 425
523 283
395 769
874 888
25 129
792 464
197 19
810 711
214 272
545 307
691 354
327 276
42 510
2 56
90 373
449 281
14 570
469 104
644 319
726 475
870 817
868 507
635 322
875 23
313 862
105 25
226 615
715 438
24 95
364 76
178 905
417 650
418 385
747 318
101 429
20 584
846 53
731 646
461 835
77 623
184 352
118 799
707 597
528 445
391 303
703 596
557 47
548 888
710 793
85 391
732 61
301 407
259 669
681 118
17 148
393 278
362 777
119 720
212 377
253 284
134 482
799 852
24 214
105 866
627 110
121 178
263 743
518 411
821 741
782 733
907 710
758 873
827 510
478 415
9 266
178 291
754 515
474 404
154 268
140 739
559 867
778 759
429 552
216 131
408 583
282 135
752 206
502 255
380 678
489 862
447 450
749 735
263 248
723 624
712 534
142 876
493 477
48 294
656 757
496 764
401 349
461 733
721 171
906 30
272 438
469 21
501 365
25 431
394 652
290 590
228 842
472 104
796 3
342 439
527 600
741 527
106 389
170 894
647 552
512 158
426 762
429 34
425 142
719 270
230 55
524 558
346 54
340 263
256 764
257 514
726 864
236 575
33 668
340 347
66 760
834 820
613 555
157 889
350 700
744 133
259 567
275 877
691 137
508 474
406 530
517 367
673 144
618 531
780 154
78 591
630 465
461 835
528 21
766 651
328 360
328 15
351 222
891 403
389 275
705 75
21 78
26 567
601 860
517 585
133 731
483 184
542 858
634 849
550 644
572 391
568 113
799 9
650 531
166 211
328 731
511 503
36 403
762 884
804 187
380 22
699 321
128 867
55 755
349 113
501 610
767 465
103 26
86 482
804 271
808 578
449 895
327 392
515 631
444 691
606 119
774 27
534 381
495 644
225 155
188 293
598 249
134 224
94 138
115 295
706 723
294 222
496 442
716 99
777 287
289 335
676 131
39 165
217 338
897 732
28 381
215 778
614 359
546 360
234 510
903 103
52 211
655 583
825 738
403 714
633 790
310 688
861 403
818 24
149 696
883 213
659 241
187 64
820 892
748 497
389 625
815 183
130 197
902 821
716 163
174 562
897 36
185 199
151 589
318 435
872 66
538 88
443 837
358 716
784 773
530 125
561 701
426 84
849 106
791 222
376 271
523 316
24 486
185 723
593 723
328 675
888 157
270 162
48 736
432 265
793 3
148 264
783 423
251 518
338 372
295 810
86 397
192 261
684 45
316 471
139 429
790 584
596 361
248 274
52 675
833 691
764 41
203 443
689 395
77 347
767 423
560 304
351 581
272 615
799 521
80 529
200 92
0 132
105 389
795 431
459 491
896 604
511 732
104 482
447 766
103 869
387 615
789 277
743 672
448 53
789 244
137 245
138 304
337 1
75 120
309 101
163 89
204 93
359 777
289 225
328 102
82 679
33 230
549 713
109 29
406 153
560 312
164 655
648 657
557 654
818 212
372 702
361 519
876 738
889 216
202 603
425 217
101 542
518 684
497 381
71 67
279 864
493 328
499 697
353 886
236 782
431 65
230 563
117 877
774 416
732 483
418 448
212 651
328 836
890 864
847 331
341 274
125 255
457 390
224 729
790 862
282 702
498 8
794 784
890 894
124 274
565 230
875 655
667 335
208 113
840 12
547 220
354 594
713 431
616 414
191 360
783 259
522 415
273 395
583 756
284 877
338 786
441 833
320 697
468 42
698 802
16 802
583 55
678 673
59 525
835 524
892 415
771 584
878 159
782 416
478 687
19 479
673 466
32 548
831 648
316 776
365 384
215 519
562 453
706 447
320 821
628 21
273 377
150 130
119 328
744 451
854 624
589 247
453 345
619 794
284 839
644 83
53 133
273 10
107 66
246 677
740 289
605 502
511 522
864 280
720 359
506 294
278 737
213 826
366 172
636 523
712 448
379 639
259 594
125 255
119 84
236 54
761 546
169 243
865 322
100 351
600 890
143 475
232 56
408 11
133 209
25 186
295 636
527 675
229 392
701 657
97 559
544 200
445 764
176 350
104 678
275 286
159 103
7 66
183 856
651 31
151 279
122 254
514 906
128 692
612 731
847 716
909 813
123 473
778 5
901 229
682 879
375 644
85 562
528 479
471 357
190 108
3 319
422 376
38 672
458 128
471 304
361 903
596 16
48 33
367 314
142 806
732 424
757 729
614 487
895 269
131 647
400 891
55 613
222 734
451 688
38 90
415 391
553 718
424 825
786 684
507 367
624 626
504 758
568 631
27 377
360 404
85 288
180 524
111 758
703 172
367 760
576 102
0 391
554 664
658 606
152 541
435 320
595 82
805 461
753 616
655 690
337 255
615 195
574 154
395 98
689 651
161 888
591 873
870 209
633 545
183 621
509 18
400 398
880 144
212 848
74 149
248 368
12 673
487 569
575 219
247 129
507 732
252 373
457 301
270 143
412 152
647 597
257 813
145 727
749 863
471 309
122 479
801 872
856 625
445 316
53 765
512 825
663 183
558 553
429 861
711 72
77 818
633 710
362 890
714 680
423 649
862 26
444 719
531 366
754 615
246 890
785 413
3 594
837 470
368 775
702 903
757 350
727 113
362 529
294 152
29 0
745 818
641 897
149 801
230 614
273 795
553 667
283 456
577 92
834 246
828 147
503 231
834 294
48 67
895 254
123 819
213 583
280 296
336 852
231 234
690 230
103 285
594 168
670 472
298 439
805 606
43 803
644 522
22 262
203 384
587 764
398 95
615 724
738 346
401 281
802 481
565 383
475 375
844 886
298 636
467 734
721 473
334 848
164 268
758 279
624 689
389 805
162 717
177 745
431 787
641 434
228 435
61 819
432 361
278 422
74 551
46 466
661 68
733 441
815 167
429 618
453 168
353 743
248 372
862 671
349 498
343 210
356 228
907 535
898 881
745 521
429 296
91 872
747 67
847 115
487 782
218 423
845 349
433 20
321 484
122 872
583 893
149 667
157 859
750 494
215 539
244 830
89 858
213 207
646 874
820 344
294 766
416 885
39 307
22 248
187 852
868 788
858 759
339 192
626 386
326 275
520 499
116 857
538 653
22 675
475 673
585 657
200 695
605 454
887 221
44 592
605 790
600 845
235 881
472 749
682 336
415 158
907 255
890 224
377 33
546 690
884 119
717 120
392 502
423 878
538 482
265 172
341 442
404 195
17 318
702 757
621 783
116 818
192 600
571 815
491 536
342 379
847 45
4 730
226 730
609 269
664 472
831 745
171 339
710 170
902 687
492 480
22 571
211 457
305 306
692 333
26 642
900 384
393 512
852 626
70 21
2 785
895 286
32 610
506 542
100 274
47 548
378 501
705 429
217 96
764 788
147 425
140 841
275 446
908 518
389 455
205 537
425 464
223 292
356 702
531 547
96 571
898 209
260 800
821 736
661 812
726 542
603 555
119 711
746 433
624 384
39 502
377 374
263 248
739 229
378 592
272 729
223 106
812 702
104 318
184 510
468 665
239 38
544 230
44 650
606 381
698 484
859 518
71 748
720 355
252 557
101 868
361 883
871 465
805 741
3 108
729 487
438 668
479 262
559 398
191 604
335 772
560 78
369 877
468 125
850 511
878 110
524 557
184 577
245 5
349 305
8 500
67 875
291 110
173 51
217 208
550 44
590 34
234 577
312 721
357 837
603 143
174 337
796 473
437 431
60 651
821 326
11 737
851 11
525 641
889 91
799 40
244 447
565 619
788 692
645 589
242 849
94 632
534 600
341 483
724 354
478 635
304 116
855 129
493 63
107 129
187 471
393 887
51 1
376 704
504 288
515 570
247 813
880 430
726 195
593 780
232 877
583 829
684 244
628 81
617 281
762 161
758 595
745 685
478 785
287 538
276 270
861 183
415 346
22 227
873 335
817 517
582 657
109 231
576 35
716 789
540 683
43 310
584 853
558 860
649 779
557 175
355 35
273 76
11 573
640 193
594 72
862 350
907 751
464 254
735 704
736 884
271 866
283 557
526 549
495 738
343 206
426 421
189 499
523 727
183 626
92 576
748 457
154 850
522 83
1 398
742 151
29 336
243 27
877 460
672 906
341 439
840 565
223 329
434 60
161 766
496 513
91 593
283 45
793 891
738 867
648 574
309 714
541 113
80 799
429 296
112 398
448 503
514 198
82 240
41 153
93 718
262 822
32 411
629 708
832 86
478 236
336 567
370 751
154 275
585 24
278 650
695 452
740 511
1 627
228 681
305 539
652 128
694 528
511 523
16 894
381 498
473 59
402 747
584 675
720 479
621 614
378 116
774 130
456 309
741 561
778 221
145 774
792 653
255 397
120 699
250 828
474 226
236 247
47 507
674 508
816 261
701 296
513 329
185 226
102 45
327 735
139 742
41 366
699 733
410 382
849 551
258 394
675 456
792 773
544 301
499 760
348 628
604 85
771 612
803 279
866 376
812 772
95 99
586 45
313 565
406 93
431 11
528 534
45 25
542 380
193 396
338 457
171 642
518 397
105 619
485 842
621 352
53 558
2 34
346 147
394 431
682 388
811 574
501 388
93 226
399 77
458 187
807 44
519 145
600 846
451 108
184 199
63 490
598 575
302 906
622 258
16 633
298 366
867 329
874 885
495 904
379 530
4 233
495 599
228 235
503 19
65 178
632 180
387 686
89 791
829 662
503 678
838 508
710 115
133 2
627 389
445 881
682 69
764 80
673 279
340 786
482 160
340 381
366 378
373 361
907 648
770 849
865 677
869 227
123 833
634 578
644 565
217 40
631 283
727 31
170 686
872 753
697 841
431 160
228 116
171 600
657 432
782 292
848 147
271 462
568 508
830 783
81 418
534 438
822 423
419 186
406 246
244 825
310 345
645 99
512 345
620 723
488 235
813 678
650 146
691 220
742 644
529 195
598 186
138 531
879 809
0 288
850 731
147 853
421 449
55 398
32 384
467 115
661 735
236 897
469 753
106 591
27 587
270 387
454 240
542 65
425 170
172 574
476 72
165 830
685 346
18 496
439 57
840 374
755 318
200 404
728 417
256 611
119 513
723 820
153 299
667 217
382 421
900 844
231 482
276 442
261 264
728 143
730 450
570 451
580 669
233 413
352 679
157 328
195 904
624 372
392 455
387 522
341 403
818 220
833 403
624 829
773 287
414 179
250 359
617 243
237 629
170 193
747 9
704 616
331 95
771 507
74 846
783 403
682 836
728 81
560 515
682 90
601 261
318 627
680 829
767 347
705 257
698 705
388 878
895 803
402 287
112 722
625 820
25 249
84 369
365 692
771 293
433 654
703 316
458 142
235 498
736 672
296 229
113 684
778 678
800 13
473 476
854 632
69 848
445 177
698 822
847 768
154 286
650 13
165 124
672 114
707 682
504 679
827 707
268 532
558 827
909 316
888 819
900 18
779 213
204 118
372 372
549 546
665 171
507 388
47 828
476 817
386 893
237 789
416 454
782 772
280 505
11 817
398 72
324 82
836 412
678 842
340 269
221 791
556 70
735 593
909 205
426 521
554 908
386 291
168 279
606 778
278 576
147 141
800 555
40 627
420 297
336 520
299 133
594 242
134 554
663 123
675 157
379 268
367 370
451 395
766 83
221 76
497 751
702 615
778 496
189 892
137 713
351 384
381 329
807 82
92 254
525 456
432 635
429 43
119 399
139 806
249 447
188 72
6 823
265 862
486 821
700 71
66 675
849 528
121 645
182 687
460 653
211 466
405 508
726 564
9 611
658 197
121 338
113 832
10 499
557 788
807 217
406 414
351 439
268 168
674 110
544 483
448 569
884 96
569 511
311 89
718 214
8 552
458 773
667 90
203 896
677 909
373 582
117 298
523 194
164 391
417 863
142 382
505 30
132 721
378 469
308 363
488 832
769 226
633 217
630 42
791 273
465 536
733 78
737 891
625 870
458 288
452 767
806 118
742 505
598 527
210 70
697 114
204 170
191 180
24 46
877 779
850 566
407 139
902 455
69 93
799 402
450 653
657 646
344 3
772 882
179 19
155 314
398 120
698 524
38 732
608 284
836 203
588 657
119 265
592 476
300 871
126 692
265 277
677 828
402 624
459 215
147 100
455 857
433 315
834 181
127 281
356 102
98 429
752 134
20 56
742 329
228 290
866 168
219 582
143 591
418 0
146 588
571 735
701 93
478 39
665 904
657 103
189 669
265 120
701 491
573 232
888 745
111 594
686 391
824 210
671 511
667 747
209 593
1 624
99 428
637 47
824 14
817 12
188 578
123 781
350 685
78 253
571 802
30 268
250 701
878 234
41 541
774 40
845 757
116 789
554 309
757 806
493 332
94 441
77 468
530 195
647 546
206 338
273 866
818 393
523 250
253 234
740 427
494 564
616 409
17 828
708 894
686 641
715 271
695 6
573 135
807 630
53 124
349 299
414 447
90 267
87 759
460 681
229 160
196 504
523 275
599 756
649 547
69 179
213 569
596 745
457 119
73 628
691 178
290 417
101 90
78 68
689 764
490 725
93 88
278 445
108 203
617 1
474 393
842 503
568 903
581 669
291 800
430 160
611 360
540 777
645 849
827 807
620 387
107 770
33 443
602 295
405 26
104 745
42 761
519 881
580 405
759 833
481 104
434 481
501 201
752 150
45 268
635 791
234 382
222 132
160 137
82 237
836 94
38 716
448 391
172 374
845 156
223 855
846 393
573 211
513 297
455 841
281 855
228 452
466 316
317 161
222 285
818 208
884 373
841 462
736 144
701 717
537 562
434 128
660 554
5 616
446 768
471 448
730 771
490 241
228 709
287 701
200 653
285 414
662 86
139 157
222 241
99 341
43 33
699 704
73 181
727 405
119 508
740 385
217 151
684 745
591 464
285 380
296 603
362 473
93 332
138 170
687 456
662 702
627 167
580 554
877 557
98 44
746 739
601 261
32 192
96 864
22 495
772 54
344 50
109 453
741 225
160 553
146 143
13 137
109 440
360 116
686 767
340 491
408 424
628 36
51 837
455 42
323 765
558 834
572 36
384 766
227 649
901 463
503 547
560 739
686 138
486 597
173 346
253 246
40 481
716 298
741 37
583 509
435 180
26 684
388 77
605 801
789 10
867 882
848 618
821 743
232 821
431 738
750 467
60 736
619 345
227 399
362 673
786 633
139 816
109 692
236 49
235 903
200 312
293 850
245 226
634 126
816 565
788 107
848 266
24 666
695 80
162 164
669 160
415 553
105 578
388 720
818 451
489 604
450 476
201 164
248 872
21 155
892 732
211 112
727 898
28 809
35 812
18 280
827 173
497 731
489 490
284 667
878 75
323 262
188 556
408 390
356 285
569 341
560 408
702 665
898 896
574 891
169 676
526 480
725 31
450 820
162 684
540 628
720 732
76 809
201 837
728 541
64 178
823 717
724 551
199 156
664 844
481 7
445 721
672 310
533 119
299 815
589 860
362 657
285 245
645 645
467 140
470 100
76 367
553 806
884 750
62 829
669 373
170 803
464 867
115 11
877 351
728 91
137 858
88 105
711 520
475 490
213 844
55 462
55 556
652 326
771 312
239 874
509 253
698 395
905 702
546 83
770 59
189 538
294 898
753 15
156 77
451 419
635 453
739 802
604 56
328 531
850 793
245 329
796 571
677 646
341 131
386 615
592 908
470 271
458 781
561 289
770 855
207 605
36 909
475 738
176 202
127 804
84 225
0 50
68 909
642 572
640 118
847 895
766 897
897 97
181 689
265 676
77 141
455 300
432 569
893 880
446 806
131 494
87 374
614 152
780 648
567 373
898 737
134 353
563 523
811 379
586 886
335 94
612 8
533 770
562 331
138 13
246 156
787 163
487 267
566 52
5 17
391 321
370 421
582 206
171 590
468 865
190 479
758 161
467 463
363 480
143 444
141 117
56 430
812 351
46 552
103 463
215 521
172 492
199 148
158 769
713 892
34 273
534 909
461 359
847 367
254 413
295 85
276 334
28 476
396 610
21 10
731 556
93 706
851 160
337 72
465 502
180 179
865 818
790 56
464 567
565 150
792 196
829 236
302 53
903 33
362 418
16 363
383 447
159 454
758 447
164 72
867 660
387 713
151 80
68 580
177 823
790 75
308 598
405 653
509 248
853 761
624 761
850 484
543 231
822 674
93 376
39 396
655 34
264 78
607 281
580 879
385 892
185 455
594 435
657 52
854 256
339 190
793 563
277 582
377 191
747 725
892 695
568 98
183 895
707 317
473 265
526 76
782 814
544 291
422 686
838 804
689 35
805 607
414 826
506 611
162 224
784 780
811 558
584 667
638 606
622 745
573 684
638 672
269 781
511 210
746 295
724 334
681 595
673 834
417 693
46 691
403 8
388 655
139 75
551 838
44 748
855 194
729 184
0 202
233 463
476 10
532 409
421 390
514 640
716 487
9 408
249 122
686 145
239 199
200 131
597 218
865 420
611 568
327 753
469 192
451 161
660 693
285 2
449 58
399 644
826 758
826 55
793 222
130 503
85 240
74 9
352 349
9 540
244 119
615 303
255 8
93 200
867 639
563 80
675 431
661 321
397 894
479 103
602 573
611 776
694 89
862 612
58 177
396 674
287 83
665 459
571 587
12 866
618 703
45 733
555 172
496 203
868 402
554 425
114 294
649 24
639 100
580 156
395 664
746 34
524 538
722 201
701 205
738 624
91 124
69 55
556 825
805 770
382 695
196 643
503 525
784 164
364 104
538 463
791 698
351 235
365 175
445 854
484 541
238 197
709 564
437 752
641 427
345 545
878 184
739 484
545 376
773 576
67 278
306 49
559 579
369 66
136 747
97 103
900 435
75 425
441 845
858 113
394 581
716 133
275 801
684 543
130 150
205 847
142 903
736 16
275 242
108 316
492 699
798 636
141 357
707 25
58 303
475 656
60 305
657 164
733 575
164 36
223 837
451 487
726 643
532 537
229 809
830 869
350 261
94 226
827 14
93 742
478 340
477 31
782 185
866 870
293 710
657 26
591 183
678 601
45 115
311 862
13 38
791 888
145 618
207 666
131 54
335 814
26 846
804 532
901 635
835 812
818 790
636 853
764 893
536 804
251 641
557 465
781 368
373 682
284 451
104 701
574 839
873 42
46 422
59 562
239 904
629 728
492 302
307 710
411 824
715 740
856 867
413 317
360 329
787 129
269 400
262 388
812 846
406 908
734 649
362 396
766 239
333 119
889 682
551 880
574 66
434 178
460 718
238 658
489 478
664 183
178 876
151 533
838 695
761 291
734 847
79 526
510 600
110 145
836 479
386 48
810 854
197 864
178 754
768 297
254 149
455 607
291 110
478 590
0 299
644 30
570 191
840 713
658 776
445 666
518 494
584 564
567 515
9 724
792 379
666 788
634 215
732 701
876 820
61 692
390 840
26 810
50 717
242 334
736 747
699 363
246 362
579 828
165 816
693 651
168 561
571 454
273 316
786 269
528 438
57 541
464 460
21 84
416 802
472 370
520 3
91 7
681 591
346 166
461 676
74 68
357 627
201 615
699 828
365 267
663 259
303 260
543 80
835 153
766 838
8 890
362 160
564 243
905 875
742 850
654 737
894 505
724 874
884 457
693 883
404 684
395 824
114 188
875 834
139 194
590 546
815 623
843 799
573 385
354 303
57 289
74 473
248 495
582 634
661 11
57 424
313 813
601 602
772 301
389 631
450 902
691 515
893 254
459 346
729 742
359 79
7 852
219 193
842 35
561 690
643 113
815 67
773 373
592 136
646 190
46 668
221 268
179 413
775 94
850 343
45 429
599 292
633 288
392 596
891 651
901 273
432 824
712 786
415 385
664 836
249 37
124 308
729 777
744 164
760 866
481 776
123 719
601 307
581 412
97 371
716 305
823 582
0 114
388 180
428 778
36 709
895 92
754 118
410 212
457 218
280 612
193 605
190 817
176 833
367 795
395 254
864 111
508 306
713 317
308 150
133 442
426 651
577 587
612 819
136 445
26 871
201 787
27 706
626 27
688 874
464 616
14 152
54 481
121 698
325 844
495 299
583 59
223 870
399 685
247 326
571 107
605 224
320 795
372 890
372 738
17 193
722 369
228 103
687 209
862 544
398 803
428 683
667 588
689 614
503 743
303 890
36 371
823 779
276 121
557 862
780 805
900 773
533 900
907 374
275 452
222 143
554 640
841 263
359 517
745 160
758 347
754 735
706 659
828 573
614 574
76 752