920
4599
0,
1,
2,
3,
4,
5,
6,
7,
8,
9,
10,
11,
12,
13,
14,
15,
16,
17,
18,
19,
20,
21,
22,
23,
24,
25,
26,
27,
28,
29,
30,
31,
32,
33,
34,
35,
36,
37,
38,
39,
40,
41,
42,
43,
44,
45,
46,
47,
48,
49,
50,
51,
52,
53,
54,
55,
56,
57,
58,
59,
60,
61,
62,
63,
64,
65,
66,
67,
68,
69,
70,
71,
72,
73,
74,
75,
76,
77,
78,
79,
80,
81,
82,
83,
84,
85,
86,
87,
88,
89,
90,
91,
92,
93,
94,
95,
96,
97,
98,
99,
100,
101,
102,
103,
104,
105,
106,
107,
108,
109,
110,
111,
112,
113,
114,
115,
116,
117,
118,
119,
120,
121,
122,
123,
124,
125,
126,
127,
128,
129,
130,
131,
132,
133,
134,
135,
136,
137,
138,
139,
140,
141,
142,
143,
144,
145,
146,
147,
148,
149,
150,
151,
152,
153,
154,
155,
156,
157,
158,
159,
160,
161,
162,
163,
164,
165,
166,
167,
168,
169,
170,
171,
172,
173,
174,
175,
176,
177,
178,
179,
180,
181,
182,
183,
184,
185,
186,
187,
188,
189,
190,
191,
192,
193,
194,
195,
196,
197,
198,
199,
200,
201,
202,
203,
204,
205,
206,
207,
208,
209,
210,
211,
212,
213,
214,
215,
216,
217,
218,
219,
220,
221,
222,
223,
224,
225,
226,
227,
228,
229,
230,
231,
232,
233,
234,
235,
236,
237,
238,
239,
240,
241,
242,
243,
244,
245,
246,
247,
248,
249,
250,
251,
252,
253,
254,
255,
256,
257,
258,
259,
260,
261,
262,
263,
264,
265,
266,
267,
268,
269,
270,
271,
272,
273,
274,
275,
276,
277,
278,
279,
280,
281,
282,
283,
284,
285,
286,
287,
288,
289,
290,
291,
292,
293,
294,
295,
296,
297,
298,
299,
300,
301,
302,
303,
304,
305,
306,
307,
308,
309,
310,
311,
312,
313,
314,
315,
316,
317,
318,
319,
320,
321,
322,
323,
324,
325,
326,
327,
328,
329,
330,
331,
332,
333,
334,
335,
336,
337,
338,
339,
340,
341,
342,
343,
344,
345,
346,
347,
348,
349,
350,
351,
352,
353,
354,
355,
356,
357,
358,
359,
360,
361,
362,
363,
364,
365,
366,
367,
368,
369,
370,
371,
372,
373,
374,
375,
376,
377,
378,
379,
380,
381,
382,
383,
384,
385,
386,
387,
388,
389,
390,
391,
392,
393,
394,
395,
396,
397,
398,
399,
400,
401,
402,
403,
404,
405,
406,
407,
408,
409,
410,
411,
412,
413,
414,
415,
416,
417,
418,
419,
420,
421,
422,
423,
424,
425,
426,
427,
428,
429,
430,
431,
432,
433,
434,
435,
436,
437,
438,
439,
440,
441,
442,
443,
444,
445,
446,
447,
448,
449,
450,
451,
452,
453,
454,
455,
456,
457,
458,
459,
460,
461,
462,
463,
464,
465,
466,
467,
468,
469,
470,
471,
472,
473,
474,
475,
476,
477,
478,
479,
480,
481,
482,
483,
484,
485,
486,
487,
488,
489,
490,
491,
492,
493,
494,
495,
496,
497,
498,
499,
500,
501,
502,
503,
504,
505,
506,
507,
508,
509,
510,
511,
512,
513,
514,
515,
516,
517,
518,
519,
520,
521,
522,
523,
524,
525,
526,
527,
528,
529,
530,
531,
532,
533,
534,
535,
536,
537,
538,
539,
540,
541,
542,
543,
544,
545,
546,
547,
548,
549,
550,
551,
552,
553,
554,
555,
556,
557,
558,
559,
560,
561,
562,
563,
564,
565,
566,
567,
568,
569,
570,
571,
572,
573,
574,
575,
576,
577,
578,
579,
580,
581,
582,
583,
584,
585,
586,
587,
588,
589,
590,
591,
592,
593,
594,
595,
596,
597,
598,
599,
600,
601,
602,
603,
604,
605,
606,
607,
608,
609,
610,
611,
612,
613,
614,
615,
616,
617,
618,
619,
620,
621,
622,
623,
624,
625,
626,
627,
628,
629,
630,
631,
632,
633,
634,
635,
636,
637,
638,
639,
640,
641,
642,
643,
644,
645,
646,
647,
648,
649,
650,
651,
652,
653,
654,
655,
656,
657,
658,
659,
660,
661,
662,
663,
664,
665,
666,
667,
668,
669,
670,
671,
672,
673,
674,
675,
676,
677,
678,
679,
680,
681,
682,
683,
684,
685,
686,
687,
688,
689,
690,
691,
692,
693,
694,
695,
696,
697,
698,
699,
700,
701,
702,
703,
704,
705,
706,
707,
708,
709,
710,
711,
712,
713,
714,
715,
716,
717,
718,
719,
720,
721,
722,
723,
724,
725,
726,
727,
728,
729,
730,
731,
732,
733,
734,
735,
736,
737,
738,
739,
740,
741,
742,
743,
744,
745,
746,
747,
748,
749,
750,
751,
752,
753,
754,
755,
756,
757,
758,
759,
760,
761,
762,
763,
764,
765,
766,
767,
768,
769,
770,
771,
772,
773,
774,
775,
776,
777,
778,
779,
780,
781,
782,
783,
784,
785,
786,
787,
788,
789,
790,
791,
792,
793,
794,
795,
796,
797,
798,
799,
800,
801,
802,
803,
804,
805,
806,
807,
808,
809,
810,
811,
812,
813,
814,
815,
816,
817,
818,
819,
820,
821,
822,
823,
824,
825,
826,
827,
828,
829,
830,
831,
832,
833,
834,
835,
836,
837,
838,
839,
840,
841,
842,
843,
844,
845,
846,
847,
848,
849,
850,
851,
852,
853,
854,
855,
856,
857,
858,
859,
860,
861,
862,
863,
864,
865,
866,
867,
868,
869,
870,
871,
872,
873,
874,
875,
876,
877,
878,
879,
880,
881,
882,
883,
884,
885,
886,
887,
888,
889,
890,
891,
892,
893,
894,
895,
896,
897,
898,
899,
900,
901,
902,
903,
904,
905,
906,
907,
908,
909,
910,
911,
912,
913,
914,
915,
916,
917,
918,
919
881 52
52 884
884 324
324 712
712 890
890 623
623 200
200 550
550 393
393 205
205 677
677 638
638 575
575 897
897 186
186 134
134 149
149 137
137 129
129 308
308 789
789 486
486 206
206 155
155 448
448 415
415 112
112 619
619 617
617 626
626 82
82 233
233 823
823 526
526 566
566 344
344 437
437 322
322 520
520 913
913 424
424 279
279 861
861 9
9 501
501 584
584 180
180 707
707 865
865 69
69 579
579 400
400 716
716 785
785 676
676 708
708 61
61 507
507 504
504 126
126 606
606 432
432 515
515 804
804 806
806 207
207 214
214 272
272 64
64 772
772 147
147 73
73 54
54 586
586 533
533 55
55 396
396 553
553 778
778 850
850 168
168 421
421 313
313 266
266 893
893 195
195 359
359 872
872 234
234 56
56 243
243 735
735 620
620 773
773 818
818 204
204 220
220 799
799 474
474 408
408 495
495 512
512 321
321 405
405 44
44 251
251 141
141 837
837 144
144 601
601 198
198 288
288 691
691 104
104 467
467 639
639 135
135 291
291 286
286 121
121 158
158 902
902 203
203 356
356 441
441 590
590 669
669 475
475 103
103 105
105 318
318 490
490 774
774 877
877 263
263 0
0 615
615 769
769 775
775 471
471 693
693 462
462 903
903 354
354 122
122 557
557 807
807 824
824 545
545 213
213 303
303 196
196 675
675 296
296 119
119 138
138 574
574 786
786 60
60 428
428 330
330 876
876 487
487 552
552 654
654 208
208 100
100 254
254 241
241 366
366 766
766 343
343 751
751 684
684 749
749 280
280 294
294 530
530 613
613 259
259 88
88 151
151 744
744 874
874 83
83 65
65 77
77 657
657 24
24 113
113 120
120 302
302 388
388 605
605 390
390 642
642 169
169 293
293 916
916 904
904 271
271 94
94 883
883 93
93 14
14 463
463 608
608 594
594 609
609 211
211 215
215 551
551 224
224 5
5 779
779 242
242 886
886 652
652 583
583 312
312 401
401 363
363 164
164 514
514 197
197 740
740 418
418 165
165 733
733 72
72 919
919 641
641 260
260 67
67 249
249 820
820 536
536 901
901 750
750 193
193 473
473 502
502 846
846 559
559 521
521 483
483 523
523 491
491 562
562 499
499 15
15 731
731 269
269 777
777 842
842 402
402 403
403 854
854 603
603 542
542 664
664 741
741 596
596 248
248 674
674 511
511 17
17 139
139 787
787 647
647 497
497 914
914 23
23 438
438 368
368 10
10 873
873 172
172 767
767 431
431 133
133 84
84 604
604 370
370 714
714 287
287 855
855 537
537 125
125 245
245 628
628 439
439 653
653 724
724 46
46 143
143 637
637 177
177 510
510 413
413 581
581 267
267 328
328 227
227 543
543 688
688 240
240 516
516 171
171 847
847 599
599 696
696 665
665 482
482 703
703 689
689 299
299 860
860 194
194 760
760 748
748 107
107 640
640 31
31 702
702 307
307 283
283 159
159 1
1 582
582 848
848 265
265 99
99 747
747 888
888 399
399 614
614 668
668 212
212 216
216 140
140 148
148 800
800 32
32 821
821 323
323 201
201 375
375 6
6 534
534 443
443 752
752 239
239 548
548 181
181 472
472 578
578 28
28 20
20 588
588 29
29 268
268 416
416 889
889 49
49 894
894 427
427 175
175 547
547 21
21 27
27 624
624 277
277 387
387 618
618 381
381 585
585 895
895 459
459 610
610 377
377 62
62 166
166 188
188 252
252 86
86 701
701 161
161 858
858 257
257 531
531 630
630 795
795 142
142 232
232 725
725 4
4 864
864 26
26 910
910 270
270 13
13 273
273 645
645 59
59 672
672 130
130 298
298 469
469 694
694 346
346 361
361 558
558 761
761 170
170 406
406 97
97 228
228 793
793 183
183 464
464 101
101 37
37 632
632 352
352 859
859 524
524 803
803 650
650 563
563 580
580 71
71 522
522 282
282 508
508 755
755 699
699 851
851 633
633 36
36 397
397 317
317 529
529 320
320 798
798 892
892 319
319 595
595 434
434 91
91 3
3 659
659 102
102 34
34 513
513 262
262 25
25 866
866 782
782 870
870 649
649 325
325 875
875 419
419 96
96 118
118 519
519 678
678 314
314 814
814 621
621 587
587 667
667 908
908 576
576 35
35 334
334 87
87 81
81 506
506 22
22 685
685 167
167 455
455 796
796 570
570 453
453 420
420 327
327 569
569 182
182 705
705 717
717 333
333 255
255 489
489 173
173 264
264 435
435 867
867 479
479 719
719 446
446 157
157 378
378 284
284 372
372 309
309 316
316 114
114 47
47 715
715 374
374 805
805 648
648 39
39 729
729 66
66 457
457 229
229 78
78 258
258 730
730 389
389 797
797 518
518 80
80 492
492 470
470 841
841 695
695 449
449 76
76 89
89 385
385 666
666 395
395 834
834 745
745 918
918 332
332 341
341 843
843 225
225 560
560 849
849 863
863 554
554 517
517 592
592 830
830 780
780 810
810 726
726 379
379 539
539 57
57 178
178 686
686 156
156 230
230 602
602 771
771 179
179 763
763 549
549 452
452 337
337 297
297 622
622 498
498 358
358 376
376 736
736 568
568 825
825 311
311 882
882 310
310 235
235 683
683 398
398 362
362 627
627 184
184 791
791 425
425 658
658 840
840 426
426 826
826 728
728 18
18 743
743 384
384 839
839 190
190 698
698 636
636 660
660 710
710 856
856 2
2 41
41 505
505 383
383 822
822 176
176 95
95 722
722 758
758 152
152 481
481 477
477 899
899 546
546 458
458 900
900 150
150 369
369 292
292 410
410 556
556 106
106 145
145 738
738 219
219 509
509 816
816 131
131 720
720 625
625 770
770 732
732 75
75 635
635 706
706 503
503 261
261 907
907 42
42 217
217 117
117 109
109 19
19 879
879 527
527 862
862 811
811 192
192 541
541 835
835 454
454 163
163 339
339 597
597 136
136 817
817 783
783 305
305 794
794 813
813 331
331 887
887 718
718 231
231 11
11 392
392 838
838 655
655 315
315 723
723 697
697 898
898 345
345 832
832 218
218 244
244 528
528 238
238 565
565 422
422 871
871 304
304 828
828 391
391 768
768 210
210 281
281 256
256 670
670 591
591 756
756 494
494 764
764 737
737 564
564 92
92 411
411 253
253 727
727 896
896 380
380 644
644 16
16 70
70 532
532 373
373 246
246 754
754 704
704 480
480 116
116 836
836 681
681 237
237 274
274 367
367 98
98 646
646 496
496 85
85 128
128 342
342 611
611 110
110 360
360 278
278 154
154 700
700 465
465 852
852 301
301 651
651 692
692 598
598 757
757 53
53 713
713 612
612 127
127 561
561 634
634 885
885 51
51 468
468 829
829 386
386 739
739 295
295 656
656 440
440 759
759 593
593 306
306 12
12 631
631 412
412 33
33 690
690 478
478 226
226 423
423 250
250 353
353 347
347 827
827 525
525 429
429 132
132 544
544 174
174 484
484 845
845 115
115 436
436 162
162 662
662 43
43 917
917 671
671 45
45 906
906 414
414 289
289 868
868 488
488 430
430 285
285 202
202 911
911 485
485 891
891 90
90 776
776 223
223 682
682 679
679 853
853 721
721 199
199 711
711 30
30 108
108 124
124 573
573 781
781 50
50 878
878 577
577 915
915 442
442 857
857 349
349 450
450 433
433 784
784 38
38 79
79 819
819 329
329 409
409 880
880 629
629 812
812 742
742 326
326 407
407 762
762 300
300 355
355 365
365 661
661 802
802 476
476 74
74 290
290 589
589 404
404 466
466 801
801 364
364 643
643 247
247 221
221 905
905 538
538 831
831 146
146 351
351 753
753 809
809 456
456 790
790 123
123 555
555 833
833 40
40 357
357 808
808 493
493 709
709 616
616 600
600 460
460 276
276 447
447 48
48 222
222 909
909 348
348 792
792 338
338 336
336 844
844 209
209 444
444 445
445 673
673 663
663 350
350 451
451 572
572 382
382 335
335 371
371 275
275 63
63 340
340 680
680 788
788 765
765 417
417 68
68 571
571 535
535 7
7 912
912 567
567 461
461 500
500 58
58 160
160 869
869 607
607 111
111 236
236 187
187 185
185 191
191 815
815 746
746 540
540 687
687 189
189 734
734 8
8 394
394 153
285 486
43 235
175 700
841 387
886 312
718 145
793 231
239 74
623 57
815 115
3 919
165 382
685 715
276 389
235 6
131 605
386 46
555 561
792 446
414 98
733 280
98 843
777 903
88 273
526 557
413 155
266 649
149 474
445 26
103 175
835 713
61 594
6 791
631 133
339 904
22 510
506 258
321 370
799 476
116 239
624 897
140 812
670 67
334 434
261 422
763 494
824 893
607 689
520 517
288 400
848 788
72 399
858 798
831 513
318 318
648 398
201 7
458 422
580 263
570 287
710 770
689 892
839 504
455 67
194 742
96 250
201 327
357 745
470 420
522 584
615 299
634 553
245 741
270 699
42 84
140 875
675 266
590 852
670 151
762 255
904 640
664 667
258 172
862 875
497 516
673 433
235 816
311 572
39 545
558 389
103 279
259 588
587 366
410 315
726 682
817 21
545 686
652 19
765 323
124 397
542 797
562 412
402 212
782 711
760 351
429 610
312 505
436 541
514 70
213 618
488 708
707 56
828 850
173 831
662 174
786 770
475 98
647 702
715 53
839 749
508 291
575 47
540 816
487 296
157 517
833 297
759 193
565 159
236 740
736 902
100 811
57 683
739 1
4 464
555 42
189 789
728 210
201 857
904 843
889 353
160 339
98 557
910 142
431 64
125 215
204 179
593 475
559 205
356 784
58 561
280 877
370 450
908 854
505 437
402 592
721 392
210 542
863 315
585 502
197 121
37 416
815 574
359 758
330 337
729 895
361 710
849 225
681 409
553 114
543 245
879 72
30 151
440 610
148 424
549 180
851 306
251 412
175 413
674 815
644 682
597 829
462 637
578 721
234 458
606 786
485 409
397 27
712 84
684 815
127 711
817 212
72 724
469 380
559 881
498 472
264 140
784 423
770 908
424 292
268 131
768 132
824 381
251 875
683 214
111 239
648 273
96 180
96 78
84 293
728 777
59 64
760 422
240 439
718 241
35 590
379 291
36 348
729 687
684 740
57 587
762 819
214 919
600 611
630 715
269 264
419 127
370 237
668 843
778 541
564 43
227 103
911 887
194 505
527 534
887 546
918 761
281 548
443 628
448 696
654 575
279 282
277 131
644 896
425 901
600 726
260 43
10 148
914 559
177 276
615 640
349 277
836 229
555 313
473 675
629 15
879 662
395 669
569 877
212 127
562 714
724 653
637 37
222 470
65 327
507 321
175 660
689 256
302 32
739 476
887 6
203 228
415 367
577 606
331 914
244 152
160 609
862 644
715 331
45 114
849 899
588 892
812 21
686 156
387 347
850 800
825 50
28 907
469 726
246 639
628 176
902 315
104 116
802 835
847 349
435 595
884 465
255 232
734 577
445 174
400 547
289 72
443 122
39 376
492 500
727 29
893 804
699 840
387 698
47 634
904 353
407 234
36 486
510 381
832 308
18 442
398 541
551 545
42 452
437 678
182 461
763 807
65 741
265 883
808 562
511 610
730 373
126 730
225 445
864 510
605 901
844 68
218 742
541 484
313 346
333 267
734 694
464 135
673 846
432 576
166 475
521 826
909 207
889 45
798 791
38 90
838 867
404 133
504 716
798 839
364 266
704 752
497 765
253 823
797 484
473 23
175 10
450 427
898 702
755 778
814 182
243 120
253 505
686 587
252 54
562 270
766 52
467 797
628 206
709 847
537 348
351 638
463 540
751 657
284 81
501 752
63 612
54 105
845 126
860 709
600 475
564 818
230 360
62 769
241 768
425 527
572 884
792 877
107 375
365 386
281 692
251 584
64 751
559 583
498 860
907 444
645 470
854 210
533 551
275 258
437 604
626 891
887 657
735 570
202 570
96 794
766 147
181 599
87 782
286 652
666 548
462 495
47 153
202 893
734 879
169 242
273 104
701 180
881 792
474 798
464 748
705 174
350 201
442 701
405 790
817 897
765 586
356 674
813 359
123 633
190 169
365 95
260 459
152 364
480 118
318 504
808 298
160 786
246 104
806 619
170 262
128 229
650 304
386 385
176 495
404 313
798 145
211 746
506 66
559 697
767 357
157 624
478 444
300 256
611 302
235 194
83 346
644 276
461 88
698 374
465 66
232 496
388 645
76 278
809 609
227 618
641 71
746 126
795 732
448 217
289 135
192 589
346 201
232 638
67 869
470 799
193 133
133 33
531 901
702 844
268 102
678 129
36 441
38 120
221 860
716 794
645 196
273 648
387 373
702 903
22 851
201 446
421 54
592 855
673 792
871 582
471 121
645 359
590 770
719 665
625 522
224 602
843 572
878 528
749 360
849 154
625 165
708 216
510 296
627 39
719 616
434 609
277 855
329 652
350 164
692 879
718 702
390 618
565 254
325 350
167 392
720 116
412 412
60 748
534 866
596 100
468 26
340 599
201 20
536 3
61 44
901 513
77 85
671 907
275 414
430 506
329 611
742 576
460 428
167 329
407 430
33 366
135 859
621 575
487 657
804 412
630 7
330 816
111 331
873 386
252 844
829 371
206 730
860 167
32 490
799 819
197 341
355 644
756 443
223 226
187 408
368 468
770 58
218 97
871 833
728 445
507 411
868 638
56 456
805 260
856 191
272 814
539 372
341 491
315 821
379 426
486 788
369 180
660 563
87 368
243 112
140 772
219 553
276 821
640 857
690 62
675 509
719 618
460 757
476 869
304 355
48 337
843 66
380 765
75 230
758 383
43 241
601 302
138 747
742 401
74 467
345 419
829 537
603 60
432 354
201 186
597 888
109 406
87 586
566 76
9 766
55 647
101 445
83 499
528 730
878 443
607 765
730 110
474 912
98 701
863 893
811 47
738 26
781 69
321 506
520 722
724 263
423 378
663 886
435 779
904 251
545 507
11 881
441 405
861 367
556 430
56 316
12 861
569 164
56 218
791 331
147 688
665 105
498 776
744 298
670 294
534 310
47 913
249 436
262 702
148 600
75 451
286 500
889 487
551 550
507 416
575 843
133 784
102 141
825 245
150 300
569 20
92 589
501 836
287 381
484 364
216 858
477 425
908 301
89 198
473 450
371 5
702 774
549 844
868 516
398 404
364 912
697 840
723 489
206 110
16 848
541 558
550 230
410 526
271 237
787 245
126 196
287 378
328 294
274 143
142 548
95 247
670 396
199 520
694 829
208 449
102 650
693 416
447 909
283 779
737 169
97 451
435 626
247 839
455 542
178 272
149 89
800 384
670 14
458 280
190 918
881 853
295 567
616 173
89 150
552 800
630 327
682 656
401 847
610 377
141 575
647 733
820 469
779 6
680 207
287 644
140 804
562 216
335 650
510 662
672 198
229 55
786 486
244 410
490 284
916 822
721 821
774 272
84 492
549 444
222 603
615 280
217 905
903 908
167 165
39 720
488 48
494 498
416 266
198 857
115 729
605 335
780 664
25 840
325 861
494 857
210 346
0 65
426 760
209 874
155 252
876 718
699 503
235 901
96 805
799 778
549 918
242 398
359 108
367 175
465 81
545 725
1 902
655 336
405 683
533 570
845 104
801 670
730 624
446 277
517 666
840 426
519 431
40 322
196 507
295 121
870 162
307 595
191 652
447 511
130 664
202 721
121 232
479 617
342 830
390 431
670 500
700 473
604 279
428 352
737 914
310 688
397 625
259 644
468 246
804 735
883 553
142 257
578 342
189 795
768 651
503 179
894 115
139 604
29 288
584 527
890 351
624 295
514 330
83 497
456 729
451 53
394 862
557 149
200 737
356 71
714 55
716 801
842 10
25 414
416 664
592 850
890 429
556 470
304 837
113 479
355 918
535 107
814 19
303 627
357 908
435 51
208 437
880 912
412 61
490 601
422 579
631 376
75 6
585 597
441 780
860 764
195 472
899 278
129 757
389 684
745 581
345 68
813 469
549 669
886 381
462 720
485 420
326 537
729 729
700 435
260 708
367 514
859 117
366 436
317 354
916 433
562 885
668 59
581 40
5 870
441 889
397 527
846 681
728 442
400 345
542 835
143 282
40 784
36 416
412 741
333 329
906 535
379 390
256 37
914 338
590 138
200 572
186 112
389 526
175 169
810 798
347 480
43 309
743 161
354 51
620 640
771 754
659 642
232 559
904 790
294 45
32 356
331 605
644 390
186 295
122 583
432 913
916 618
416 818
464 586
580 893
176 520
60 66
232 504
20 147
449 725
430 371
68 429
423 67
47 28
693 536
178 718
313 270
571 843
214 208
529 163
754 688
532 558
348 165
802 227
363 250
876 155
136 98
793 97
101 817
522 258
253 718
338 77
381 497
131 496
142 411
839 344
387 380
260 719
681 209
309 755
77 406
340 347
29 678
93 835
87 80
424 66
915 289
525 336
593 693
457 118
798 790
44 541
345 186
643 187
591 805
423 524
848 357
321 563
832 49
646 354
469 508
838 726
27 575
174 126
795 814
190 250
601 288
779 693
347 615
646 481
818 127
204 775
34 706
499 915
852 808
759 199
478 374
399 286
819 916
875 295
35 4
210 19
310 63
251 23
41 439
263 381
501 641
772 388
719 853
607 380
373 503
47 77
242 161
469 392
583 186
563 243
245 570
313 263
50 641
335 510
662 345
899 555
118 473
154 827
293 48
779 690
656 820
779 800
876 195
322 46
754 78
160 513
521 60
292 291
314 715
889 603
894 518
680 795
318 176
168 688
122 624
106 133
779 886
748 278
405 187
379 869
904 775
118 583
666 27
7 352
863 329
172 321
737 201
380 385
890 449
73 260
229 465
93 907
778 330
434 394
807 848
832 461
392 381
666 444
258 794
513 296
680 626
234 560
770 280
868 161
888 639
606 554
609 791
544 68
354 386
837 551
29 906
813 557
643 320
33 899
446 0
791 665
526 589
427 591
700 651
584 182
510 267
643 820
381 682
524 99
279 110
140 797
203 580
450 609
202 2
745 744
855 113
164 168
101 153
507 306
275 125
728 814
555 604
39 911
505 533
609 137
363 415
673 215
8 660
799 808
636 180
22 861
130 463
188 661
658 452
905 147
80 498
306 850
701 716
546 891
78 344
496 83
317 672
501 198
862 389
379 67
454 53
669 132
481 192
86 804
603 741
580 270
324 402
765 236
44 746
58 516
565 458
495 330
574 617
488 821
54 795
346 15
697 305
457 116
385 788
69 281
730 60
875 112
10 355
494 518
911 845
728 689
391 129
510 786
509 910
779 33
491 320
518 148
725 251
243 919
489 786
652 160
595 743
520 606
831 385
816 506
500 231
726 655
351 48
158 484
762 54
193 63
122 496
559 1
357 859
147 270
490 242
233 42
804 187
838 260
762 350
680 504
740 621
144 189
686 38
317 663
760 657
715 324
338 410
774 179
457 528
879 284
612 392
159 318
144 462
159 902
264 424
229 534
228 846
695 5
530 130
144 294
688 640
451 899
282 435
53 28
811 86
225 672
614 83
351 205
242 363
110 94
424 278
353 329
400 483
768 407
698 254
881 365
450 482
104 310
870 361
244 126
901 620
167 688
276 609
237 223
404 1
303 754
248 92
476 648
847 744
159 89
773 206
222 42
829 575
731 665
812 822
584 400
448 739
23 112
505 718
0 616
745 173
797 97
443 713
892 811
361 615
399 509
83 41
741 667
66 884
689 729
918 824
417 776
23 617
258 455
693 165
467 454
396 95
361 741
905 789
60 454
202 209
398 215
579 903
804 913
328 683
75 470
720 346
624 83
816 515
581 695
327 877
706 133
578 670
338 902
380 829
915 461
252 512
576 362
746 689
668 18
340 350
26 648
210 301
493 763
452 863
774 683
264 92
511 466
594 497
225 555
114 423
443 549
723 760
620 728
557 167
105 885
529 138
185 499
912 322
293 327
170 37
644 714
144 245
623 294
233 409
206 241
45 864
149 618
796 218
455 295
180 848
151 652
583 334
426 804
656 718
207 871
373 697
688 384
256 301
452 903
300 594
319 569
814 579
204 100
115 346
365 381
212 254
408 795
659 632
746 325
249 833
293 260
219 658
569 684
0 414
894 334
319 687
878 212
142 484
261 386
231 820
262 174
689 722
482 667
289 21
459 301
789 649
164 425
467 816
77 698
851 457
609 424
218 813
450 58
906 19
785 900
222 149
858 272
641 440
410 810
901 427
368 296
672 664
498 119
130 53
548 803
754 310
532 789
799 522
327 680
888 875
454 199
750 481
449 550
750 414
215 671
690 137
876 602
561 460
569 73
477 915
404 512
592 63
460 91
465 654
825 242
868 270
59 147
836 8
275 423
415 206
519 717
338 651
871 41
872 792
431 599
575 74
723 180
181 572
688 524
250 295
781 424
912 729
159 878
651 579
549 685
429 204
837 404
278 420
601 719
856 88
748 531
782 585
440 182
683 535
769 536
441 625
1 369
862 429
881 123
423 527
602 375
689 31
178 722
29 471
537 844
51 686
153 629
308 191
285 599
287 868
295 546
754 612
122 636
711 892
201 66
791 82
692 364
87 8
761 694
551 6
578 454
842 389
809 515
309 117
674 577
535 278
19 163
900 191
148 325
49 619
648 32
832 676
856 510
839 635
417 919
528 605
721 574
344 452
248 417
537 632
105 201
653 607
398 147
167 473
118 99
814 436
738 293
709 98
236 791
518 237
94 501
46 151
145 482
788 822
285 772
581 268
587 201
590 196
378 782
761 652
778 908
512 546
488 677
879 345
288 160
764 491
758 423
178 622
532 146
80 83
773 796
860 822
371 871
672 850
731 416
306 706
35 512
430 220
204 799
168 810
431 477
368 315
553 639
170 554
284 210
148 554
899 872
294 368
758 242
54 600
409 599
82 113
819 684
500 64
258 36
370 861
349 283
732 616
555 702
716 261
818 88
899 614
48 805
424 429
742 397
259 853
396 889
559 256
95 166
573 532
92 698
760 707
47 42
503 176
395 17
158 369
495 887
849 225
175 679
215 85
317 316
861 815
347 250
773 438
896 625
808 221
157 355
773 225
691 235
612 360
79 260
233 503
602 407
226 238
337 433
527 699
612 82
839 101
624 376
159 781
521 57
378 802
54 487
165 90
18 319
236 311
80 265
276 125
849 409
287 612
102 595
823 661
664 201
694 33
47 170
141 777
63 907
703 182
328 501
531 635
767 361
491 64
458 751
480 188
153 876
302 582
293 26
364 86
385 794
864 635
780 70
766 489
267 422
256 665
170 448
897 544
517 852
612 11
572 873
264 625
439 677
914 622
815 712
754 555
866 722
818 749
419 117
132 879
871 734
538 577
390 42
610 399
168 297
39 485
452 357
562 512
525 290
647 598
544 488
704 684
530 454
737 154
193 253
812 60
482 296
695 307
381 637
293 91
1 83
848 121
505 350
468 725
356 687
435 825
47 583
166 754
634 668
765 868
730 70
794 866
644 729
699 915
919 692
2 134
649 438
792 412
507 255
395 815
172 802
40 426
832 837
467 212
229 28
603 310
793 836
668 474
760 286
716 458
856 11
52 851
584 417
350 721
176 209
754 51
799 682
846 274
313 420
372 100
807 409
277 247
70 803
862 455
220 273
611 765
364 458
31 424
448 792
895 221
354 545
250 856
379 99
300 364
59 789
687 40
793 189
243 273
50 534
667 525
361 805
502 792
248 313
159 204
815 718
694 687
502 360
768 559
178 118
688 104
793 646
21 620
279 337
90 776
901 454
114 80
596 192
542 846
327 563
75 207
395 73
186 72
15 73
464 287
688 547
722 604
887 599
107 746
113 380
815 243
185 155
356 475
520 632
74 614
702 222
163 90
571 414
715 901
182 335
282 60
241 155
203 523
731 674
571 641
524 548
187 159
751 563
321 193
529 785
120 733
550 717
355 413
624 462
545 438
222 56
122 854
595 372
257 405
774 622
755 652
329 543
788 9
132 669
293 518
312 156
464 483
677 593
211 100
122 428
449 862
679 322
428 843
460 324
336 15
114 95
59 420
681 747
193 552
457 536
898 400
801 390
917 838
69 640
768 488
714 466
60 81
338 535
84 137
552 834
836 633
879 343
356 211
853 494
674 744
144 63
276 730
395 178
185 762
897 231
341 848
820 67
671 248
22 638
586 382
525 279
296 827
740 638
31 253
886 57
199 322
607 353
131 842
502 654
194 712
371 717
648 895
750 129
897 388
437 142
613 250
114 642
607 794
535 451
116 17
798 21
310 706
331 267
809 151
217 339
801 230
735 127
635 808
329 289
799 728
176 169
615 221
468 701
703 226
302 870
311 584
614 112
674 286
799 549
897 412
728 336
900 456
241 414
826 129
792 346
409 827
697 148
764 188
198 702
66 519
363 311
220 494
705 727
154 291
688 50
649 350
51 461
8 881
910 831
760 496
448 363
860 916
258 758
284 600
278 270
617 849
214 739
184 644
73 162
487 249
531 0
58 570
670 251
402 350
259 117
626 790
679 722
367 39
388 501
149 326
68 264
508 168
857 381
876 867
424 454
500 848
167 790
887 249
875 333
562 616
747 869
176 451
257 138
109 374
257 446
662 593
484 349
347 271
36 744
570 468
69 0
3 497
497 759
770 734
509 271
601 443
721 663
540 51
675 755
570 292
97 305
185 545
412 674
870 403
777 697
612 226
719 589
605 467
554 224
2 428
558 636
707 241
379 517
629 909
723 370
167 206
611 838
355 541
76 10
312 143
313 661
53 851
112 160
848 627
106 179
48 171
97 173
857 223
646 165
72 835
243 918
641 701
447 124
605 417
4 320
850 843
448 94
500 913
356 410
877 789
345 568
674 255
161 771
117 559
892 46
722 37
463 128
608 680
600 366
646 90
258 738
785 40
773 503
913 246
680 108
274 582
510 207
459 419
173 353
105 252
20 693
61 706
4 791
119 106
730 53
24 252
911 295
904 293
149 605
193 598
221 334
472 707
671 668
367 712
293 863
841 274
816 212
426 74
556 707
675 77
401 299
502 70
576 51
719 715
606 473
231 133
879 436
427 710
33 307
855 205
1 275
238 252
788 144
771 473
764 550
391 151
616 28
316 889
339 488
151 719
551 18
100 854
66 484
877 331
273 246
412 736
181 112
899 62
26 557
536 840
262 180
779 819
112 294
607 400
74 405
126 543
734 642
69 286
0 520
702 821
210 266
706 522
345 791
690 189
812 906
522 233
582 40
263 657
206 191
578 563
547 205
587 33
649 201
745 848
136 513
788 789
785 379
327 813
194 705
126 167
663 518
571 46
206 297
793 572
671 690
354 516
14 228
214 847
680 350
447 855
601 258
444 842
569 285
767 745
338 306
134 845
7 210
864 534
25 680
157 713
34 891
523 746
433 103
104 201
23 98
325 761
319 685
794 827
869 497
607 536
154 558
832 454
789 20
504 873
4 420
108 844
37 188
42 390
871 429
490 185
178 330
670 617
908 711
534 864
708 416
120 435
750 700
479 872
430 621
765 723
470 724
856 844
540 306
508 265
917 884
750 785
894 476
50 317
482 441
738 875
219 86
891 841
761 307
0 902
74 598
530 167
231 42
237 892
286 18
473 453
528 149
202 607
549 907
875 421
195 448
182 848
478 842
304 480
258 5
249 568
376 820
388 226
764 39
289 460
387 130
75 16
271 558
76 632
299 700
392 853
223 776
654 300
364 449
790 573
520 265
181 1
386 895
116 391
766 355
833 749
829 837
389 324
828 710
143 297
747 780
378 474
265 547
900 233
92 508
476 37
690 468
842 122
367 533
581 27
98 384
584 363
911 578
438 747
349 882
458 471
657 89
25 121
731 774
210 339
617 897
635 314
592 264
577 420
648 212
751 703
431 161
555 314
38 331
443 88
80 263
117 335
888 219
291 43
549 863
601 371
628 534
646 852
500 403
415 600
590 811
493 116
148 123
206 848
440 112
630 252
443 72
617 222
151 789
440 310
371 705
112 908
893 893
406 848
218 517
283 543
363 889
430 702
749 761
524 734
716 425
372 52
597 642
449 232
127 397
495 142
406 386
351 702
108 188
913 571
155 415
714 660
514 47
874 479
651 203
587 833
71 402
891 252
715 890
680 534
113 160
54 169
590 243
17 812
813 3
112 424
24 585
658 224
819 122
877 480
245 811
498 723
334 348
801 479
616 785
288 267
304 372
559 74
591 624
872 876
38 744
717 886
214 720
867 784
601 371
432 522
750 493
274 402
664 697
246 506
427 498
162 324
351 275
546 768
365 68
27 93
129 703
501 919
28 267
1 235
100 860
584 269
654 847
71 206
498 667
90 813
830 155
183 539
278 136
171 517
544 389
286 172
91 823
273 640
511 823
745 676
575 13
684 764
40 560
275 137
528 183
188 245
1 145
144 259
477 665
505 445
114 641
834 799
479 65
232 876
342 354
785 126
134 141
584 682
528 621
582 344
377 272
543 545
683 402
285 590
678 646
729 689
360 11
851 769
224 234
773 176
459 27
231 24
60 75
586 96
132 28
610 750
823 475
41 869
93 780
759 656
583 168
794 361
507 581
811 739
546 564
564 677
340 371
650 360
725 193
446 399
346 775
308 39
505 448
201 67
391 63
11 584
359 330
429 326
516 158
440 150
622 540
142 217
666 533
770 79
635 103
855 328
785 712
119 199
86 901
759 738
556 432
384 251
866 843
274 797
558 804
130 332
856 159
692 34
658 781
516 905
665 115
824 242
597 119
118 808
111 636
402 642
661 34
806 598
122 123
677 702
17 743
675 780
820 304
69 361
637 355
639 846
513 852
317 163
394 312
201 845
561 478
610 175
244 735
304 904
873 321
628 494
652 703
194 512
776 817
10 746
517 683
357 504
793 73
171 819
652 326
453 872
10 157
307 699
726 269
238 280
349 734
383 745
510 768
170 543
836 857
401 45
610 388
646 344
88 465
84 513
412 379
886 413
880 226
670 750
591 333
113 573
569 164
786 836
277 547
503 604
694 687
805 274
86 213
557 540
768 401
919 259
676 587
339 149
799 26
864 609
450 824
12 151
645 618
243 795
608 603
879 403
499 784
872 173
329 192
896 190
498 509
531 885
918 422
551 342
852 196
73 218
358 341
417 209
673 630
769 537
187 803
437 461
374 138
509 434
811 527
804 313
742 756
149 260
193 331
476 568
318 465
866 451
128 873
888 143
862 150
715 83
916 659
767 330
591 535
286 696
499 74
312 454
522 544
458 518
750 364
628 226
712 891
554 912
435 61
305 802
105 203
344 430
290 567
134 390
786 190
81 609
111 280
568 845
486 28
261 753
195 366
37 355
774 115
876 225
337 158
59 779
109 430
240 721
273 189
524 249
275 663
610 880
904 408
902 518
723 570
218 841
634 472
773 194
253 39
34 575
28 325
327 471
398 841
335 731
693 690
335 168
58 369
384 517
622 656
316 229
486 525
919 99
362 1
512 559
226 87
593 412
249 809
80 743
756 648
364 225
491 578
850 642
29 228
432 527
885 164
639 142
857 385
248 685
602 816
11 130
519 234
333 878
772 181
866 226
755 386
100 497
628 43
609 603
734 661
446 297
312 354
504 368
784 321
53 147
296 289
347 749
789 564
422 572
704 62
238 320
599 566
845 711
121 78
262 650
469 710
351 616
715 890
291 482
380 645
858 701
259 196
589 299
883 703
355 280
323 835
581 275
430 912
260 57
239 530
58 622
623 295
456 206
646 438
88 701
585 669
856 596
262 854
912 375
339 116
104 29
498 312
565 688
351 876
115 799
246 312
196 193
741 882
661 450
123 538
467 853
361 429
415 495
903 810
168 110
407 876
178 540
716 74
68 803
809 72
449 170
35 115
27 296
534 601
220 468
167 284
803 100
49 229
616 844
434 134
510 630
293 258
261 1
137 52
434 696
130 179
100 200
372 114
515 852
814 840
312 611
588 373
101 253
337 380
254 910
182 290
418 315
371 556
663 774
108 693
246 81
621 684
457 40
64 905
849 597
68 605
606 46
152 271
643 174
275 407
256 859
28 511
577 516
604 828
416 45
528 398
699 212
668 871
208 444
52 401
2 586
268 506
717 865
636 626
841 371
581 360
263 40
81 657
670 565
661 516
538 99
702 67
350 519
133 383
305 814
104 738
272 226
181 707
360 903
750 391
810 364
455 134
129 335
765 474
785 120
417 332
725 631
23 355
180 688
900 715
700 206
192 182
698 156
69 645
262 285
371 707
469 429
200 92
697 238
812 596
352 803
350 285
643 880
158 602
509 725
782 214
159 101
810 487
463 729
463 644
514 631
805 252
88 123
444 483
798 201
296 353
740 181
97 600
808 577
651 896
762 384
610 760
501 701
645 546
292 302
42 86
296 547
362 257
506 478
766 480
428 425
381 1
871 38
899 486
237 602
555 152
401 236
27 29
380 443
88 332
702 906
210 158
374 539
382 192
547 443
88 725
615 424
78 675
215 653
353 437
905 374
310 192
96 688
738 255
204 93
315 104
171 563
393 768
740 521
341 283
168 508
591 527
734 791
610 244
636 323
39 708
529 307
555 656
94 735
811 159
273 304
96 589
334 591
405 327
84 209
216 732
455 718
383 33
699 220
774 490
175 834
460 902
247 630
496 872
452 415
558 77
476 917
801 775
477 535
443 480
511 168
274 325
709 385
798 278
201 640
786 793
332 209
329 566
748 2
701 804
725 286
32 318
897 369
186 138
557 390
716 916
579 847
790 349
361 62
111 49
92 603
571 869
808 535
315 221
136 433
133 358
680 229
172 126
375 838
80 489
454 223
834 645
603 154
522 160
694 401
57 422
50 609
69 108
225 503
286 820
598 291
280 668
865 780
474 847
90 187
336 557
528 904
56 393
272 195
744 723
599 21
155 695
317 564
626 707
791 399
184 874
579 379
811 486
235 761
766 213
640 461
565 697
240 323
874 389
846 524
278 779
533 58
904 10
845 304
143 288
209 787
357 528
657 265
879 76
397 134
765 834
906 89
919 339
686 846
485 703
625 40
510 273
29 595
26 877
134 456
60 434
874 724
433 45
134 294
445 595
275 478
285 527
260 495
557 566
239 594
238 549
742 175
565 865
918 513
663 46
823 594
879 766
12 695
344 299
862 344
728 532
255 632
714 253
542 849
213 33
88 449
430 492
780 203
743 251
193 794
235 621
569 887
63 445
795 862
577 302
537 164
107 301
329 308
297 801
62 241
54 11
899 676
57 93
510 52
334 101
669 656
70 506
326 778
553 248
483 599
1 344
128 24
276 836
204 231
122 88
842 479
526 471
231 213
807 858
153 26
604 24
42 591
711 748
276 39
252 728
817 879
248 219
546 764
145 608
427 572
183 913
861 346
108 837
611 707
659 508
458 788
488 629
70 59
141 780
78 775
914 257
766 176
195 530
31 598
427 524
155 558
353 838
35 46
607 262
560 722
821 691
651 368
616 541
101 881
838 226
588 393
262 348
531 624
278 271
570 697
665 48
741 315
162 254
87 618
243 317
359 446
807 709
457 528
73 525
210 347
392 3
4 518
451 79
282 247
10 880
355 408
620 107
129 268
423 93
794 482
621 741
31 656
806 297
844 319
139 760
570 343
32 63
124 50
250 573
533 381
317 786
691 334
638 837
615 497
799 24
555 122
654 782
835 172
891 512
197 749
674 658
85 742
336 434
670 194
342 717
861 416
522 830
292 278
790 43
125 547
345 137
860 689
131 483
662 678
875 628
440 327
57 597
93 836
692 208
527 676
277 443
647 259
268 64
818 833
727 458
47 777
597 317
215 369
140 7
205 760
665 338
521 465
745 415
333 142
222 426
725 306
195 95
830 766
704 512
187 383
880 235
637 800
856 795
318 785
430 338
134 267
210 431
625 443
164 700
912 121
795 819
363 257
483 178
888 779
345 552
410 376
576 840
901 637
391 412
272 836
370 214
527 104
249 575
821 250
762 607
604 258
300 107
226 575
35 310
168 38
27 542
651 346
160 142
37 502
616 266
224 498
760 333
757 96
769 773
695 757
185 911
420 193
493 404
116 80
410 339
614 816
614 551
318 270
423 157
809 150
666 192
839 624
821 284
619 777
595 732
121 162
235 763
869 580
795 573
717 709
644 313
654 292
745 313
467 814
215 655
15 98
11 613
601 634
11 5
520 183
170 725
790 653
455 744
730 421
16 861
736 787
888 815
604 285
253 398
392 160
733 851
535 343
264 452
251 100
62 636
387 307
545 896
86 466
346 33
798 63
238 428
676 500
62 125
135 250
467 877
155 362
295 274
265 609
94 3
68 851
459 468
367 349
725 220
803 585
308 765
605 637
311 84
78 360
355 249
629 333
429 29
894 442
242 494
677 738
749 595
670 59
2 47
507 30
50 340
551 307
601 177
418 94
865 652
237 199
726 128
807 461
800 860
797 80
350 861
786 584
67 547
34 201
135 581
526 315
713 639
234 485
335 188
395 883
586 226
796 402
704 140
184 896
42 136
349 711
166 476
707 795
748 780
463 788
53 441
230 206
73 684
250 767
804 5
134 0
776 839
127 885
52 166
381 680
323 666
882 273
39 795
91 426
371 183
896 866
62 229
452 576
674 901
763 654
17 66
484 212
662 809
160 6
695 909
301 777
446 298
111 71
28 498
196 18
569 693
361 918
238 323
321 918
151 210
839 473
185 646
374 638
813 567
661 149
757 360
57 62
20 131
85 898
34 86
727 749
853 217
676 896
893 513
917 136
788 663
538 131
716 423
333 482
878 19
282 107
260 436
562 289
209 654
496 315
380 716
806 478
391 320
341 224
76 835
325 907
523 206
496 368
843 512
300 889
106 430
125 714
614 28
545 551
367 124
589 914
290 703
461 650
224 342
234 651
155 181
481 490
341 610
151 572
555 222
484 69
401 625
419 323
76 378
537 184
608 810
704 680
585 456
654 815
139 215
231 554
245 726
124 684
505 71
253 501
895 751
237 451
495 125
126 335
70 912
638 837
85 669
354 190
614 42
157 405
152 301
744 709
113 753
316 719
547 793
419 279
842 898
530 597
95 572
815 873
757 315
820 780
71 910
78 548
181 142
73 272
594 168
843 445
344 491
595 23
827 320
688 489
902 82
403 818
663 278
302 566
508 776
847 424
600 786
155 432
603 450
707 381
852 293
407 912
658 236
103 685
312 851
133 560
134 149
51 375
456 559
393 508
257 58
155 771
476 670
431 801
725 573
767 363
832 666
520 282
349 312
628 11
740 40
419 41
875 113
186 405
622 415
486 367
565 896
704 340
653 914
105 425
389 62
110 609
513 139
516 90
35 208
228 362
389 495
465 865
426 356
33 734
546 428
236 67
53 647
526 608
448 169
731 489
764 379
218 310
232 121
387 382
676 888
330 526
451 445
453 728
717 905
820 180
824 430
628 303
795 178
850 369
153 887
904 198
196 430
544 379
718 824
342 860
7 114
287 118
174 441
689 634
634 253
694 662
500 803
184 178
496 613
509 856
616 201
112 540
734 88
63 63
588 595
657 848
771 323
85 856
368 623
306 343
101 31
886 626
626 71
71 673
133 460
251 614
506 194
653 804
398 814
105 424
667 508
354 246
863 907
503 413
173 498
813 463
424 493
504 684
819 198
613 511
153 652
508 874
572 874
875 409
374 412
163 45
361 241
135 686
285 136
439 145
701 15
614 425
272 379
42 754
608 782
263 212
410 831
269 68
394 912
701 755
165 252
210 858
732 423
139 26
472 793
915 747
687 839
240 830
205 864
669 469
29 507
895 190
53 561
738 544
917 299
709 732
463 897
51 615
841 591
170 239
516 234
339 835
531 360
242 575
786 655
476 146
533 369
712 365
615 467
458 635
640 897
65 2
99 645
193 101
325 113
198 434
650 675
738 770
14 852
662 106
620 1
841 290
309 51
774 348
363 903
544 890
690 402
175 716
98 495
177 195
901 857
881 701
857 86
129 494
861 451
895 201
233 359
894 902
129 792
571 432
889 887
518 153
658 711
30 522
780 477
517 436
343 594
646 244
832 669
745 59
364 167
327 253
671 462
650 392
364 242
730 95
507 134
224 503
165 728
60 252
35 878
329 747
450 45
5 177
640 382
330 595
305 124
893 587
701 631
5 45
542 314
419 833
382 7
863 228
483 136
425 679
537 27
881 656
176 294
471 438
314 419
330 752
755 901
863 867
246 388
12 121
776 297
832 280
788 600
270 309
669 682
121 503
61 682
31 269
753 401
17 38
714 570
467 423
105 544
287 806
649 527
61 582
678 473
186 580
482 748
616 185
615 840
807 442
657 504
796 546
255 754
850 674
333 586
42 732
709 867
302 478
826 736
688 250
455 512
742 256
856 437
636 760
809 601
918 595
713 395
504 375
619 533
284 913
575 563
812 426
228 306
532 868
376 811
658 626
620 529
880 575
445 359
64 336
541 237
707 408
198 236
373 828
420 631
249 453
658 171
554 275
88 253
628 586
81 441
394 744
595 390
781 193
584 631
22 14
654 778
719 280
819 238
103 789
665 899
798 160
357 459
426 827
372 902
56 665
391 418
249 216
357 80
853 421
69 294
18 519
826 656
672 418
322 712
77 660
5 8
168 422
428 602
277 619
121 594
366 805
537 54
842 701
30 266
292 709
712 340
357 235
322 735
339 708
650 296
482 35
164 310
167 779
459 885
238 43