930
4649
0,
1,
2,
3,
4,
5,
6,
7,
8,
9,
10,
11,
12,
13,
14,
15,
16,
17,
18,
19,
20,
21,
22,
23,
24,
25,
26,
27,
28,
29,
30,
31,
32,
33,
34,
35,
36,
37,
38,
39,
40,
41,
42,
43,
44,
45,
46,
47,
48,
49,
50,
51,
52,
53,
54,
55,
56,
57,
58,
59,
60,
61,
62,
63,
64,
65,
66,
67,
68,
69,
70,
71,
72,
73,
74,
75,
76,
77,
78,
79,
80,
81,
82,
83,
84,
85,
86,
87,
88,
89,
90,
91,
92,
93,
94,
95,
96,
97,
98,
99,
100,
101,
102,
103,
104,
105,
106,
107,
108,
109,
110,
111,
112,
113,
114,
115,
116,
117,
118,
119,
120,
121,
122,
123,
124,
125,
126,
127,
128,
129,
130,
131,
132,
133,
134,
135,
136,
137,
138,
139,
140,
141,
142,
143,
144,
145,
146,
147,
148,
149,
150,
151,
152,
153,
154,
155,
156,
157,
158,
159,
160,
161,
162,
163,
164,
165,
166,
167,
168,
169,
170,
171,
172,
173,
174,
175,
176,
177,
178,
179,
180,
181,
182,
183,
184,
185,
186,
187,
188,
189,
190,
191,
192,
193,
194,
195,
196,
197,
198,
199,
200,
201,
202,
203,
204,
205,
206,
207,
208,
209,
210,
211,
212,
213,
214,
215,
216,
217,
218,
219,
220,
221,
222,
223,
224,
225,
226,
227,
228,
229,
230,
231,
232,
233,
234,
235,
236,
237,
238,
239,
240,
241,
242,
243,
244,
245,
246,
247,
248,
249,
250,
251,
252,
253,
254,
255,
256,
257,
258,
259,
260,
261,
262,
263,
264,
265,
266,
267,
268,
269,
270,
271,
272,
273,
274,
275,
276,
277,
278,
279,
280,
281,
282,
283,
284,
285,
286,
287,
288,
289,
290,
291,
292,
293,
294,
295,
296,
297,
298,
299,
300,
301,
302,
303,
304,
305,
306,
307,
308,
309,
310,
311,
312,
313,
314,
315,
316,
317,
318,
319,
320,
321,
322,
323,
324,
325,
326,
327,
328,
329,
330,
331,
332,
333,
334,
335,
336,
337,
338,
339,
340,
341,
342,
343,
344,
345,
346,
347,
348,
349,
350,
351,
352,
353,
354,
355,
356,
357,
358,
359,
360,
361,
362,
363,
364,
365,
366,
367,
368,
369,
370,
371,
372,
373,
374,
375,
376,
377,
378,
379,
380,
381,
382,
383,
384,
385,
386,
387,
388,
389,
390,
391,
392,
393,
394,
395,
396,
397,
398,
399,
400,
401,
402,
403,
404,
405,
406,
407,
408,
409,
410,
411,
412,
413,
414,
415,
416,
417,
418,
419,
420,
421,
422,
423,
424,
425,
426,
427,
428,
429,
430,
431,
432,
433,
434,
435,
436,
437,
438,
439,
440,
441,
442,
443,
444,
445,
446,
447,
448,
449,
450,
451,
452,
453,
454,
455,
456,
457,
458,
459,
460,
461,
462,
463,
464,
465,
466,
467,
468,
469,
470,
471,
472,
473,
474,
475,
476,
477,
478,
479,
480,
481,
482,
483,
484,
485,
486,
487,
488,
489,
490,
491,
492,
493,
494,
495,
496,
497,
498,
499,
500,
501,
502,
503,
504,
505,
506,
507,
508,
509,
510,
511,
512,
513,
514,
515,
516,
517,
518,
519,
520,
521,
522,
523,
524,
525,
526,
527,
528,
529,
530,
531,
532,
533,
534,
535,
536,
537,
538,
539,
540,
541,
542,
543,
544,
545,
546,
547,
548,
549,
550,
551,
552,
553,
554,
555,
556,
557,
558,
559,
560,
561,
562,
563,
564,
565,
566,
567,
568,
569,
570,
571,
572,
573,
574,
575,
576,
577,
578,
579,
580,
581,
582,
583,
584,
585,
586,
587,
588,
589,
590,
591,
592,
593,
594,
595,
596,
597,
598,
599,
600,
601,
602,
603,
604,
605,
606,
607,
608,
609,
610,
611,
612,
613,
614,
615,
616,
617,
618,
619,
620,
621,
622,
623,
624,
625,
626,
627,
628,
629,
630,
631,
632,
633,
634,
635,
636,
637,
638,
639,
640,
641,
642,
643,
644,
645,
646,
647,
648,
649,
650,
651,
652,
653,
654,
655,
656,
657,
658,
659,
660,
661,
662,
663,
664,
665,
666,
667,
668,
669,
670,
671,
672,
673,
674,
675,
676,
677,
678,
679,
680,
681,
682,
683,
684,
685,
686,
687,
688,
689,
690,
691,
692,
693,
694,
695,
696,
697,
698,
699,
700,
701,
702,
703,
704,
705,
706,
707,
708,
709,
710,
711,
712,
713,
714,
715,
716,
717,
718,
719,
720,
721,
722,
723,
724,
725,
726,
727,
728,
729,
730,
731,
732,
733,
734,
735,
736,
737,
738,
739,
740,
741,
742,
743,
744,
745,
746,
747,
748,
749,
750,
751,
752,
753,
754,
755,
756,
757,
758,
759,
760,
761,
762,
763,
764,
765,
766,
767,
768,
769,
770,
771,
772,
773,
774,
775,
776,
777,
778,
779,
780,
781,
782,
783,
784,
785,
786,
787,
788,
789,
790,
791,
792,
793,
794,
795,
796,
797,
798,
799,
800,
801,
802,
803,
804,
805,
806,
807,
808,
809,
810,
811,
812,
813,
814,
815,
816,
817,
818,
819,
820,
821,
822,
823,
824,
825,
826,
827,
828,
829,
830,
831,
832,
833,
834,
835,
836,
837,
838,
839,
840,
841,
842,
843,
844,
845,
846,
847,
848,
849,
850,
851,
852,
853,
854,
855,
856,
857,
858,
859,
860,
861,
862,
863,
864,
865,
866,
867,
868,
869,
870,
871,
872,
873,
874,
875,
876,
877,
878,
879,
880,
881,
882,
883,
884,
885,
886,
887,
888,
889,
890,
891,
892,
893,
894,
895,
896,
897,
898,
899,
900,
901,
902,
903,
904,
905,
906,
907,
908,
909,
910,
911,
912,
913,
914,
915,
916,
917,
918,
919,
920,
921,
922,
923,
924,
925,
926,
927,
928,
929
316 627
627 573
573 773
773 157
157 714
714 544
544 797
797 878
878 399
399 190
190 719
719 37
37 569
569 806
806 426
426 147
147 122
122 375
375 452
452 79
79 389
389 333
333 921
921 578
578 529
529 869
869 664
664 381
381 388
388 531
531 597
597 784
784 545
545 310
310 620
620 519
519 223
223 373
373 535
535 313
313 681
681 250
250 557
557 769
769 212
212 101
101 300
300 688
688 641
641 308
308 495
495 455
455 370
370 889
889 919
919 306
306 900
900 542
542 646
646 616
616 31
31 734
734 97
97 632
632 143
143 349
349 160
160 384
384 707
707 262
262 924
924 118
118 146
146 605
605 880
880 909
909 684
684 371
371 265
265 16
16 670
670 728
728 507
507 242
242 307
307 686
686 886
886 176
176 174
174 456
456 566
566 845
845 536
536 2
2 539
539 599
599 918
918 281
281 142
142 776
776 332
332 284
284 570
570 473
473 746
746 379
379 460
460 622
622 498
498 515
515 182
182 848
848 867
867 27
27 486
486 712
712 403
403 613
613 350
350 857
857 206
206 607
607 156
156 458
458 222
222 745
745 628
628 273
273 134
134 354
354 219
219 846
846 163
163 762
762 120
120 866
866 576
576 410
410 833
833 667
667 494
494 359
359 404
404 303
303 892
892 331
331 361
361 600
600 40
40 841
841 304
304 28
28 186
186 216
216 593
593 172
172 657
657 214
214 261
261 884
884 694
694 41
41 440
440 844
844 725
725 608
608 218
218 102
102 860
860 696
696 485
485 114
114 532
532 837
837 816
816 758
758 648
648 398
398 472
472 150
150 88
88 862
862 61
61 334
334 24
24 198
198 187
187 272
272 377
377 285
285 119
119 465
465 470
470 244
244 65
65 832
832 139
139 689
689 144
144 204
204 312
312 95
95 610
610 737
737 56
56 249
249 564
564 50
50 215
215 141
141 199
199 446
446 420
420 48
48 497
497 245
245 20
20 823
823 839
839 383
383 735
735 634
634 766
766 461
461 14
14 213
213 324
324 736
736 743
743 625
625 710
710 888
888 926
926 562
562 326
326 293
293 649
649 798
798 290
290 503
503 782
782 770
770 116
116 339
339 639
639 13
13 895
895 166
166 614
614 822
822 169
169 205
205 363
363 669
669 315
315 580
580 917
917 697
697 164
164 364
364 23
23 90
90 652
652 45
45 700
700 341
341 11
11 291
291 923
923 253
253 815
815 113
113 276
276 661
661 469
469 733
733 517
517 406
406 584
584 59
59 521
521 501
501 12
12 779
779 374
374 58
58 229
229 467
467 820
820 514
514 309
309 673
673 824
824 635
635 75
75 9
9 105
105 765
765 651
651 155
155 220
220 871
871 427
427 717
717 292
292 344
344 207
207 601
601 311
311 89
89 513
513 629
629 804
804 233
233 136
136 516
516 658
658 439
439 724
724 94
94 834
834 175
175 811
811 487
487 411
411 662
662 780
780 883
883 428
428 565
565 86
86 10
10 835
835 434
434 749
749 877
877 523
523 506
506 100
100 232
232 26
26 774
774 887
887 537
537 87
87 387
387 671
671 416
416 184
184 336
336 512
512 468
468 78
78 148
148 540
540 772
772 279
279 133
133 748
748 586
586 899
899 775
775 500
500 690
690 270
270 591
591 202
202 352
352 408
408 755
755 74
74 396
396 603
603 386
386 906
906 444
444 376
376 481
481 203
203 30
30 357
357 754
754 546
546 211
211 22
22 131
131 742
742 801
801 654
654 130
130 915
915 872
872 140
140 125
125 67
67 159
159 927
927 42
42 623
623 829
829 559
559 645
645 575
575 873
873 849
849 759
759 63
63 238
238 454
454 68
68 483
483 543
543 666
666 367
367 70
70 360
360 189
189 553
553 256
256 911
911 631
631 528
528 691
691 49
49 123
123 466
466 268
268 194
194 358
358 321
321 655
655 533
533 301
301 340
340 885
885 890
890 788
788 266
266 200
200 617
617 752
752 554
554 368
368 185
185 493
493 526
526 929
929 807
807 711
711 636
636 397
397 283
283 369
369 192
192 255
255 863
863 44
44 327
327 36
36 592
592 604
604 678
678 790
790 624
624 753
753 606
606 197
197 318
318 43
43 827
827 856
856 524
524 96
96 246
246 852
852 263
263 818
818 151
151 385
385 251
251 561
561 563
563 135
135 842
842 556
556 424
424 210
210 677
677 228
228 154
154 52
52 230
230 64
64 170
170 289
289 760
760 0
0 353
353 868
868 904
904 522
522 716
716 449
449 93
93 171
171 548
548 15
15 854
854 695
695 145
145 254
254 400
400 401
401 808
808 201
201 482
482 54
54 80
80 768
768 590
590 237
237 247
247 739
739 278
278 859
859 490
490 706
706 638
638 51
51 442
442 457
457 258
258 347
347 843
843 325
325 583
583 861
861 916
916 413
413 18
18 640
640 914
914 390
390 365
365 391
391 108
108 491
491 234
234 99
99 345
345 709
709 355
355 248
248 121
121 499
499 195
195 412
412 611
611 731
731 905
905 551
551 330
330 418
418 705
705 71
71 382
382 85
85 715
715 394
394 891
891 430
430 511
511 1
1 378
378 817
817 282
282 875
875 813
813 362
362 107
107 552
552 879
879 269
269 280
280 660
660 132
132 423
423 126
126 699
699 800
800 901
901 84
84 337
337 209
209 744
744 925
925 761
761 323
323 55
55 720
720 243
243 380
380 443
443 858
858 328
328 109
109 46
46 314
314 435
435 821
821 5
5 647
647 419
419 25
25 726
726 69
69 802
802 128
128 912
912 329
329 21
21 441
441 348
348 799
799 679
679 810
810 738
738 267
267 589
589 117
117 91
91 240
240 459
459 828
828 72
72 702
702 167
167 643
643 764
764 322
322 630
630 274
274 471
471 703
703 693
693 809
809 447
447 177
177 4
4 7
7 294
294 179
179 53
53 922
922 581
581 708
708 756
756 47
47 767
767 763
763 637
637 510
510 417
417 881
881 415
415 621
621 747
747 112
112 335
335 619
619 275
275 17
17 127
127 463
463 81
81 740
740 722
722 422
422 149
149 76
76 850
850 226
226 582
582 650
650 874
874 477
477 732
732 855
855 137
137 598
598 602
602 585
585 181
181 395
395 38
38 683
683 104
104 723
723 153
153 98
98 77
77 504
504 894
894 568
568 62
62 893
893 903
903 351
351 530
530 520
520 814
814 750
750 161
161 372
372 502
502 433
433 432
432 825
825 819
819 33
33 831
831 618
618 431
431 421
421 239
239 805
805 727
727 173
173 730
730 898
898 110
110 786
786 445
445 812
812 538
538 615
615 574
574 838
838 525
525 771
771 260
260 687
687 713
713 392
392 870
870 286
286 425
425 492
492 414
414 579
579 479
479 196
196 682
682 103
103 751
751 106
106 60
60 908
908 83
83 462
462 789
789 407
407 298
298 124
124 550
550 451
451 587
587 252
252 235
235 659
659 320
320 295
295 221
221 19
19 560
560 319
319 338
338 162
162 876
876 8
8 656
656 668
668 572
572 674
674 847
847 448
448 346
346 180
180 685
685 73
73 317
317 165
165 897
897 259
259 32
32 864
864 129
129 509
509 393
393 158
158 474
474 429
429 505
505 527
527 183
183 692
692 257
257 475
475 464
464 803
803 168
168 704
704 920
920 626
626 111
111 82
82 777
777 796
796 663
663 476
476 729
729 609
609 29
29 191
191 227
227 225
225 721
721 217
217 302
302 675
675 488
488 241
241 791
791 558
558 594
594 92
92 792
792 6
6 555
555 57
57 698
698 343
343 794
794 928
928 356
356 35
35 299
299 489
489 913
913 785
785 588
588 115
115 342
342 231
231 478
478 757
757 305
305 778
778 297
297 288
288 193
193 518
518 644
644 484
484 840
840 3
3 287
287 236
236 781
781 642
642 271
271 571
571 853
853 496
496 34
34 826
826 680
680 405
405 795
795 152
152 188
188 39
39 208
208 595
595 741
741 366
366 718
718 567
567 665
665 549
549 224
224 438
438 851
851 402
402 830
830 836
836 436
436 633
633 577
577 178
178 547
547 409
409 902
902 882
882 787
787 612
612 676
676 450
450 534
534 793
793 783
783 672
672 453
453 541
541 437
437 865
865 896
896 480
480 907
907 138
138 596
596 910
910 508
508 296
296 701
701 264
264 653
653 277
277 66
157 139
368 897
450 919
181 165
728 388
643 616
653 64
725 503
797 658
566 813
780 850
21 588
451 724
635 339
408 49
547 590
64 550
797 200
356 589
734 756
251 552
906 467
758 39
158 172
824 125
508 563
761 447
596 697
854 644
579 199
226 688
632 480
707 649
254 449
499 1
823 790
479 197
168 394
628 673
574 355
469 595
181 425
331 110
400 23
612 90
848 69
335 797
659 871
719 769
365 888
734 456
698 152
170 30
219 57
717 120
490 481
323 659
656 155
297 196
501 154
926 598
380 596
613 39
431 389
199 342
499 345
672 29
391 737
323 895
54 316
766 799
493 501
864 114
383 405
120 902
211 351
35 241
484 66
362 768
625 678
649 205
198 716
623 473
562 769
616 307
13 852
486 882
43 489
284 222
189 22
99 50
125 259
451 929
323 22
519 155
699 720
306 141
768 312
877 776
550 873
145 472
797 772
351 298
422 57
15 371
198 513
62 793
442 546
0 873
476 414
64 378
802 754
96 802
672 220
227 350
660 165
341 10
558 76
254 839
558 523
346 675
42 913
179 191
729 489
168 190
866 822
904 580
590 808
51 267
354 77
643 283
481 247
571 519
367 142
831 859
143 83
189 372
245 734
511 141
411 709
641 196
76 4
31 186
492 744
451 920
402 850
407 83
563 219
249 818
379 568
518 77
375 749
263 376
145 795
630 592
904 773
671 382
153 226
406 746
744 320
831 742
893 821
293 732
71 513
287 658
567 788
414 820
73 397
11 376
857 575
335 154
45 137
804 834
199 242
227 557
781 421
887 447
650 400
392 342
449 814
843 428
312 868
826 725
585 66
178 284
136 542
46 780
81 492
105 572
262 152
770 160
838 106
128 23
898 17
110 409
286 184
326 116
928 546
294 353
53 167
769 359
80 206
894 356
564 256
41 447
109 711
384 577
478 382
755 684
816 115
130 555
595 64
303 207
417 167
876 553
489 662
265 48
832 766
459 863
88 58
649 320
103 513
487 417
687 514
480 133
762 913
207 898
714 818
109 424
653 540
438 32
364 855
18 811
617 647
419 280
483 20
178 509
223 413
583 288
307 241
865 194
449 490
208 697
360 917
781 179
542 905
815 857
393 523
492 9
541 366
590 141
358 543
722 33
182 288
824 901
879 212
559 845
470 268
410 824
927 847
426 780
654 313
740 679
680 555
801 201
581 383
771 869
663 332
381 104
616 746
882 921
369 852
297 256
812 801
513 455
202 502
324 811
510 838
275 25
35 512
1 792
897 38
894 121
436 850
812 68
347 543
235 324
237 745
816 225
247 652
839 165
907 466
762 96
438 308
281 618
99 134
470 489
469 578
509 55
150 813
727 20
700 55
669 339
83 369
37 6
704 514
451 368
618 879
346 682
869 244
229 727
925 204
95 12
449 104
800 513
522 506
198 674
394 272
572 361
301 913
773 663
874 836
53 673
14 188
751 893
140 867
807 104
743 414
878 709
801 680
127 306
231 139
558 377
148 685
634 870
433 188
839 491
450 243
864 673
199 121
902 120
21 849
878 578
571 527
634 901
198 44
169 857
670 583
438 518
322 713
490 136
173 154
106 145
706 872
81 776
886 291
672 442
787 76
786 439
582 263
639 293
719 777
336 108
602 212
624 835
681 816
109 200
9 280
471 770
16 909
867 729
172 471
69 128
516 108
44 105
850 632
145 441
35 711
746 190
865 495
133 684
40 76
667 647
380 601
562 127
782 829
282 168
233 651
141 584
574 74
555 573
312 563
697 838
403 727
162 436
556 636
420 568
687 646
291 5
82 168
928 444
135 806
412 206
601 67
787 65
540 693
206 733
267 898
409 651
762 840
471 26
801 313
466 685
249 455
823 533
359 429
576 455
207 129
214 218
619 773
714 198
374 25
922 78
514 683
671 523
546 93
195 817
476 3
354 442
138 141
752 611
666 112
123 895
476 291
381 165
523 693
709 430
71 696
297 608
411 332
661 918
924 552
554 330
100 740
590 902
845 590
890 560
796 719
835 56
844 922
750 635
625 123
139 365
422 519
359 440
768 792
748 114
254 367
240 117
247 585
291 808
637 547
843 211
188 303
606 488
854 640
421 904
792 726
582 883
695 534
99 92
33 693
644 156
149 928
863 795
750 640
914 127
807 531
666 825
90 462
558 124
756 708
645 724
76 913
367 331
906 456
926 410
461 94
753 860
596 453
203 555
381 796
59 890
900 814
247 260
7 726
803 426
294 787
739 859
66 892
520 283
380 154
571 58
216 359
866 671
593 611
164 365
110 160
478 304
830 192
755 849
93 49
899 161
900 379
873 751
234 335
769 131
543 70
72 120
380 24
507 725
746 95
456 846
408 273
504 89
435 33
169 523
475 14
595 228
845 236
845 753
444 400
693 763
435 371
532 222
554 117
725 29
560 88
116 310
531 88
729 268
34 793
587 571
310 925
906 489
597 107
615 3
719 495
895 213
822 311
3 405
847 276
130 442
177 929
324 739
656 168
194 221
793 542
264 7
629 405
890 396
824 549
407 501
170 812
287 3
209 119
202 197
553 762
716 835
847 476
703 439
409 124
744 774
219 520
704 830
371 125
197 493
490 60
130 852
789 323
522 742
600 490
154 342
45 429
66 862
95 374
494 576
434 118
259 183
750 810
411 536
328 712
838 468
523 439
870 786
471 215
448 716
214 758
458 444
589 655
764 276
326 102
492 399
801 84
7 817
388 761
682 403
658 269
118 694
562 798
20 814
544 192
99 256
598 582
38 630
282 737
704 644
573 459
733 723
435 641
418 427
884 794
538 449
198 476
616 69
184 629
830 809
75 183
735 460
10 598
512 541
12 3
426 216
258 463
565 148
719 531
738 396
289 196
649 814
74 305
655 17
864 876
783 768
303 232
308 402
606 336
825 63
383 464
658 427
926 803
895 86
514 259
40 708
836 340
235 476
153 205
96 839
601 232
661 839
350 475
768 460
734 796
87 863
290 414
921 56
920 181
411 374
392 820
638 269
479 504
525 568
725 476
280 156
7 315
845 743
620 419
886 632
244 3
642 138
813 282
522 802
733 887
844 631
101 666
586 364
398 526
138 315
127 526
665 168
922 627
833 9
616 755
43 552
662 174
612 290
248 425
812 761
272 52
749 403
731 315
136 638
380 924
793 868
460 830
325 426
638 100
202 879
899 287
543 801
831 287
504 923
124 222
721 425
454 80
512 635
21 296
40 590
15 412
822 249
694 59
354 433
682 645
652 668
456 692
82 26
371 603
570 304
535 141
190 635
284 675
244 757
94 705
173 656
749 286
323 578
181 410
398 35
422 313
304 726
929 315
878 727
333 266
111 875
703 147
454 535
887 585
733 486
37 299
687 29
292 346
84 151
411 88
703 207
684 166
55 831
427 174
355 652
881 42
888 532
627 320
331 479
192 628
313 92
520 510
119 78
425 790
922 534
118 73
495 62
631 780
805 103
491 586
365 416
55 745
764 481
733 270
918 134
907 830
369 398
286 811
713 521
33 618
826 667
513 236
257 804
680 551
186 687
682 610
45 339
517 73
80 562
267 729
308 599
892 784
786 718
485 575
578 259
9 787
572 383
699 552
162 8
704 639
882 293
423 616
108 760
871 658
764 851
384 810
517 245
896 305
813 166
569 749
860 211
254 550
705 346
810 201
414 51
527 396
783 35
682 378
431 242
866 105
581 434
140 491
93 475
453 721
515 777
914 630
576 274
88 387
772 588
75 278
791 156
257 435
462 532
754 422
676 552
350 464
561 607
787 39
770 141
852 258
494 331
687 587
661 246
13 244
579 340
860 264
200 849
5 897
551 496
446 426
248 653
852 71
691 392
509 808
289 683
730 384
380 341
272 531
19 622
150 238
729 91
465 38
367 557
382 254
429 873
718 340
330 541
802 588
29 822
531 644
418 289
885 711
11 815
263 669
469 307
622 93
364 676
800 126
252 551
392 56
40 341
498 465
777 883
211 118
11 619
397 217
914 818
241 290
811 124
274 828
467 896
149 366
825 813
157 907
49 202
431 4
752 819
695 467
287 147
427 149
191 439
391 97
261 390
343 171
615 523
410 771
513 815
74 804
410 742
426 928
271 493
720 833
337 157
486 40
283 693
480 217
69 191
464 292
230 891
752 361
591 118
576 286
311 927
857 580
340 779
426 145
741 653
588 214
143 740
575 739
899 87
830 54
192 643
612 245
180 386
571 730
696 733
836 253
65 233
123 628
578 19
856 506
513 464
252 687
681 79
178 891
514 574
161 276
471 62
652 788
375 492
158 619
490 275
708 6
365 316
764 96
521 209
441 901
775 498
734 101
688 929
698 342
736 541
207 8
243 851
407 655
562 487
119 913
787 743
103 2
8 340
373 889
687 844
815 716
547 283
758 512
742 493
165 857
801 139
21 283
815 817
165 842
170 84
640 283
711 401
121 302
777 920
133 3
637 653
226 7
852 776
220 772
204 750
527 786
692 739
149 289
662 541
210 860
552 238
57 545
108 729
27 610
153 767
581 34
660 9
514 501
322 677
476 392
244 556
764 468
878 441
550 618
424 784
781 608
231 556
23 68
195 451
787 447
400 784
508 824
610 457
802 119
684 258
422 878
884 314
473 82
48 243
589 171
178 410
448 289
597 157
461 357
69 219
553 486
847 469
330 823
733 813
630 196
48 186
704 202
513 255
236 457
686 440
757 478
602 452
823 473
559 786
782 283
236 909
236 689
431 405
546 490
906 131
723 787
347 836
162 255
59 599
73 925
765 527
144 207
697 755
927 123
156 337
264 717
652 200
285 871
186 836
491 503
552 352
343 695
347 554
180 846
477 866
227 761
2 90
753 916
541 428
871 347
383 332
802 90
494 749
115 590
501 544
857 813
506 258
685 125
327 742
500 236
234 474
162 697
761 863
367 438
345 523
161 598
832 793
104 354
470 11
161 347
470 191
374 466
463 159
830 285
727 272
56 48
103 775
835 712
681 859
924 325
173 476
329 125
802 903
858 859
530 295
877 130
109 76
769 442
761 61
575 708
526 42
313 495
279 784
650 184
571 171
391 556
484 212
356 477
470 47
193 712
209 808
661 572
2 903
92 825
920 164
3 495
160 677
159 272
853 630
225 628
906 703
723 238
194 696
781 68
421 495
464 259
464 541
791 407
118 230
753 709
783 641
453 672
214 671
274 34
850 3
583 598
402 744
177 246
446 590
158 449
274 85
492 758
552 314
461 330
879 795
867 450
83 633
905 863
877 314
529 563
756 853
495 219
805 893
499 319
687 892
60 818
846 910
548 98
849 478
699 368
433 473
383 192
742 788
29 249
780 80
575 811
133 563
897 697
75 769
186 430
158 367
60 363
771 196
789 653
769 441
64 810
760 717
761 772
87 685
127 838
73 64
536 854
734 607
360 231
854 749
185 490
350 350
892 606
323 616
497 659
462 277
530 398
607 341
833 289
774 879
587 408
539 632
318 258
703 587
15 657
488 802
360 41
528 72
597 678
922 667
585 796
142 556
704 525
763 495
329 466
132 633
513 448
382 417
567 771
814 576
273 321
336 643
442 928
500 880
446 730
394 515
497 34
151 260
219 499
883 189
778 4
182 86
339 574
914 780
265 462
307 493
233 98
652 147
224 413
385 479
133 265
4 793
317 606
510 213
702 123
360 898
641 167
3 912
56 880
340 709
76 82
235 508
618 257
73 469
907 43
473 909
626 754
348 34
56 848
723 200
287 479
567 783
212 635
484 34
484 449
860 377
640 634
587 84
598 835
511 708
493 463
564 434
631 912
847 259
311 132
273 272
328 541
249 711
279 19
549 609
530 493
666 24
133 315
400 904
215 441
690 718
855 222
497 628
261 763
151 0
737 133
131 433
761 597
639 176
772 361
192 607
252 551
523 879
201 733
242 387
91 484
53 789
473 290
704 569
159 809
396 20
883 903
336 244
564 917
321 404
533 928
332 290
489 393
807 361
750 853
565 286
146 840
327 721
904 673
808 474
288 574
625 801
904 26
293 406
768 493
657 573
632 872
890 291
412 72
563 395
72 211
660 104
727 702
118 241
835 653
801 234
571 849
543 712
331 353
508 804
370 431
210 427
438 415
836 488
370 506
422 17
397 735
708 814
236 572
604 374
662 377
70 896
857 476
915 47
398 456
631 56
451 362
410 769
382 446
136 117
887 686
112 533
220 843
704 906
99 404
340 549
586 686
391 697
211 578
718 579
303 720
885 474
342 339
662 395
529 730
875 276
891 421
563 101
144 832
925 244
186 205
558 514
38 195
291 642
152 927
27 128
862 743
336 414
497 391
326 608
849 520
4 141
814 258
608 912
639 926
568 390
685 169
638 655
820 341
24 402
198 658
755 447
545 899
470 217
568 512
16 840
568 559
552 75
51 670
650 623
404 415
451 287
91 866
689 928
324 29
869 829
398 311
309 57
433 737
355 265
901 701
26 893
786 401
611 28
638 813
840 180
623 270
29 859
416 921
319 357
230 780
911 84
455 480
588 742
459 135
16 703
682 249
600 288
151 228
127 589
840 113
342 922
377 274
808 374
386 412
318 113
162 632
375 610
702 192
460 406
763 443
201 730
188 362
417 570
641 676
873 258
114 238
786 281
247 708
16 127
920 912
851 477
183 145
798 480
590 745
928 511
804 304
236 925
114 871
334 727
178 232
620 514
551 235
162 58
734 854
293 576
435 70
620 428
899 852
587 896
844 30
311 157
164 93
239 440
431 470
121 201
913 15
214 397
236 672
241 874
196 430
112 611
513 258
354 274
292 50
161 629
738 558
799 548
192 675
218 104
831 329
392 819
72 687
346 756
668 714
75 831
632 557
611 127
783 246
184 754
197 163
670 217
915 487
94 879
795 763
335 485
693 668
526 883
612 306
921 668
61 487
265 133
558 304
741 477
359 786
240 318
615 440
99 63
230 523
650 810
352 224
171 467
916 220
122 733
907 315
767 58
56 633
724 99
106 540
482 613
774 260
552 581
428 183
525 202
690 894
150 544
619 688
876 814
232 910
292 150
141 361
888 693
243 606
627 580
810 695
570 729
825 68
17 541
109 426
388 798
654 448
600 647
215 226
506 693
832 760
1 487
479 447
549 911
630 350
459 511
841 69
172 414
348 710
120 456
714 699
699 299
604 920
70 276
89 522
551 182
65 269
523 302
919 848
188 33
649 907
412 530
191 852
689 314
804 682
143 1
611 863
850 514
226 379
427 633
481 798
463 702
0 881
329 223
312 0
17 629
46 485
389 697
129 201
428 61
460 902
242 280
858 260
379 817
526 33
383 46
150 904
95 662
571 289
849 620
140 24
677 462
207 242
913 45
926 695
503 106
726 927
872 419
813 309
132 412
579 533
432 123
693 443
455 117
565 763
924 92
535 693
830 649
549 711
595 786
836 413
842 681
844 815
287 363
549 316
913 778
641 926
916 342
256 3
710 131
443 158
52 65
72 552
670 55
861 434
165 698
545 167
668 889
912 345
565 637
851 690
336 222
754 480
568 766
492 155
437 680
460 545
838 408
772 385
133 237
68 295
365 436
398 671
189 114
503 77
368 128
545 801
54 462
357 178
860 213
654 251
234 795
502 270
915 582
726 771
379 169
454 414
204 547
220 116
92 851
855 692
86 468
413 199
367 489
358 790
16 383
830 408
400 181
854 847
591 702
737 928
593 111
677 840
800 441
156 831
535 109
818 294
78 808
598 485
320 66
651 216
599 318
299 759
58 688
862 497
234 846
247 755
371 48
146 12
310 765
575 686
793 289
648 445
411 16
416 186
856 593
906 775
47 853
250 278
564 416
454 255
121 820
792 824
747 788
431 488
16 540
329 453
443 459
708 870
531 694
372 693
518 586
513 813
344 902
301 229
283 362
721 822
211 741
344 849
209 593
592 386
378 430
217 414
310 505
102 826
616 289
879 102
465 382
824 264
462 636
536 921
842 185
926 446
343 703
836 152
575 298
867 311
604 364
547 93
508 284
838 353
584 684
676 848
545 502
149 259
220 609
604 812
235 322
153 796
95 784
543 433
75 400
378 918
425 108
175 768
515 319
259 835
1 334
673 649
510 622
455 459
195 606
780 398
128 418
558 694
599 69
541 904
655 840
409 141
494 693
131 299
630 432
24 8
656 520
913 357
505 492
211 660
244 281
303 156
762 714
630 775
829 523
842 524
613 195
598 125
680 562
59 91
871 306
524 871
201 201
759 685
364 152
917 19
833 839
620 256
812 413
181 897
852 765
121 27
305 744
209 837
117 604
354 393
895 240
851 270
149 188
669 655
324 67
234 330
20 601
436 800
94 851
146 677
766 61
755 763
571 494
170 438
697 47
512 580
220 880
706 529
443 899
394 471
106 337
792 309
857 899
759 534
247 643
130 279
729 260
152 73
555 789
233 580
141 365
662 394
275 467
877 352
830 336
670 612
649 494
53 382
475 817
235 345
264 476
303 549
232 260
266 906
535 379
619 134
193 701
683 441
17 693
723 622
559 584
533 533
748 826
68 194
923 844
848 667
215 628
884 333
338 425
87 205
799 450
394 356
718 562
636 336
528 536
16 171
330 787
195 928
765 719
794 870
798 905
559 98
236 862
801 233
464 753
564 875
798 346
486 879
372 212
237 210
341 425
527 256
731 68
263 340
438 372
17 815
439 631
380 790
62 56
165 131
466 834
458 320
531 20
720 368
682 677
873 403
702 857
11 643
47 782
739 468
824 582
269 414
865 235
148 856
257 4
547 852
174 736
42 10
344 212
231 291
88 912
225 494
591 743
607 499
184 97
287 94
60 912
182 654
645 324
380 298
764 593
365 913
924 781
227 853
382 37
466 787
73 124
593 43
235 779
811 212
397 552
838 829
872 783
113 414
839 351
903 574
565 929
65 203
821 196
768 872
276 169
91 767
665 789
744 186
709 169
794 146
578 169
80 87
898 111
152 499
404 857
237 430
600 767
816 437
156 310
883 39
882 777
39 615
148 549
845 497
738 431
469 913
23 708
229 673
661 641
20 786
680 220
838 404
856 523
24 630
23 444
169 601
315 595
601 762
14 893
833 230
532 208
331 591
528 551
525 732
128 422
822 160
294 476
432 381
874 792
718 322
599 368
59 927
487 254
81 468
171 590
97 380
741 697
339 396
718 344
204 18
565 576
388 299
457 311
4 269
289 876
609 797
340 692
58 687
784 164
755 358
37 15
627 87
25 61
211 859
393 0
353 60
807 878
911 207
137 883
240 429
860 126
629 707
850 584
326 752
234 558
9 429
700 40
337 179
901 830
917 98
204 105
190 336
102 333
131 107
925 15
20 166
375 906
504 554
902 644
370 646
186 898
458 332
856 279
64 891
571 484
222 652
384 423
436 518
865 926
409 894
902 5
15 821
448 311
611 278
279 920
827 513
660 381
606 636
537 864
256 876
413 533
307 141
311 206
868 769
27 198
332 343
224 188
841 692
868 161
677 277
603 800
388 694
443 205
494 831
475 596
772 630
477 886
755 630
354 610
754 174
673 77
836 642
809 27
384 905
885 241
386 4
99 788
315 762
4 851
410 559
269 292
655 44
40 518
273 611
382 343
282 689
474 492
721 4
7 822
398 291
226 28
486 395
908 125
402 14
92 327
60 710
655 36
874 441
416 192
325 910
14 691
183 586
917 484
524 574
477 210
830 571
189 777
397 357
804 737
84 725
108 762
344 816
175 185
85 815
636 877
32 772
571 78
401 764
460 26
474 489
904 196
735 880
370 538
853 859
119 134
15 12
559 446
622 547
632 277
616 175
92 797
558 758
319 557
17 431
440 233
655 442
98 690
794 312
856 134
68 401
317 577
580 864
174 471
575 677
706 300
781 482
919 624
929 428
754 822
420 637
88 457
150 67
478 717
78 565
358 852
343 192
838 774
89 655
13 889
366 35
472 119
29 532
501 6
193 230
514 707
36 558
481 363
339 604
465 363
476 600
443 304
326 159
766 642
632 537
690 374
681 82
643 390
781 846
272 137
499 26
883 874
186 694
3 398
108 326
520 43
540 55
378 734
258 443
80 847
844 484
764 325
457 857
869 567
333 446
431 212
90 894
640 588
470 77
570 517
927 610
365 743
144 564
668 677
570 671
643 815
529 553
250 431
129 476
130 22
325 434
773 570
450 215
556 106
821 383
255 179
111 404
423 276
732 558
489 66
444 629
166 315
430 541
411 918
138 36
78 689
341 370
591 711
809 232
204 753
123 824
678 841
585 44
425 914
848 419
498 915
710 299
523 865
380 34
199 259
547 213
926 660
156 750
612 633
754 251
136 834
656 8
470 666
46 543
230 603
150 795
320 636
674 400
616 890
698 166
259 366
595 183
71 773
869 929
241 179
578 842
549 462
640 402
98 803
260 260
799 670
297 668
645 879
908 924
371 903
271 696
763 223
448 815
366 397
507 772
316 210
449 499
489 568
174 474
459 610
899 197
86 648
814 320
691 869
15 399
636 784
550 667
196 894
563 620
434 871
232 141
715 410
288 329
53 535
583 215
911 135
828 866
37 248
559 911
145 19
216 741
903 917
437 169
497 873
307 688
801 74
251 917
101 322
386 721
866 254
734 276
532 449
484 270
805 496
628 103
18 835
683 132
793 882
788 106
485 499
331 441
354 219
620 542
169 416
622 409
56 855
476 821
205 84
138 603
165 897
925 905
184 178
826 684
576 439
404 300
339 264
231 364
259 469
538 752
482 562
694 341
586 501
343 540
206 585
852 218
21 792
167 664
252 149
563 631
519 621
765 191
301 698
893 46
427 529
908 799
872 565
865 792
779 529
835 203
888 510
678 844
256 493
120 640
499 906
294 638
672 212
234 640
894 181
624 670
869 199
479 280
860 221
913 627
763 848
558 117
449 385
127 697
453 434
356 615
705 569
729 42
702 792
917 767
609 445
725 395
878 660
223 604
41 719
911 544
47 493
47 796
288 217
456 516
643 712
260 287
841 286
82 302
863 740
705 446
314 883
613 418
876 474
590 82
388 59
531 801
481 14
321 419
179 411
830 249
610 595
593 570
494 396
28 678
527 135
510 557
820 320
568 106
20 230
312 851
72 903
918 340
838 845
555 12
841 117
128 368
258 809
9 254
501 126
668 850
398 31
228 904
247 226
565 627
746 754
872 691
175 95
822 713
343 403
66 19
87 159
882 876
439 319
784 910
552 374
108 406
296 731
884 190
827 59
806 560
215 583
215 738
673 681
884 849
493 884
684 643
773 857
51 723
889 829
87 725
376 77
307 612
902 28
671 304
51 302
702 558
924 228
409 395
696 525
75 1
817 212
403 840
185 431
531 440
570 241
586 594
709 77
463 593
449 319
90 783
586 707
2 595
14 885
901 225
561 622
142 598
306 308
20 89
85 483
637 567
926 718
822 772
813 633
810 24
31 197
819 231
514 88
130 852
906 809
505 157
204 440
558 866
49 12
654 521
573 797
586 99
687 824
623 734
810 608
322 509
201 557
495 426
619 99
131 78
751 515
62 750
415 114
756 406
142 521
698 304
774 18
755 446
168 622
146 79
289 779
577 835
12 577
619 491
129 555
775 176
206 522
386 885
338 729
689 641
511 188
911 556
478 431
302 258
625 125
165 388
51 30
35 100
796 924
246 18
78 809
835 79
707 724
77 371
185 402
669 297
51 244
101 733
534 160
515 7
345 115
279 279
508 448
126 268
277 108
276 636
397 494
742 310
206 196
528 110
653 102
818 850
575 45
753 109
362 520
379 785
52 523
33 244
59 89
16 36
507 880
443 96
836 635
25 337
662 830
710 602
783 383
52 713
108 334
298 816
348 468
780 909
546 18
549 553
556 273
70 581
148 605
59 556
740 308
855 510
577 854
405 506
759 157
634 843
271 685
902 804
213 441
303 54
352 315
744 252
191 891
116 169
482 476
250 399
169 700
118 290
716 699
312 803
398 129
77 277
456 227
809 201
166 440
65 654
94 708
497 327
346 119
894 400
687 622
870 128
643 412
574 793
298 717
879 562
481 834
386 871
612 880
547 484
267 358
423 204
308 454
166 417
892 261
676 817
693 569
647 865
623 765
493 142
662 447
233 500
873 861
783 589
778 855
649 152
831 634
642 105
591 846
51 525
356 236
67 722
159 627
613 141
315 797
434 244
504 163
562 909
476 182
523 617
741 866
529 342
213 676
433 740
929 422
816 845
478 372
22 97
517 34
86 220
192 738
309 671
201 338
283 813
160 545
282 882
707 417
0 620
178 164
29 113
730 168
342 508
167 746
861 487
801 352
477 154
273 722
510 288
609 842
399 542
865 106
326 216
872 14
360 616
907 395
906 350
358 647
835 301
85 153
367 658
651 449
637 491
853 301
500 551
778 657
818 320
519 28
200 435
200 182
875 525
662 214
450 928
895 353
528 822
727 65
662 918
230 879
191 761
447 191
263 540
314 223
666 71
612 367
137 515
893 308
277 484
907 391
170 353
902 505
164 386
460 708
850 897
628 278
671 207
7 583
46 68
112 267
468 575
132 470
85 517
587 470
185 374
478 864
19 480
855 671
232 694
649 470
382 912
487 692
17 826
451 6
904 377
26 99
874 444
84 277
227 258
11 187
82 218
380 427
599 355
335 48
337 839
189 861
72 140
94 33
245 70
408 732
574 162
810 161
286 891
599 849
206 798
498 71
420 289
149 672
294 620
278 227
213 128
732 210
478 382
913 483
768 563
67 247
63 182
236 361
482 876
564 807
769 222
224 109
918 502
773 179
433 280
572 493
666 88
123 743
628 687
720 852
137 125
902 885
62 497
305 611
618 856
11 574
763 399
709 82
592 471
747 446
295 185
571 609
641 521
98 434
402 721
637 805
87 788
112 389
93 392
798 389
100 484
146 475
157 344
790 151
693 398
830 220
536 255
580 514
182 228
293 683
255 556
925 230
737 812
373 198
568 442
311 548
898 331
542 72
68 128
750 922
274 245
123 51
17 158
597 894
78 268
14 134
445 69
227 87
447 882
495 586
187 326
693 423
741 152
825 149
145 636
898 915
721 800
544 472
207 434
555 22
122 47
450 272
650 49
496 335
160 352
805 513
723 21
417 385
506 311
654 207
847 737
206 549
740 443
399 850
855 384
915 72
299 287
637 741
901 826
656 604
267 355
546 800
29 285
639 541
307 430
329 599
583 482
407 853
700 815
633 25
551 571
519 207
793 38
275 213
786 828
314 499
299 599
914 201
349 331
536 390
305 316
407 867
75 44
690 555
522 250
637 522
122 439
903 695
383 56
269 133
146 349
429 52
85 22
448 883
492 364
27 397
663 569
177 667
373 291
40 720
730 366
262 393
70 603
445 446
91 167
459 143
563 128
133 305
913 839
244 402
811 457
569 695
396 649
41 338
903 500
386 150
784 660
312 248
16 413
551 106
50 49
268 159
612 0
808 846
110 646
118 137
517 647
708 620
31 235
826 276
659 389
641 590
128 715
666 98
810 332
733 265
143 314
699 157
573 544
41 691
82 845
556 492
648 827
112 203
218 477
188 529
284 594
870 360
213 549
437 317
184 366
190 601
114 756
865 10
383 789
684 838
621 70
859 905
66 232
5 72
668 728
811 71
470 789
686 115
713 323
909 297
287 693
870 421
854 334
652 352
515 889
916 848
696 552
209 283
547 139
108 640
247 388
113 355
238 184
255 617
405 236
680 338
662 334
634 16
612 106
271 324
348 83
238 40
451 660
649 792
483 482
127 525
474 819
784 648
618 292
703 279
41 456
735 428
167 239
313 366
319 117
322 415
717 212
190 154
184 500
918 550
921 187
554 29
726 103
216 618
624 174
83 142
450 636
188 209
787 277
343 683
383 816
222 780
335 551
470 872
3 878
497 839
110 82
247 724
310 209
728 783
341 647
620 738
134 470
685 709
207 723
275 179
789 375
838 316
416 235
664 847
381 186
297 866
747 348
929 485
730 717
526 835
59 776
923 909
707 481
667 587
498 848
304 265
172 810
320 725
539 111
97 628
19 101
221 558
173 593
641 530
673 642
910 647
627 622
612 51
132 882
767 7
878 91
214 913
410 384
550 407
422 432
561 918
553 730
582 78
425 539
48 119
303 315
260 649
586 834
708 714
743 744
142 737
193 483
642 904
577 404
855 351
792 700
695 237
294 551
268 330
129 641
275 53
180 209
760 810
36 77
12 504
376 771
592 435
561 428
654 350
56 30
695 533
403 22
32 526
623 774
413 308
437 109
319 535
808 669
919 921
102 383
207 202
715 537
697 308
608 30
834 184
361 111
850 453
286 390
107 717
259 156
518 552
766 747
50 891
374 582
173 461
376 755
900 206
691 619
730 806
323 543
510 716
627 5
438 138
821 425
50 479
520 907
2 495
293 40
925 907
287 851
717 169
711 530
343 103
621 454
808 722
695 218
634 309
835 810
859 137
870 685
721 787
589 84
257 86
509 346
136 222
448 670
685 921
449 819
586 243
805 798
909 818
818 302
791 547
67 372
657 290
891 542
27 196
364 382
100 613
459 686
450 684
579 872
614 28
553 134
724 71
926 789
14 849
167 671
247 609
99 570
538 654
191 742
18 918
462 581
137 631
452 632
10 345
33 627
760 714
230 303
295 289
231 325
779 844
185 472
536 5
410 421
816 687
749 603
583 731
431 26
399 28
98 507
426 179
568 35
563 133
653 273
309 199
34 70
40 772
140 188
909 753
566 903
44 896
386 189
726 301
807 471
109 882
788 554
184 735
85 11
166 503
182 358
426 158
527 793
261 624
613 717
629 629
205 275
436 608
187 908
755 849
5 250
162 611
378 782
679 146
760 676
832 8
211 395
597 76
686 491
870 105
388 143
907 605
609 868
289 630
914 268
909 359
119 137
37 689
10 441
152 877
366 533
394 514
261 403
483 365
296 847
478 449
586 905
508 518
332 810
255 213
406 801
381 95
592 376
136 549
827 879
624 836
922 573
384 416
830 42
93 60
888 854
878 88
17 795
391 235
612 556
873 730
565 342
710 523
918 358
64 663
375 97
841 438
836 603
327 66
836 640
128 108
320 239
564 499
506 440
259 859
131 893
460 777
465 387
849 107
165 199
875 413
389 548
646 906
678 662
810 528
606 712
674 408
629 912
516 501
622 538
567 384
914 661
621 117
113 469
216 672
747 53
199 290
306 818
681 739
126 494
901 536
366 381
318 663
40 346
535 259
137 49
178 427
577 407
878 625
530 623
148 511
148 372
88 801
454 106
751 323
385 234
77 499
681 688
73 62
488 736
583 804
94 382
783 639
91 358
128 586
455 462
435 120
799 91
306 283
831 10
405 490
567 459
291 763
484 739
887 536
350 800
549 500
871 350
251 469
858 177
833 466
205 216
770 246
786 595
100 455
16 497
546 460
111 608
176 486
456 437
372 27
627 466
324 626
394 670
58 789
813 387
311 289
85 325
671 443
442 780
479 530
41 296
668 688
833 422
26 182
481 768
126 229
310 511
684 606
218 621
199 715
176 206
826 684
382 210
783 171
747 597
332 124
469 610
576 752
735 347
364 281
336 279
829 893
614 198
835 627
717 400
307 266
525 267
137 438
726 197
369 139
804 599
750 773
245 927
696 50
147 831
743 858
803 877
531 139
63 916
133 342
232 411
501 13
144 351
262 107
928 538
677 297
696 491
439 716
143 284
57 794
494 571
732 216
154 56
124 51
132 305
172 781
215 333
430 369
451 487
35 343
249 55
523 1
644 870
1 641
882 143
695 621
0 754
468 636
108 864
869 871
183 63
320 81
166 529
184 215
590 636
202 118
751 224
500 245
883 571
632 472
83 53
310 152
898 687
740 258
422 120
278 255
750 440
522 868
403 105
35 735
101 740
664 187
844 874
888 52
319 27
666 373
101 860
766 223
282 10
97 396
383 45
214 749
313 634
688 873
204 916
619 862
840 610
285 499
779 320
736 198
633 328
141 646
392 302
580 521
665 213
387 595
112 49
516 581
782 12
390 712
835 31
14 293
821 781
519 345
728 912
98 594
166 283
544 857
627 517
328 6
624 885
870 73
172 373
210 523
849 927
481 248
168 222
345 511
450 640
594 154
777 35
868 620
327 916
678 202
53 72
311 623
380 707
304 816
780 463
836 682
511 174
634 387
56 877
493 163
638 787
421 301
579 103
42 854
800 231
704 175
823 754
841 884
215 476
55 646
701 48
842 732
395 722
769 655
177 821
126 497
762 738
122 358
898 343
541 124
323 874
472 871
374 884
206 775
392 48
169 794
199 879
110 25
443 257
456 901
286 387
732 29
319 819
801 67
598 115
404 101
844 172
456 583
656 613
234 801
401 453
400 419
624 796
850 223
864 164
276 864
660 700
607 66
234 790
276 492
101 377
895 67
139 202
276 606
923 710
821 802
636 732
888 344
755 530
24 575
919 35
803 492
486 88
153 37
781 860
324 334
653 12
16 773
851 792
85 700
795 840
526 857
803 211
854 269
905 395
10 906
287 395
521 209
133 283
848 802
887 263
628 612
514 651
918 771
123 173
184 749
599 324
586 165
623 765
247 760
363 844
84 8
127 246
153 339
759 81
915 921
182 103
341 621
170 22
101 428
90 727
200 596
226 672
12 29
482 925
90 403
229 137
62 153
149 739
611 595
91 207
165 302
162 778
450 116
140 244
785 109
580 38
774 842
231 872
4 114
524 210
757 561
124 234
806 885
582 2
730 656
14 604