950
4749
0,
1,
2,
3,
4,
5,
6,
7,
8,
9,
10,
11,
12,
13,
14,
15,
16,
17,
18,
19,
20,
21,
22,
23,
24,
25,
26,
27,
28,
29,
30,
31,
32,
33,
34,
35,
36,
37,
38,
39,
40,
41,
42,
43,
44,
45,
46,
47,
48,
49,
50,
51,
52,
53,
54,
55,
56,
57,
58,
59,
60,
61,
62,
63,
64,
65,
66,
67,
68,
69,
70,
71,
72,
73,
74,
75,
76,
77,
78,
79,
80,
81,
82,
83,
84,
85,
86,
87,
88,
89,
90,
91,
92,
93,
94,
95,
96,
97,
98,
99,
100,
101,
102,
103,
104,
105,
106,
107,
108,
109,
110,
111,
112,
113,
114,
115,
116,
117,
118,
119,
120,
121,
122,
123,
124,
125,
126,
127,
128,
129,
130,
131,
132,
133,
134,
135,
136,
137,
138,
139,
140,
141,
142,
143,
144,
145,
146,
147,
148,
149,
150,
151,
152,
153,
154,
155,
156,
157,
158,
159,
160,
161,
162,
163,
164,
165,
166,
167,
168,
169,
170,
171,
172,
173,
174,
175,
176,
177,
178,
179,
180,
181,
182,
183,
184,
185,
186,
187,
188,
189,
190,
191,
192,
193,
194,
195,
196,
197,
198,
199,
200,
201,
202,
203,
204,
205,
206,
207,
208,
209,
210,
211,
212,
213,
214,
215,
216,
217,
218,
219,
220,
221,
222,
223,
224,
225,
226,
227,
228,
229,
230,
231,
232,
233,
234,
235,
236,
237,
238,
239,
240,
241,
242,
243,
244,
245,
246,
247,
248,
249,
250,
251,
252,
253,
254,
255,
256,
257,
258,
259,
260,
261,
262,
263,
264,
265,
266,
267,
268,
269,
270,
271,
272,
273,
274,
275,
276,
277,
278,
279,
280,
281,
282,
283,
284,
285,
286,
287,
288,
289,
290,
291,
292,
293,
294,
295,
296,
297,
298,
299,
300,
301,
302,
303,
304,
305,
306,
307,
308,
309,
310,
311,
312,
313,
314,
315,
316,
317,
318,
319,
320,
321,
322,
323,
324,
325,
326,
327,
328,
329,
330,
331,
332,
333,
334,
335,
336,
337,
338,
339,
340,
341,
342,
343,
344,
345,
346,
347,
348,
349,
350,
351,
352,
353,
354,
355,
356,
357,
358,
359,
360,
361,
362,
363,
364,
365,
366,
367,
368,
369,
370,
371,
372,
373,
374,
375,
376,
377,
378,
379,
380,
381,
382,
383,
384,
385,
386,
387,
388,
389,
390,
391,
392,
393,
394,
395,
396,
397,
398,
399,
400,
401,
402,
403,
404,
405,
406,
407,
408,
409,
410,
411,
412,
413,
414,
415,
416,
417,
418,
419,
420,
421,
422,
423,
424,
425,
426,
427,
428,
429,
430,
431,
432,
433,
434,
435,
436,
437,
438,
439,
440,
441,
442,
443,
444,
445,
446,
447,
448,
449,
450,
451,
452,
453,
454,
455,
456,
457,
458,
459,
460,
461,
462,
463,
464,
465,
466,
467,
468,
469,
470,
471,
472,
473,
474,
475,
476,
477,
478,
479,
480,
481,
482,
483,
484,
485,
486,
487,
488,
489,
490,
491,
492,
493,
494,
495,
496,
497,
498,
499,
500,
501,
502,
503,
504,
505,
506,
507,
508,
509,
510,
511,
512,
513,
514,
515,
516,
517,
518,
519,
520,
521,
522,
523,
524,
525,
526,
527,
528,
529,
530,
531,
532,
533,
534,
535,
536,
537,
538,
539,
540,
541,
542,
543,
544,
545,
546,
547,
548,
549,
550,
551,
552,
553,
554,
555,
556,
557,
558,
559,
560,
561,
562,
563,
564,
565,
566,
567,
568,
569,
570,
571,
572,
573,
574,
575,
576,
577,
578,
579,
580,
581,
582,
583,
584,
585,
586,
587,
588,
589,
590,
591,
592,
593,
594,
595,
596,
597,
598,
599,
600,
601,
602,
603,
604,
605,
606,
607,
608,
609,
610,
611,
612,
613,
614,
615,
616,
617,
618,
619,
620,
621,
622,
623,
624,
625,
626,
627,
628,
629,
630,
631,
632,
633,
634,
635,
636,
637,
638,
639,
640,
641,
642,
643,
644,
645,
646,
647,
648,
649,
650,
651,
652,
653,
654,
655,
656,
657,
658,
659,
660,
661,
662,
663,
664,
665,
666,
667,
668,
669,
670,
671,
672,
673,
674,
675,
676,
677,
678,
679,
680,
681,
682,
683,
684,
685,
686,
687,
688,
689,
690,
691,
692,
693,
694,
695,
696,
697,
698,
699,
700,
701,
702,
703,
704,
705,
706,
707,
708,
709,
710,
711,
712,
713,
714,
715,
716,
717,
718,
719,
720,
721,
722,
723,
724,
725,
726,
727,
728,
729,
730,
731,
732,
733,
734,
735,
736,
737,
738,
739,
740,
741,
742,
743,
744,
745,
746,
747,
748,
749,
750,
751,
752,
753,
754,
755,
756,
757,
758,
759,
760,
761,
762,
763,
764,
765,
766,
767,
768,
769,
770,
771,
772,
773,
774,
775,
776,
777,
778,
779,
780,
781,
782,
783,
784,
785,
786,
787,
788,
789,
790,
791,
792,
793,
794,
795,
796,
797,
798,
799,
800,
801,
802,
803,
804,
805,
806,
807,
808,
809,
810,
811,
812,
813,
814,
815,
816,
817,
818,
819,
820,
821,
822,
823,
824,
825,
826,
827,
828,
829,
830,
831,
832,
833,
834,
835,
836,
837,
838,
839,
840,
841,
842,
843,
844,
845,
846,
847,
848,
849,
850,
851,
852,
853,
854,
855,
856,
857,
858,
859,
860,
861,
862,
863,
864,
865,
866,
867,
868,
869,
870,
871,
872,
873,
874,
875,
876,
877,
878,
879,
880,
881,
882,
883,
884,
885,
886,
887,
888,
889,
890,
891,
892,
893,
894,
895,
896,
897,
898,
899,
900,
901,
902,
903,
904,
905,
906,
907,
908,
909,
910,
911,
912,
913,
914,
915,
916,
917,
918,
919,
920,
921,
922,
923,
924,
925,
926,
927,
928,
929,
930,
931,
932,
933,
934,
935,
936,
937,
938,
939,
940,
941,
942,
943,
944,
945,
946,
947,
948,
949
702 626
626 352
352 46
46 893
893 539
539 213
213 684
684 144
144 450
450 623
623 760
760 663
663 771
771 643
643 860
860 205
205 511
511 672
672 448
448 16
16 818
818 15
15 121
121 647
647 109
109 134
134 753
753 130
130 538
538 691
691 897
897 516
516 530
530 613
613 843
843 325
325 36
36 533
533 276
276 53
53 900
900 271
271 583
583 785
785 784
784 362
362 798
798 343
343 540
540 11
11 396
396 527
527 467
467 812
812 641
641 666
666 170
170 393
393 248
248 200
200 718
718 444
444 377
377 72
72 452
452 931
931 850
850 379
379 590
590 682
682 273
273 270
270 197
197 658
658 632
632 23
23 902
902 458
458 365
365 186
186 426
426 752
752 829
829 630
630 944
944 296
296 199
199 218
218 142
142 484
484 417
417 526
526 423
423 592
592 899
899 883
883 39
39 110
110 136
136 324
324 369
369 912
912 625
625 440
440 432
432 884
884 517
517 674
674 22
22 475
475 295
295 773
773 123
123 945
945 291
291 557
557 62
62 665
665 231
231 284
284 385
385 292
292 174
174 367
367 549
549 487
487 558
558 680
680 175
175 405
405 593
593 255
255 105
105 181
181 219
219 521
521 71
71 546
546 331
331 926
926 433
433 436
436 373
373 241
241 670
670 677
677 499
499 304
304 169
169 913
913 139
139 124
124 40
40 559
559 783
783 223
223 600
600 337
337 522
522 660
660 743
743 254
254 468
468 209
209 836
836 439
439 492
492 708
708 704
704 401
401 138
138 100
100 882
882 576
576 60
60 391
391 601
601 903
903 542
542 406
406 360
360 830
830 876
876 627
627 464
464 182
182 187
187 555
555 222
222 904
904 916
916 569
569 911
911 90
90 287
287 407
407 163
163 820
820 153
153 27
27 525
525 907
907 184
184 575
575 621
621 50
50 925
925 201
201 503
503 585
585 214
214 31
31 696
696 694
694 919
919 461
461 93
93 334
334 198
198 300
300 162
162 431
431 606
606 934
934 301
301 207
207 756
756 10
10 383
383 75
75 683
683 786
786 864
864 728
728 580
580 51
51 54
54 780
780 588
588 932
932 333
333 717
717 311
311 737
737 817
817 7
7 500
500 473
473 639
639 384
384 495
495 413
413 388
388 651
651 340
340 225
225 32
32 108
108 510
510 179
179 347
347 252
252 839
839 470
470 552
552 635
635 943
943 777
777 577
577 41
41 67
67 806
806 243
243 909
909 355
355 356
356 415
415 620
620 888
888 421
421 794
794 595
595 171
171 485
485 755
755 476
476 455
455 742
742 397
397 766
766 687
687 313
313 344
344 449
449 870
870 44
44 155
155 61
61 272
272 816
816 652
652 566
566 700
700 414
414 857
857 30
30 99
99 873
873 637
637 505
505 164
164 96
96 906
906 501
501 364
364 618
618 216
216 260
260 185
185 788
788 547
547 59
59 104
104 346
346 735
735 763
763 942
942 193
193 933
933 616
616 481
481 240
240 661
661 101
101 128
128 646
646 306
306 341
341 28
28 678
678 706
706 675
675 471
471 868
868 224
224 739
739 822
822 634
634 808
808 203
203 757
757 37
37 463
463 321
321 570
570 98
98 619
619 328
328 131
131 801
801 118
118 834
834 922
922 58
58 76
76 733
733 68
68 513
513 354
354 845
845 650
650 892
892 25
25 562
562 229
229 489
489 571
571 534
534 594
594 603
603 275
275 129
129 815
815 312
312 21
21 550
550 939
939 235
235 797
797 65
65 792
792 749
749 604
604 480
480 520
520 767
767 238
238 597
597 133
133 689
689 274
274 924
924 736
736 531
531 506
506 350
350 732
732 483
483 132
132 633
633 320
320 896
896 33
33 454
454 862
862 828
828 796
796 502
502 389
389 400
400 146
146 758
758 914
914 457
457 703
703 310
310 210
210 810
810 332
332 47
47 764
764 408
408 398
398 478
478 645
645 610
610 353
353 662
662 622
622 178
178 147
147 447
447 631
631 18
18 482
482 56
56 744
744 490
490 795
795 740
740 545
545 507
507 551
551 881
881 891
891 309
309 307
307 936
936 262
262 898
898 544
544 268
268 854
854 805
805 239
239 466
466 803
803 535
535 692
692 429
429 1
1 648
648 628
628 685
685 738
738 280
280 294
294 668
668 512
512 649
649 581
581 813
813 217
217 874
874 374
374 327
327 390
390 395
395 148
148 143
143 609
609 465
465 342
342 676
676 659
659 640
640 669
669 493
493 318
318 596
596 479
479 64
64 202
202 655
655 770
770 877
877 399
399 729
729 905
905 434
434 469
469 339
339 245
245 453
453 165
165 230
230 714
714 673
673 841
841 168
168 494
494 265
265 681
681 872
872 314
314 349
349 880
880 582
582 827
827 3
3 644
644 372
372 605
605 2
2 852
852 711
711 151
151 251
251 326
326 122
122 573
573 158
158 701
701 488
488 74
74 263
263 496
496 774
774 831
831 106
106 358
358 191
191 237
237 871
871 679
679 847
847 690
690 6
6 305
305 253
253 49
49 80
80 55
55 697
697 116
116 17
17 127
127 878
878 451
451 228
228 848
848 578
578 917
917 14
14 430
430 462
462 380
380 851
851 266
266 456
456 166
166 34
34 412
412 727
727 363
363 176
176 79
79 392
392 66
66 556
556 654
654 63
63 410
410 246
246 329
329 869
869 167
167 509
509 381
381 858
858 394
394 114
114 819
819 838
838 330
330 376
376 443
443 918
918 859
859 12
12 865
865 141
141 614
614 536
536 357
357 524
524 370
370 190
190 787
787 445
445 698
698 761
761 497
497 821
821 319
319 790
790 759
759 842
842 416
416 927
927 890
890 117
117 57
57 746
746 894
894 730
730 242
242 664
664 285
285 793
793 258
258 518
518 140
140 250
250 671
671 826
826 73
73 548
548 293
293 910
910 519
519 875
875 937
937 688
688 189
189 267
267 879
879 335
335 315
315 693
693 126
126 403
403 837
837 849
849 514
514 102
102 137
137 529
529 599
599 863
863 5
5 103
103 247
247 472
472 638
638 297
297 811
811 119
119 656
656 579
579 460
460 734
734 486
486 283
283 721
721 112
112 949
949 282
282 4
4 89
89 288
288 856
856 715
715 111
111 29
29 908
908 45
45 886
886 227
227 277
277 226
226 825
825 94
94 404
404 177
177 286
286 853
853 107
107 762
762 713
713 768
768 554
554 642
642 725
725 695
695 156
156 269
269 375
375 477
477 901
901 220
220 256
256 804
804 560
560 204
204 636
636 719
719 615
615 20
20 948
948 572
572 624
624 194
194 947
947 930
930 322
322 427
427 667
667 348
348 308
308 257
257 161
161 92
92 95
95 754
754 459
459 791
791 861
861 584
584 800
800 259
259 750
750 789
789 561
561 929
929 303
303 563
563 895
895 491
491 541
541 617
617 409
409 0
0 208
208 726
726 941
941 9
9 233
233 157
157 317
317 386
386 653
653 565
565 611
611 567
567 935
935 43
43 745
745 724
724 553
553 279
279 145
145 938
938 221
221 435
435 720
720 747
747 835
835 236
236 420
420 741
741 338
338 446
446 382
382 923
923 70
70 83
83 42
42 779
779 769
769 722
722 289
289 657
657 765
765 775
775 799
799 709
709 602
602 807
807 612
612 921
921 474
474 8
8 809
809 359
359 887
887 24
24 915
915 172
172 88
88 532
532 629
629 135
135 537
537 402
402 195
195 26
26 855
855 589
589 211
211 323
323 564
564 336
336 86
86 299
299 442
442 587
587 196
196 441
441 716
716 113
113 378
378 686
686 498
498 946
946 940
940 152
152 368
368 823
823 419
419 215
215 523
523 81
81 160
160 568
568 748
748 833
833 206
206 351
351 212
212 543
543 867
867 52
52 232
232 35
35 776
776 149
149 115
115 281
281 97
97 710
710 264
264 278
278 87
87 316
316 712
712 78
78 928
928 244
244 387
387 302
302 840
840 192
192 832
832 19
19 889
889 705
705 772
772 731
731 366
366 173
173 38
38 298
298 574
574 154
154 598
598 120
120 150
150 782
782 422
422 699
699 586
586 188
188 234
234 345
345 607
607 249
249 125
125 608
608 814
814 866
866 290
290 82
82 844
844 371
371 437
437 515
515 751
751 261
261 920
920 508
508 361
361 69
69 424
424 180
180 723
723 504
504 418
418 48
48 778
778 438
438 428
428 591
591 824
824 781
781 885
885 13
13 85
85 183
183 846
846 159
159 84
84 425
425 77
77 528
528 707
707 91
91 802
802 411
800 823
656 289
330 723
731 613
669 490
918 540
611 32
121 535
561 430
154 542
363 91
547 417
544 863
374 37
177 906
140 33
241 552
776 314
249 478
467 340
180 63
314 222
204 904
101 438
275 244
135 803
872 281
250 8
203 383
488 72
25 439
727 190
864 443
252 422
430 912
771 447
897 658
24 927
866 455
313 26
529 277
240 202
225 462
532 703
577 574
131 615
498 58
718 322
373 133
767 868
448 67
327 897
74 672
587 855
430 256
793 410
589 519
368 675
854 81
232 938
533 472
526 820
675 207
299 602
928 413
674 296
234 340
931 227
525 604
368 572
499 192
211 481
657 786
882 862
768 460
703 410
390 716
103 394
428 167
291 482
878 693
400 67
407 648
695 78
742 619
140 105
445 666
446 270
606 764
14 32
483 114
171 180
700 428
667 750
105 221
232 646
650 352
572 146
354 885
690 715
170 173
521 453
452 218
25 241
52 213
65 408
99 533
132 408
629 607
658 291
308 13
360 863
211 96
473 196
459 491
611 572
316 452
344 207
213 701
788 95
201 410
876 273
142 726
762 491
300 446
621 807
909 213
481 671
20 337
547 575
390 735
111 719
321 117
665 763
121 551
206 746
266 581
80 827
233 1
120 30
448 694
110 877
145 925
897 44
405 949
565 279
942 140
617 340
138 219
745 264
648 931
80 198
898 344
513 94
595 710
250 862
413 300
716 571
608 157
360 240
77 765
621 187
188 62
506 46
126 349
51 721
904 550
385 394
217 491
698 947
428 589
886 902
604 744
238 159
941 824
156 54
269 19
259 292
138 20
220 54
718 698
589 303
599 824
135 285
229 909
846 550
841 848
191 654
793 356
788 422
576 551
848 511
688 910
788 489
298 310
765 186
678 486
5 499
644 458
237 826
669 32
437 792
377 310
200 766
724 48
101 303
398 824
406 15
292 738
72 371
404 243
311 150
578 363
225 116
920 240
438 415
297 151
351 266
519 175
807 431
541 251
649 200
201 504
289 498
229 562
563 534
252 539
514 410
207 721
681 699
418 709
637 655
503 887
77 204
145 529
292 290
559 796
69 23
377 354
264 667
242 398
831 536
286 428
63 836
29 619
250 619
463 101
470 848
204 940
77 437
372 619
546 516
364 826
66 595
852 220
746 182
632 447
500 778
59 661
897 621
495 752
313 173
209 875
84 206
627 811
179 430
21 744
608 748
499 38
470 805
540 944
454 882
514 13
754 215
123 326
558 857
376 677
630 47
655 856
35 307
874 215
166 906
161 755
695 103
342 55
247 766
243 923
34 194
299 946
75 380
497 796
320 289
811 681
862 583
3 233
252 793
818 823
626 722
135 415
554 665
892 171
417 227
891 78
35 192
166 186
235 156
322 96
314 890
353 624
667 314
407 31
699 148
769 795
50 575
828 131
80 248
774 18
264 691
638 855
944 837
233 610
829 612
823 876
494 759
287 538
510 866
0 570
777 328
370 624
943 411
214 65
464 691
821 112
415 778
754 126
73 878
38 608
544 321
155 775
899 134
897 871
818 639
88 793
900 103
574 674
690 450
777 542
581 895
38 399
757 852
75 49
383 729
751 462
313 488
202 218
357 260
849 75
373 559
527 667
66 895
164 418
154 41
175 283
286 328
30 404
781 228
412 739
279 520
258 80
311 906
266 866
376 420
176 374
132 850
351 774
693 354
402 387
66 665
617 860
118 258
633 806
265 493
430 159
799 46
736 838
25 219
942 456
341 620
56 598
36 913
501 775
254 280
323 485
291 207
817 170
565 27
12 376
816 875
890 228
198 915
6 83
949 242
466 567
694 148
644 602
662 783
453 54
542 595
264 495
243 508
734 322
174 374
871 396
512 641
526 854
264 794
939 348
381 266
82 411
373 888
342 229
471 203
781 812
120 73
940 545
80 667
400 436
910 674
585 931
124 777
579 929
141 201
191 584
760 575
32 456
601 491
667 493
745 243
664 331
789 397
447 398
253 935
714 513
260 917
540 605
768 30
56 619
371 1
439 738
926 726
718 118
418 149
70 500
450 404
40 206
443 222
446 167
247 910
212 779
185 684
444 84
827 702
651 533
911 792
746 934
583 918
679 603
657 855
233 847
525 342
176 514
841 388
479 776
491 394
436 572
120 889
196 761
25 363
27 424
590 577
574 570
555 312
239 631
208 478
323 423
785 391
324 559
593 88
454 927
400 911
423 949
584 652
21 82
535 816
532 932
50 148
279 196
187 734
50 211
176 732
47 216
267 832
419 908
795 508
693 238
9 876
570 383
540 283
258 855
592 710
821 681
781 725
284 184
916 260
714 282
284 156
868 39
452 623
781 25
494 222
273 558
301 382
310 336
621 418
443 573
639 517
699 857
374 565
272 721
931 886
912 833
662 775
200 471
798 879
918 407
672 311
563 592
173 305
25 214
193 940
728 595
256 911
13 70
114 134
288 866
734 366
238 760
444 621
88 345
686 230
800 438
348 291
528 584
390 44
360 705
244 589
224 403
501 113
866 418
35 486
942 719
376 625
532 659
438 142
58 328
18 527
75 304
651 75
892 159
500 400
721 117
149 691
131 432
112 89
730 725
872 192
156 167
623 727
832 404
903 707
248 150
351 210
681 2
471 604
829 608
96 495
614 192
734 320
6 111
941 904
187 227
560 723
904 228
299 858
499 435
195 907
648 523
654 284
17 237
14 776
908 777
639 360
211 187
115 379
688 928
255 904
925 567
884 303
306 294
545 817
69 67
603 272
773 886
723 826
26 698
712 726
147 693
211 796
889 209
338 805
674 574
753 536
470 438
206 751
791 931
518 138
287 79
753 345
601 150
114 133
128 450
865 780
283 614
139 816
256 384
244 742
88 456
917 821
229 254
149 673
490 563
17 697
739 681
87 939
82 130
476 23
253 891
582 496
658 868
848 492
820 396
779 769
402 494
926 205
199 702
152 467
314 860
417 769
250 912
828 458
938 133
584 851
893 625
34 451
85 578
357 168
297 687
417 389
92 105
80 589
530 406
837 356
712 10
82 16
928 640
680 360
508 367
79 853
744 542
316 716
683 647
508 622
752 522
276 619
281 335
291 840
416 401
62 580
435 47
681 661
224 351
400 307
641 619
63 657
612 100
344 611
374 162
394 696
98 770
921 51
762 132
921 900
520 32
198 689
436 577
783 913
785 686
101 294
802 453
136 273
692 660
651 287
78 457
864 654
35 102
536 255
162 428
594 312
48 175
801 32
783 201
576 257
404 558
314 779
848 141
522 712
634 48
118 254
554 889
205 751
576 753
912 454
118 24
160 385
826 342
411 864
428 936
382 524
93 528
939 128
75 328
792 701
161 139
663 364
878 354
897 230
329 405
902 777
122 429
105 727
533 398
214 728
496 922
350 528
66 53
449 363
357 293
387 637
652 445
197 296
838 582
106 53
753 781
826 890
94 667
943 676
298 726
155 288
940 274
208 51
258 189
888 785
342 418
128 879
853 702
218 729
165 113
597 295
611 782
742 400
431 806
41 514
593 421
859 134
926 521
327 858
315 773
178 538
786 822
261 591
149 783
716 523
151 417
671 120
193 425
87 330
649 807
176 555
880 632
713 855
478 813
744 794
342 736
372 464
710 905
854 822
236 121
50 576
886 145
650 49
143 801
494 549
542 669
575 660
673 395
113 509
725 764
823 396
301 686
533 823
432 576
645 214
329 579
57 731
771 921
850 714
696 235
293 945
252 181
930 18
710 949
893 332
677 357
807 475
160 658
115 549
127 628
851 551
924 814
484 291
3 893
188 476
414 867
118 851
658 683
7 852
729 217
335 104
623 84
516 452
912 396
298 942
485 728
394 70
675 25
304 478
806 539
294 820
811 334
437 828
523 322
531 785
395 186
616 948
513 512
484 546
765 779
554 210
191 120
701 85
915 434
27 353
424 497
646 413
229 634
398 154
452 433
474 929
77 895
591 642
342 751
482 768
582 647
24 482
33 241
8 540
914 101
513 287
508 908
175 358
59 349
130 458
816 128
260 279
338 90
934 144
862 892
527 345
586 21
782 775
449 266
864 903
932 30
885 55
690 70
670 688
725 580
649 76
769 3
907 543
502 643
518 536
408 430
230 437
800 120
480 210
357 43
892 888
183 488
186 788
381 288
170 61
405 723
500 614
375 598
36 721
787 796
430 433
136 101
511 157
472 310
918 375
715 250
548 886
387 635
926 482
944 322
457 31
327 29
707 411
646 541
877 112
216 565
245 90
487 937
71 454
855 6
589 303
710 212
737 20
701 290
627 83
725 469
320 137
216 405
804 401
881 587
854 360
295 771
627 129
99 164
21 526
532 810
80 18
553 740
108 323
893 768
729 83
605 464
468 37
333 82
733 854
647 757
365 845
910 326
146 632
112 337
528 345
596 886
598 707
666 477
95 421
408 808
571 490
297 771
106 713
626 631
899 428
11 849
538 602
9 516
83 714
546 5
777 304
907 589
749 571
124 526
825 509
1 840
3 469
63 807
76 81
223 0
270 51
507 811
836 725
585 898
216 39
8 867
577 845
344 279
396 674
233 194
418 293
854 226
610 143
887 516
164 246
664 474
825 365
162 367
341 702
59 784
46 217
803 904
799 894
947 898
328 605
305 826
285 667
479 424
412 815
42 632
762 435
340 867
155 30
85 835
401 534
41 559
233 720
225 205
676 109
31 838
431 624
809 288
449 506
497 501
178 456
773 660
834 943
316 721
27 425
534 22
412 913
59 497
732 764
214 226
184 795
531 731
842 110
805 714
598 707
818 647
911 622
70 526
846 546
415 475
258 594
471 575
464 644
17 686
246 1
774 763
937 939
26 333
5 880
624 529
228 18
284 576
303 843
313 833
405 508
683 15
901 62
96 892
153 741
382 395
706 669
454 509
322 642
639 461
837 133
132 492
141 535
420 824
461 301
614 565
754 13
285 933
938 799
30 727
363 298
8 579
525 644
54 656
495 514
208 843
338 177
248 99
376 776
349 324
611 130
134 780
310 250
149 467
325 451
340 451
835 198
736 118
385 403
87 750
280 823
573 299
758 775
485 652
422 112
425 944
814 541
722 838
105 551
815 625
166 847
109 253
52 496
579 482
469 766
507 819
533 671
886 365
843 671
182 849
527 75
308 632
759 142
824 931
55 256
207 843
380 273
85 530
602 70
342 364
860 676
581 547
572 799
110 716
490 323
709 401
620 142
57 724
918 631
797 418
354 703
917 476
540 608
355 107
893 447
224 232
633 355
723 272
791 108
900 60
345 850
717 600
230 939
794 556
900 528
465 874
352 535
116 938
669 120
511 781
589 440
809 412
367 773
313 367
421 836
124 609
340 850
200 926
873 251
385 293
489 577
385 633
155 248
741 83
588 569
502 772
137 575
591 29
822 662
930 466
830 865
795 431
508 371
232 450
823 748
301 911
603 610
277 759
610 459
660 934
359 782
553 337
778 433
74 275
868 645
225 317
448 77
313 502
412 779
40 455
32 150
325 230
741 295
169 204
928 139
110 264
610 594
386 256
360 658
902 780
624 479
16 118
647 740
876 767
652 862
169 313
388 855
392 478
778 633
407 428
838 264
697 629
482 686
449 50
439 700
185 578
937 683
535 136
194 924
878 250
143 874
140 599
668 439
31 716
376 890
400 913
580 267
370 540
727 405
545 635
444 437
314 42
896 269
468 215
342 46
42 143
549 211
16 863
840 260
781 215
136 705
208 586
340 836
13 519
748 374
341 450
948 710
378 53
508 52
704 155
700 285
181 247
203 842
419 776
447 391
254 923
57 71
519 511
445 356
922 269
205 348
26 307
40 675
460 708
238 7
551 396
382 95
832 934
380 45
455 833
465 839
440 711
448 716
376 209
619 10
224 78
304 253
29 542
372 935
79 578
638 930
243 378
417 58
110 501
102 313
183 683
172 744
911 21
639 734
727 722
891 739
203 919
771 777
936 403
333 170
69 148
203 614
437 142
263 806
516 98
246 697
429 505
450 625
547 505
85 715
404 785
631 83
79 241
453 271
513 617
84 734
939 293
604 817
852 483
490 213
192 865
40 334
789 217
532 531
100 861
117 415
853 80
97 498
340 110
949 908
662 619
558 283
703 832
518 884
335 634
390 491
649 704
121 386
81 272
163 499
57 820
755 67
760 833
274 120
209 888
593 473
382 449
139 325
357 402
686 728
799 103
587 481
40 819
690 706
323 447
454 902
449 894
741 294
1 44
449 824
912 355
890 728
413 485
525 579
529 706
5 389
68 119
130 732
182 150
422 36
548 931
262 729
866 46
631 369
419 931
699 178
166 344
483 838
885 929
732 296
385 505
32 348
512 461
99 408
718 497
786 321
332 920
739 300
821 151
590 341
151 551
528 573
894 320
768 779
692 668
67 221
136 749
9 260
634 193
222 367
207 302
60 902
873 184
696 371
770 552
752 133
198 855
591 543
213 905
589 184
283 842
812 609
771 437
541 694
136 710
657 221
497 69
703 293
153 538
59 382
300 744
86 130
5 938
911 475
545 792
420 38
535 925
850 839
136 429
320 490
82 208
499 765
243 323
580 608
827 648
815 880
372 351
121 815
525 786
378 876
270 147
492 384
788 566
489 96
722 704
582 640
372 419
142 236
641 113
856 378
188 833
12 627
447 162
362 672
165 232
520 507
161 221
450 931
929 835
366 707
395 55
949 392
506 187
360 899
272 149
454 268
867 871
548 50
335 248
398 716
435 796
194 705
852 230
97 942
825 268
249 4
607 20
872 865
939 113
285 209
22 383
264 505
236 612
518 647
322 642
27 829
282 595
18 208
481 182
319 942
341 331
349 886
325 763
182 649
459 728
148 127
237 823
45 527
235 295
394 920
19 722
4 200
383 239
810 401
629 424
447 743
386 166
878 676
85 796
780 214
164 449
130 484
633 389
390 622
384 642
443 162
442 729
425 562
149 338
779 830
16 497
309 938
740 205
167 736
695 405
458 748
605 856
24 266
48 478
144 44
927 438
290 944
605 238
935 943
101 483
372 314
401 746
848 741
628 137
96 862
930 654
833 515
869 242
924 804
473 764
876 496
602 529
762 562
940 13
390 103
886 556
114 165
935 266
272 670
412 779
742 307
415 255
225 915
460 554
152 875
754 533
845 814
629 95
617 389
711 837
570 649
706 579
430 537
445 251
683 515
412 501
329 246
788 95
571 852
676 940
913 28
157 637
243 772
807 745
187 840
430 101
396 109
378 651
176 695
207 57
573 407
18 848
663 582
219 478
788 92
827 403
713 346
129 146
736 65
773 616
327 829
433 75
97 602
350 846
221 716
603 309
301 833
652 520
94 855
343 115
927 596
219 548
686 590
565 109
851 8
77 417
724 595
877 562
441 217
163 216
188 935
476 611
664 575
688 499
751 905
896 660
297 710
364 756
632 903
26 273
725 166
254 845
930 766
677 312
911 442
393 417
67 51
548 89
715 901
700 11
450 97
854 874
912 809
201 877
894 925
913 554
279 544
282 836
848 842
131 428
570 834
647 502
394 786
756 283
105 885
240 498
671 824
150 934
887 621
808 213
795 393
804 298
423 589
45 735
67 180
882 699
184 383
21 400
445 178
395 343
33 562
810 485
139 68
911 493
622 279
181 789
619 484
913 805
686 453
38 412
201 357
118 848
15 583
275 288
716 233
126 384
853 802
166 232
680 613
842 602
56 819
15 902
696 522
672 682
439 842
195 15
206 787
797 787
512 454
664 799
869 59
15 111
769 683
664 269
123 214
817 406
681 272
344 797
725 930
323 217
244 352
822 226
218 663
755 228
320 144
740 662
874 818
323 173
880 533
823 822
417 151
579 863
540 684
84 158
766 468
893 717
864 265
543 833
253 161
928 804
772 808
333 246
400 773
858 404
100 805
83 686
806 909
451 359
388 112
734 691
689 660
72 160
614 320
862 656
146 66
118 943
398 356
265 337
371 240
450 373
393 607
184 274
626 636
578 599
672 424
242 770
937 770
758 241
75 944
652 910
289 83
459 821
206 249
522 716
332 606
130 833
445 171
528 450
758 764
297 404
562 828
590 601
680 49
51 233
854 154
221 97
74 824
735 317
874 558
732 804
347 171
708 823
247 333
713 168
276 866
409 720
381 371
53 187
947 44
256 354
329 405
20 894
277 347
908 550
766 130
493 428
673 426
684 143
915 620
823 90
287 178
559 367
814 75
87 498
418 345
393 287
449 917
457 779
267 366
330 160
129 906
294 326
367 161
481 372
692 373
544 712
630 886
103 101
821 812
219 327
920 550
494 83
651 5
711 529
285 180
514 653
793 761
44 664
524 483
55 559
876 17
663 225
280 159
242 564
525 632
552 346
368 937
577 200
858 492
850 648
665 234
563 309
49 172
944 832
706 266
926 815
862 934
129 552
926 353
916 889
589 11
436 936
301 752
411 485
81 486
38 259
79 637
481 375
41 155
688 514
631 314
400 218
354 784
546 310
429 32
409 657
222 593
920 326
41 484
150 903
583 111
935 23
229 651
695 378
480 841
883 750
279 519
82 220
708 793
65 633
158 101
765 416
843 840
118 644
862 516
904 497
105 382
53 416
717 72
431 552
695 79
618 531
57 778
761 187
690 238
491 695
799 323
234 190
493 856
363 666
256 72
719 875
36 492
0 252
141 46
211 484
909 34
427 450
408 8
78 15
427 160
606 362
883 929
144 827
445 815
833 468
576 627
534 246
236 932
853 840
654 655
132 870
102 465
885 108
44 479
585 458
80 731
621 279
13 858
723 510
773 558
345 824
93 249
294 665
450 266
340 894
932 329
3 522
38 573
369 529
611 750
20 619
102 837
611 870
122 855
256 524
461 121
300 515
311 547
380 419
270 388
857 588
818 668
312 356
663 863
8 222
773 723
211 532
785 455
647 221
566 398
277 638
56 87
426 154
764 651
883 509
790 576
445 308
203 629
246 305
467 131
39 101
489 518
669 423
191 375
837 118
71 654
920 605
646 39
589 121
296 392
256 332
119 3
303 868
232 438
53 158
97 898
621 237
886 828
94 192
380 77
814 848
371 186
756 235
269 319
935 595
892 183
228 569
471 497
50 493
911 467
128 654
439 671
144 28
312 830
562 704
219 113
213 284
328 317
490 247
270 718
767 268
913 236
690 683
451 233
867 895
375 222
928 749
195 474
312 115
865 700
685 705
298 338
377 706
831 896
339 454
210 111
298 630
751 927
809 496
134 519
707 233
286 900
481 896
289 406
499 608
365 310
767 416
633 792
41 606
150 807
97 756
399 85
350 360
503 254
30 274
741 531
381 739
809 168
835 419
902 935
939 945
386 591
558 911
115 592
717 929
342 596
88 417
159 238
904 611
808 150
367 578
264 43
777 566
524 402
700 88
244 289
938 33
615 659
314 290
183 176
775 529
215 862
49 381
98 425
272 885
161 804
681 138
572 228
668 841
129 832
923 499
787 4
764 129
487 290
842 692
874 389
669 44
830 912
665 613
758 189
607 316
673 700
319 135
896 482
136 237
696 662
145 404
418 695
558 752
102 0
136 177
582 784
811 645
728 57
890 684
75 700
903 883
158 513
113 137
805 704
848 903
358 880
250 289
902 535
788 922
827 693
149 946
391 641
480 448
766 763
89 81
205 108
235 351
791 556
460 879
212 112
364 451
335 407
597 584
946 740
303 306
254 569
756 858
773 225
881 573
361 571
140 608
775 301
948 69
5 857
92 387
835 582
200 592
915 356
724 682
803 152
534 565
877 822
646 28
398 466
182 285
690 695
177 517
48 491
350 714
735 489
137 551
504 458
310 229
907 149
268 135
579 797
830 344
778 345
178 724
901 847
39 174
717 705
468 707
167 475
404 5
195 206
68 601
240 549
756 549
822 107
124 733
762 649
873 765
241 436
868 245
925 776
925 691
357 932
34 18
579 885
513 520
751 269
833 200
47 114
120 430
200 52
894 589
356 572
512 428
277 236
718 531
329 60
385 438
259 356
477 857
943 249
172 612
243 289
754 927
689 365
248 623
102 315
711 720
136 58
938 868
377 247
601 334
843 264
200 692
946 459
743 86
563 245
273 532
668 167
748 751
25 360
935 463
840 47
25 703
298 758
658 532
684 752
849 562
877 895
160 150
66 18
363 299
195 370
655 868
679 297
553 198
729 486
54 226
464 184
846 417
304 90
831 255
556 364
58 557
719 663
813 594
275 307
64 361
883 150
821 506
547 913
179 35
864 867
488 916
868 181
204 848
581 314
678 397
195 51
758 853
579 283
428 897
199 146
723 524
358 838
718 73
834 255
249 10
292 784
858 258
756 214
864 261
260 911
437 256
338 289
160 310
529 700
196 936
125 148
927 89
727 742
420 558
201 845
1 39
169 349
699 725
285 509
680 59
941 512
58 193
725 858
504 452
103 29
22 711
835 283
792 455
100 485
481 776
520 127
183 230
637 806
896 634
938 499
421 229
935 537
304 245
328 440
517 227
366 574
935 86
157 123
73 434
850 409
131 354
736 286
195 347
596 254
407 386
63 775
126 623
418 229
35 275
259 797
632 39
326 546
316 877
600 817
695 426
134 777
456 2
898 821
160 775
462 422
388 67
289 166
514 290
879 81
296 757
872 371
57 106
572 403
676 686
499 176
39 101
548 792
26 830
80 444
456 407
655 311
207 373
933 744
773 728
190 463
83 501
482 887
602 906
507 136
771 206
116 852
109 854
503 670
713 692
340 829
479 907
335 287
414 142
676 276
36 795
3 203
499 557
655 334
600 446
615 165
48 503
87 478
521 481
752 876
529 590
646 483
576 147
678 755
268 551
496 470
822 350
595 488
683 795
344 710
174 6
846 169
35 155
232 171
755 463
570 739
110 158
771 641
644 310
472 145
354 57
867 865
666 646
339 432
408 854
675 660
938 220
355 242
313 791
648 260
595 385
570 560
48 347
187 782
491 479
280 465
653 306
831 325
540 895
245 890
859 786
222 788
95 873
84 366
662 684
659 378
37 484
278 216
178 648
652 422
31 728
194 362
289 831
199 378
137 438
325 41
388 649
516 44
467 278
267 27
804 314
293 617
27 883
948 380
638 364
280 573
783 940
834 708
493 352
379 164
327 103
822 148
408 795
772 749
921 758
54 506
711 682
833 566
888 773
816 683
689 354
833 142
27 769
168 795
122 36
149 769
536 754
456 327
662 435
148 657
366 497
500 106
707 312
630 83
420 608
671 157
307 258
311 588
638 144
896 881
788 484
201 334
878 735
353 277
815 18
887 92
922 83
391 257
460 161
737 637
479 748
745 416
555 266
154 156
905 219
773 694
128 801
710 552
538 704
628 338
617 580
274 240
418 583
91 46
245 319
236 216
374 34
601 384
948 6
63 824
616 571
404 237
637 404
221 534
644 567
126 249
159 629
894 38
882 424
55 143
693 1
499 459
29 652
708 531
483 217
509 402
857 579
313 787
586 19
573 361
668 315
62 304
380 225
772 45
374 475
375 893
803 621
712 166
26 888
825 501
258 337
414 280
302 808
53 618
133 582
87 736
350 285
111 109
296 794
284 57
379 424
537 112
517 358
905 425
618 693
365 538
122 556
198 351
803 235
818 892
49 544
208 889
620 176
554 834
31 273
132 473
686 291
883 200
51 64
943 510
871 283
791 119
366 839
451 923
659 526
381 112
123 506
166 145
439 940
677 562
226 221
531 542
737 575
635 150
47 873
481 59
452 305
766 307
934 437
915 254
341 36
434 508
907 453
193 464
813 145
398 941
584 563
239 892
482 530
869 570
243 262
902 689
432 313
11 579
858 276
791 172
853 172
292 881
251 246
645 4
699 513
918 22
393 183
226 357
31 660
291 290
679 242
543 759
308 365
71 526
888 524
69 433
99 198
546 227
363 107
56 526
415 260
467 448
275 538
446 610
67 220
313 177
311 512
807 516
673 197
663 693
850 498
286 757
50 321
857 851
177 678
120 633
822 367
574 157
561 733
710 272
298 762
914 107
761 139
802 118
744 381
468 345
324 906
351 286
0 35
909 538
770 271
737 814
418 913
407 710
508 734
407 654
732 238
548 829
190 817
786 67
942 549
362 365
20 626
369 86
251 774
348 132
866 839
868 271
764 99
326 567
530 911
779 475
133 524
603 608
241 834
14 593
473 785
22 737
140 517
837 640
165 803
618 12
935 363
437 510
589 267
291 538
555 481
175 740
419 170
47 856
631 777
304 818
171 382
928 924
767 715
461 461
858 423
68 105
783 582
142 423
473 815
407 139
354 290
621 165
833 150
704 512
947 226
225 270
932 44
553 490
428 442
947 32
351 92
56 298
68 644
863 220
304 103
623 198
4 563
736 329
575 203
767 289
40 511
702 822
434 365
392 19
33 108
463 186
602 661
225 60
324 361
405 766
361 422
722 688
240 583
366 326
17 628
844 234
206 281
531 856
516 193
558 51
470 188
379 517
505 117
662 194
618 267
882 544
728 841
749 370
766 317
297 619
311 354
917 224
489 200
81 30
589 933
233 768
507 890
714 472
64 341
221 11
470 729
84 435
713 186
683 186
123 540
393 227
909 407
789 452
807 380
424 137
651 145
597 561
629 419
159 639
901 126
943 922
896 142
898 436
562 846
97 778
270 103
14 659
617 66
387 832
938 894
349 60
811 627
179 325
385 46
41 925
167 274
250 565
722 374
780 884
537 549
34 417
432 243
391 582
848 876
663 245
274 286
84 655
444 250
319 747
457 445
153 613
46 544
522 96
616 19
661 18
681 670
289 638
17 529
276 142
800 75
697 263
327 750
440 24
708 722
59 883
253 110
218 257
89 2
249 310
360 29
161 8
791 865
55 278
343 650
460 194
702 402
870 99
921 234
729 374
48 50
226 900
208 845
581 68
146 899
105 718
180 878
657 678
795 344
471 623
556 673
28 804
896 208
349 187
300 136
313 759
380 638
462 561
852 459
259 450
859 230
434 897
608 626
855 4
363 216
186 776
512 712
877 94
320 342
123 783
138 77
591 664
652 1
514 388
313 902
490 124
417 726
307 257
812 918
235 322
164 284
615 131
361 766
466 777
417 571
416 436
126 558
673 903
792 85
150 458
261 631
477 366
242 287
765 27
935 73
442 828
441 844
818 768
24 355
67 876
637 644
888 548
805 582
737 593
46 250
301 731
419 21
550 549
573 782
661 339
416 382
636 735
367 260
747 493
156 679
132 480
616 630
492 917
727 613
305 794
285 891
578 398
214 7
239 900
471 179
306 715
643 438
57 617
263 266
471 848
356 701
812 162
569 58
882 849
177 507
67 577
761 757
837 301
63 295
606 532
223 780
745 389
226 502
678 165
194 287
264 53
285 740
844 547
48 213
452 253
483 702
712 526
344 553
127 467
257 318
546 709
254 329
138 751
686 219
737 743
635 200
712 435
590 377
891 349
79 402
869 924
336 596
674 284
791 768
845 72
310 580
870 297
891 594
540 397
720 299
904 532
556 880
816 702
562 394
51 588
82 585
594 213
297 414
710 899
670 785
618 932
659 753
778 568
62 122
622 332
113 174
673 541
33 925
492 775
46 490
175 1
635 403
437 477
40 844
871 600
129 648
355 895
162 643
601 777
453 893
707 402
29 30
703 800
550 646
890 821
155 477
758 535
116 480
302 865
194 223
16 213
622 200
216 884
541 222
472 525
659 411
922 70
192 334
885 212
453 787
796 921
351 9
333 415
795 463
63 106
91 892
52 470
855 237
8 497
113 527
214 569
905 106
295 576
333 500
303 140
417 802
133 289
176 868
408 232
219 934
63 617
122 138
258 344
125 18
720 171
745 212
526 675
744 380
297 486
479 154
823 263
637 143
927 18
168 103
667 834
497 11
288 866
177 732
389 492
90 251
577 95
640 607
577 918
587 778
946 210
266 855
531 846
757 672
717 906
129 308
544 348
311 337
420 271
288 129
634 949
383 397
674 294
857 374
115 142
777 283
178 61
425 934
709 831
718 47
203 546
908 317
806 117
183 505
866 14
214 185
702 685
141 53
354 536
504 377
428 226
200 838
172 162
650 401
895 412
785 356
850 227
212 118
523 332
242 657
132 346
29 81
711 278
342 577
398 829
53 885
161 592
397 845
146 42
671 731
381 131
46 751
358 348
114 163
524 54
555 464
531 372
866 818
183 755
813 213
836 805
578 935
80 771
731 763
830 462
472 940
50 846
877 355
818 406
779 522
597 762
209 911
22 611
658 454
440 901
572 122
583 661
796 483
748 279
145 528
825 515
55 894
343 508
243 342
200 757
357 581
61 599
107 119
380 146
342 366
220 139
906 133
540 527
333 908
450 210
827 223
424 288
304 658
201 818
929 186
211 893
43 604
399 824
485 794
91 49
211 637
381 598
867 312
65 103
543 738
73 50
127 237
198 322
472 383
401 605
763 196
523 714
231 213
924 44
378 713
192 799
68 152
693 217
150 146
527 84
25 623
594 533
865 631
522 535
91 312
592 526
26 788
700 404
696 312
95 667
414 634
783 889
264 222
266 76
935 73
597 423
530 161
670 113
402 182
923 470
93 10
681 899
930 654
364 55
109 282
334 949
62 505
470 784
562 496
66 335
427 917
650 639
691 131
948 682
180 765
359 393
625 722
828 190
404 566
261 39
613 142
863 874
738 627
574 942
83 505
28 64
895 428
220 96
353 557
22 687
344 538
708 582
392 73
877 329
197 758
95 290
737 252
482 365
576 772
906 216
44 291
678 777
132 269
787 286
444 263
871 793
787 781
174 559
391 308
572 235
647 541
616 486
891 414
677 885
729 282
785 570
76 536
530 41
433 177
788 555
158 98
502 777
98 856
360 335
807 395
649 297
363 382
345 155
801 931
38 334
604 933
510 702
824 141
554 629
731 56
498 90
12 741
806 674
77 499
167 718
709 141
678 47
615 119
253 596
251 109
441 889
223 409
603 77
499 660
183 345
330 507
499 558
929 60
684 905
310 516
196 597
865 716
244 738
211 715
672 497
596 430
576 565
769 594
469 854
194 473
873 758
171 917
23 63
233 445
771 302
652 881
709 235
370 794
454 678
857 754
715 266
66 431
803 759
626 505
565 845
840 91
546 222
182 679
783 786
724 748
467 873
82 488
616 14
909 67
121 369
840 488
641 6
357 223
192 245
575 438
244 454
273 473
684 882
605 883
39 269
816 411
601 158
879 586
711 768
764 844
205 126
777 629
310 1
356 749
386 361
602 281
89 775
743 818
929 909
949 799
326 757
218 938
729 831
801 708
521 288
732 305
625 220
221 635
902 56
844 934
564 231
536 14
243 398
460 648
888 117
387 495
459 213
733 376
918 49
376 932
588 324
363 487
292 762
131 317
18 775
413 159
384 386
807 450
294 114
43 320
282 702
188 720
609 881
623 414
349 424
115 380
643 417
299 420
534 285
281 720
117 931
865 839
233 12
93 580
762 709
640 6
565 367
815 890
304 755
716 495
873 100
133 261
223 183
288 295
711 217
524 23
874 445
255 706
265 791
389 28
853 506
415 153
650 89
427 673
366 10
609 907
709 301
344 814
266 451
801 120
264 81
188 30
930 705
441 628
758 171
536 364
11 538
773 596
868 662
647 476
416 311
880 95
414 246
728 769
918 588
226 294
625 543
411 43
489 236
929 261
449 523
183 360
814 434
249 870
479 708
587 718
25 241
692 694
186 256
308 849
168 639
720 880
909 508
368 879
353 406
548 916
340 34
480 697
691 703
928 910
430 902
837 786
721 415
177 487
448 36
803 736
381 10
924 398
175 244
711 840
880 906
853 17
65 592
783 210
850 159
605 911
631 92
825 797
692 796
585 919
905 612
776 889
174 80
830 742
633 236
526 345
543 851
292 859
658 6
748 361
38 50
821 815
465 805
808 30
238 732
750 264
902 570
249 27
317 378
113 433
882 450
329 300
460 217
637 571
642 936
260 327
578 604
867 286
679 196
120 771
892 836
468 219
776 883
214 476
390 283
558 358
44 673
870 647
941 47
0 252
544 28
756 303
230 676
580 89
369 84
754 470
634 366
241 370
119 350
707 27
490 5
426 261
120 262
254 825
11 130
4 367
857 297
874 756
379 361
231 596
901 730
66 345
788 325
238 863
830 465
119 205
859 13
7 860
65 526
134 112
761 802
372 871
405 832
207 766
34 783
504 128
816 303
380 332
273 443
548 647
415 522
3 916
364 905
909 702
757 215
302 338
934 360
532 709
470 353
245 703
313 528
44 902
706 415
216 948
437 228
291 469
319 278
221 26
37 321
479 282
104 68
280 33
609 182
110 919
124 397
718 900
143 99
285 364
927 729
95 455
372 630
727 140
880 836
867 393
401 430
409 695
86 240
330 477
20 914
876 397
877 565
406 210
509 558
824 699
783 877
501 781
101 582
523 358
173 828
132 425
793 804
341 829
686 114
163 761
170 928
402 674
185 155
312 478
884 399
389 175
946 205
490 907
448 636
775 722
80 510
853 629
542 604
94 306
773 821
813 544
95 219
198 543
634 547
845 78
939 119
43 608
221 172
878 833
84 48
187 69
926 386
776 519
414 348
532 669
401 436
644 394
570 62
788 566
791 445
469 220
357 415
668 713
731 806
748 343
528 55
351 280
720 540
518 856
729 867
85 448
583 365
940 179
464 657
7 308
222 425
76 674
524 330
8 67
328 222
932 88
374 753
913 542
822 61
497 536
216 878
74 919
639 311
253 403
606 610
550 806
445 671
44 837
76 744
230 459
194 800
648 756
317 412
371 898
747 882
461 168
719 884
829 533
358 142
589 764
838 104
905 439
798 149
21 352
385 747
268 728
398 218
108 370
459 613
598 437
409 719
384 594
277 822
11 577
642 337
621 583
222 24
480 462
579 522
87 728
763 647
660 925
25 890
503 578
443 616
267 510
675 640
620 145
792 72
149 100
447 139
202 583
386 611
402 828
127 197
571 255
171 119
405 929
570 440
518 462
302 248
856 31
807 260
634 328
411 803
224 717
713 772
41 15
302 320
672 410
616 154
417 929
372 571
902 577
416 84
522 203
789 592
556 588
437 296
581 185
682 452
168 506
690 237
919 502
299 430