98
489
0,
1,
2,
3,
4,
5,
6,
7,
8,
9,
10,
11,
12,
13,
14,
15,
16,
17,
18,
19,
20,
21,
22,
23,
24,
25,
26,
27,
28,
29,
30,
31,
32,
33,
34,
35,
36,
37,
38,
39,
40,
41,
42,
43,
44,
45,
46,
47,
48,
49,
50,
51,
52,
53,
54,
55,
56,
57,
58,
59,
60,
61,
62,
63,
64,
65,
66,
67,
68,
69,
70,
71,
72,
73,
74,
75,
76,
77,
78,
79,
80,
81,
82,
83,
84,
85,
86,
87,
88,
89,
90,
91,
92,
93,
94,
95,
96,
97
10 79
79 55
55 23
23 30
30 86
86 9
9 67
67 39
39 90
90 44
44 66
66 53
53 12
12 65
65 43
43 38
38 1
1 18
18 57
57 16
16 84
84 6
6 8
8 88
88 34
34 11
11 28
28 4
4 51
51 58
58 46
46 83
83 21
21 14
14 87
87 49
49 94
94 50
50 20
20 81
81 13
13 35
35 75
75 59
59 31
31 93
93 80
80 33
33 96
96 73
73 78
78 64
64 22
22 97
97 89
89 92
92 54
54 37
37 3
3 82
82 69
69 95
95 36
36 17
17 0
0 68
68 48
48 72
72 7
7 56
56 29
29 41
41 91
91 85
85 60
60 52
52 63
63 74
74 47
47 42
42 71
71 2
2 40
40 26
26 5
5 15
15 19
19 76
76 61
61 62
62 24
24 77
77 32
32 70
70 25
25 27
27 45
46 75
67 97
93 38
73 33
45 23
6 14
53 16
27 30
36 97
68 10
26 65
17 15
70 74
64 47
26 3
61 33
62 92
3 92
92 80
46 24
21 93
48 37
81 82
25 40
16 54
81 15
63 1
30 14
42 87
79 9
1 15
37 58
89 35
64 73
63 46
28 38
42 72
23 14
63 28
39 32
80 17
2 44
72 88
29 32
41 59
1 82
13 77
97 21
45 57
62 11
6 1
53 5
59 30
93 33
59 68
18 31
38 67
88 69
79 96
69 6
40 14
32 39
72 27
18 6
31 86
64 48
88 43
83 70
26 68
94 4
18 45
31 39
4 24
28 4
34 39
69 96
67 66
61 15
9 70
76 91
75 11
46 25
34 72
11 19
91 67
93 34
24 36
36 24
22 26
33 0
83 25
38 18
86 63
27 97
30 35
97 96
46 57
6 11
62 57
8 71
28 59
40 62
78 81
4 1
43 40
65 65
31 31
67 78
25 30
74 46
22 38
88 53
13 36
81 28
91 36
70 60
64 5
8 24
69 96
65 33
60 91
15 9
5 3
69 93
32 77
80 39
22 54
53 63
42 34
28 12
33 6
21 15
32 49
60 54
86 43
16 85
36 47
72 96
29 75
74 60
70 67
55 85
8 75
87 30
44 64
35 67
15 84
44 92
96 61
24 11
58 70
52 70
68 24
9 3
10 46
77 88
53 25
61 43
9 38
36 29
0 42
91 28
3 89
68 31
8 28
44 50
23 49
4 27
97 91
30 87
73 77
62 24
79 89
33 68
97 81
7 94
52 57
47 72
70 27
30 92
33 5
77 90
62 85
14 89
72 51
80 1
29 13
9 39
88 86
86 30
21 80
66 15
29 71
68 48
14 58
32 76
63 84
12 39
60 70
97 81
61 51
12 29
48 8
32 16
61 64
68 90
10 32
77 71
44 75
60 34
0 31
45 41
72 70
7 24
81 68
1 29
38 60
32 56
77 52
75 44
59 53
29 32
3 51
3 6
8 90
45 39
25 73
46 82
27 8
18 23
89 13
69 25
22 97
40 14
48 80
62 21
62 24
65 37
72 60
15 79
84 19
1 52
26 80
67 18
30 89
30 49
49 57
22 55
24 10
31 58
22 85
77 72
15 93
63 73
79 84
5 64
94 73
26 76
86 37
13 94
49 50
68 95
78 8
23 60
35 71
1 74
32 26
13 93
93 73
78 14
82 23
19 35
19 83
90 91
46 50
89 22
78 17
57 2
63 66
59 10
13 23
21 81
59 32
78 23
15 18
20 8
91 37
26 95
70 80
18 78
59 30
52 36
25 37
30 80
68 54
30 11
32 68
81 62
74 90
66 82
71 3
16 74
39 75
8 74
22 35
92 33
92 19
43 71
15 42
21 85
83 2
60 80
23 15
38 63
88 40
23 79
75 11
13 71
56 58
87 65
72 46
5 42
16 10
93 48
38 60
93 52
44 40
80 56
27 37
31 58
29 54
1 95
68 84
11 97
22 65
36 68
73 33
59 21
34 70
75 39
73 65
14 44
47 63
77 50
22 30
1 65
89 21
73 8
20 58
91 53
37 82
37 75
8 40
88 55
80 26
17 53
76 51
94 21
9 17
71 25
73 59
2 22
92 32
39 66
29 75
59 23
92 8
57 96
4 64
41 93
73 33
75 20
67 52
7 78
94 1
14 47
44 42
65 28
33 71
12 61
71 3
54 45
16 89
63 90
88 42
87 70
82 32
65 32
94 38
27 86
56 23
23 1