105
104
0,
1,
2,
3,
4,
5,
6,
7,
8,
9,
10,
11,
12,
13,
14,
15,
16,
17,
18,
19,
20,
21,
22,
23,
24,
25,
26,
27,
28,
29,
30,
31,
32,
33,
34,
35,
36,
37,
38,
39,
40,
41,
42,
43,
44,
45,
46,
47,
48,
49,
50,
51,
52,
53,
54,
55,
56,
57,
58,
59,
60,
61,
62,
63,
64,
65,
66,
67,
68,
69,
70,
71,
72,
73,
74,
75,
76,
77,
78,
79,
80,
81,
82,
83,
84,
85,
86,
87,
88,
89,
90,
91,
92,
93,
94,
95,
96,
97,
98,
99,
100,
101,
102,
103,
104
69 48
48 42
42 77
77 79
79 47
47 13
13 54
54 15
15 91
91 29
29 39
39 46
46 86
86 40
40 89
89 17
17 0
0 43
43 74
74 23
23 88
88 71
71 50
50 72
72 49
49 70
70 76
76 38
38 45
45 93
93 95
95 34
34 25
25 102
102 53
53 6
6 87
87 52
52 31
31 83
83 12
12 37
37 67
67 92
92 30
30 26
26 51
51 36
36 84
84 32
32 21
21 73
73 64
64 98
98 22
22 75
75 8
8 5
5 57
57 9
9 97
97 35
35 41
41 101
101 19
19 16
16 68
68 58
58 59
59 90
90 56
56 82
82 7
7 55
55 24
24 85
85 11
11 18
18 2
2 81
81 1
1 61
61 14
14 62
62 104
104 4
4 78
78 27
27 94
94 65
65 60
60 3
3 44
44 96
96 100
100 28
28 20
20 103
103 33
33 99
99 10
10 66
66 63
63 80