106
105
0,
1,
2,
3,
4,
5,
6,
7,
8,
9,
10,
11,
12,
13,
14,
15,
16,
17,
18,
19,
20,
21,
22,
23,
24,
25,
26,
27,
28,
29,
30,
31,
32,
33,
34,
35,
36,
37,
38,
39,
40,
41,
42,
43,
44,
45,
46,
47,
48,
49,
50,
51,
52,
53,
54,
55,
56,
57,
58,
59,
60,
61,
62,
63,
64,
65,
66,
67,
68,
69,
70,
71,
72,
73,
74,
75,
76,
77,
78,
79,
80,
81,
82,
83,
84,
85,
86,
87,
88,
89,
90,
91,
92,
93,
94,
95,
96,
97,
98,
99,
100,
101,
102,
103,
104,
105
24 93
93 64
64 71
71 39
39 5
5 77
77 95
95 44
44 88
88 84
84 58
58 47
47 74
74 3
3 49
49 87
87 43
43 48
48 75
75 7
7 51
51 105
105 57
57 42
42 53
53 76
76 99
99 14
14 2
2 104
104 91
91 36
36 37
37 38
38 69
69 31
31 20
20 97
97 92
92 68
68 86
86 73
73 96
96 29
29 78
78 40
40 21
21 70
70 80
80 41
41 17
17 11
11 22
22 8
8 102
102 26
26 81
81 62
62 19
19 60
60 100
100 28
28 0
0 23
23 85
85 90
90 16
16 65
65 83
83 101
101 6
6 15
15 72
72 66
66 46
46 59
59 50
50 54
54 34
34 94
94 12
12 33
33 103
103 98
98 79
79 55
55 56
56 18
18 63
63 89
89 10
10 30
30 52
52 27
27 9
9 35
35 67
67 25
25 4
4 61
61 45
45 32
32 1
1 13
13 82