107
106
0,
1,
2,
3,
4,
5,
6,
7,
8,
9,
10,
11,
12,
13,
14,
15,
16,
17,
18,
19,
20,
21,
22,
23,
24,
25,
26,
27,
28,
29,
30,
31,
32,
33,
34,
35,
36,
37,
38,
39,
40,
41,
42,
43,
44,
45,
46,
47,
48,
49,
50,
51,
52,
53,
54,
55,
56,
57,
58,
59,
60,
61,
62,
63,
64,
65,
66,
67,
68,
69,
70,
71,
72,
73,
74,
75,
76,
77,
78,
79,
80,
81,
82,
83,
84,
85,
86,
87,
88,
89,
90,
91,
92,
93,
94,
95,
96,
97,
98,
99,
100,
101,
102,
103,
104,
105,
106
15 61
61 37
37 31
31 32
32 35
35 19
19 71
71 56
56 62
62 91
91 30
30 72
72 33
33 41
41 88
88 69
69 92
92 95
95 73
73 66
66 76
76 20
20 48
48 90
90 7
7 49
49 10
10 4
4 103
103 43
43 36
36 84
84 17
17 74
74 27
27 6
6 26
26 1
1 58
58 65
65 79
79 75
75 28
28 68
68 25
25 12
12 42
42 22
22 16
16 67
67 80
80 45
45 82
82 78
78 3
3 13
13 39
39 24
24 97
97 99
99 38
38 60
60 54
54 57
57 86
86 105
105 46
46 23
23 106
106 101
101 96
96 94
94 100
100 5
5 93
93 98
98 64
64 81
81 85
85 9
9 8
8 40
40 55
55 34
34 104
104 2
2 51
51 102
102 18
18 87
87 11
11 29
29 0
0 47
47 83
83 52
52 63
63 77
77 89
89 70
70 53
53 14
14 50
50 21
21 59
59 44