108
107
0,
1,
2,
3,
4,
5,
6,
7,
8,
9,
10,
11,
12,
13,
14,
15,
16,
17,
18,
19,
20,
21,
22,
23,
24,
25,
26,
27,
28,
29,
30,
31,
32,
33,
34,
35,
36,
37,
38,
39,
40,
41,
42,
43,
44,
45,
46,
47,
48,
49,
50,
51,
52,
53,
54,
55,
56,
57,
58,
59,
60,
61,
62,
63,
64,
65,
66,
67,
68,
69,
70,
71,
72,
73,
74,
75,
76,
77,
78,
79,
80,
81,
82,
83,
84,
85,
86,
87,
88,
89,
90,
91,
92,
93,
94,
95,
96,
97,
98,
99,
100,
101,
102,
103,
104,
105,
106,
107
62 28
28 29
29 46
46 68
68 25
25 50
50 91
91 36
36 42
42 30
30 69
69 47
47 53
53 75
75 59
59 86
86 2
2 94
94 6
6 40
40 76
76 51
51 14
14 102
102 105
105 27
27 8
8 107
107 81
81 72
72 17
17 95
95 66
66 98
98 35
35 79
79 20
20 61
61 67
67 26
26 43
43 0
0 54
54 55
55 21
21 31
31 104
104 73
73 37
37 100
100 96
96 38
38 24
24 101
101 63
63 87
87 23
23 9
9 18
18 74
74 3
3 80
80 78
78 45
45 57
57 82
82 39
39 34
34 44
44 12
12 77
77 19
19 85
85 48
48 60
60 11
11 64
64 84
84 10
10 56
56 65
65 13
13 1
1 93
93 92
92 106
106 90
90 4
4 15
15 7
7 52
52 88
88 49
49 71
71 89
89 16
16 41
41 99
99 97
97 32
32 5
5 70
70 83
83 58
58 33
33 103
103 22