109
108
0,
1,
2,
3,
4,
5,
6,
7,
8,
9,
10,
11,
12,
13,
14,
15,
16,
17,
18,
19,
20,
21,
22,
23,
24,
25,
26,
27,
28,
29,
30,
31,
32,
33,
34,
35,
36,
37,
38,
39,
40,
41,
42,
43,
44,
45,
46,
47,
48,
49,
50,
51,
52,
53,
54,
55,
56,
57,
58,
59,
60,
61,
62,
63,
64,
65,
66,
67,
68,
69,
70,
71,
72,
73,
74,
75,
76,
77,
78,
79,
80,
81,
82,
83,
84,
85,
86,
87,
88,
89,
90,
91,
92,
93,
94,
95,
96,
97,
98,
99,
100,
101,
102,
103,
104,
105,
106,
107,
108
44 42
42 37
37 18
18 78
78 64
64 98
98 27
27 102
102 80
80 10
10 75
75 83
83 43
43 57
57 16
16 38
38 0
0 53
53 62
62 26
26 93
93 55
55 105
105 5
5 68
68 40
40 74
74 87
87 7
7 33
33 20
20 4
4 77
77 28
28 106
106 100
100 60
60 99
99 69
69 25
25 94
94 81
81 51
51 15
15 46
46 73
73 12
12 89
89 86
86 108
108 82
82 34
34 96
96 71
71 22
22 11
11 97
97 35
35 19
19 31
31 49
49 6
6 14
14 95
95 17
17 50
50 48
48 72
72 85
85 84
84 70
70 91
91 103
103 45
45 2
2 76
76 3
3 24
24 104
104 58
58 90
90 63
63 23
23 52
52 21
21 39
39 30
30 29
29 32
32 54
54 47
47 8
8 36
36 67
67 92
92 1
1 101
101 61
61 66
66 59
59 9
9 79
79 107
107 56
56 13
13 65
65 41
41 88