110
109
0,
1,
2,
3,
4,
5,
6,
7,
8,
9,
10,
11,
12,
13,
14,
15,
16,
17,
18,
19,
20,
21,
22,
23,
24,
25,
26,
27,
28,
29,
30,
31,
32,
33,
34,
35,
36,
37,
38,
39,
40,
41,
42,
43,
44,
45,
46,
47,
48,
49,
50,
51,
52,
53,
54,
55,
56,
57,
58,
59,
60,
61,
62,
63,
64,
65,
66,
67,
68,
69,
70,
71,
72,
73,
74,
75,
76,
77,
78,
79,
80,
81,
82,
83,
84,
85,
86,
87,
88,
89,
90,
91,
92,
93,
94,
95,
96,
97,
98,
99,
100,
101,
102,
103,
104,
105,
106,
107,
108,
109
19 52
52 21
21 64
64 35
35 77
77 30
30 73
73 109
109 59
59 72
72 58
58 91
91 29
29 88
88 98
98 23
23 10
10 9
9 65
65 22
22 70
70 78
78 39
39 97
97 80
80 8
8 7
7 13
13 26
26 27
27 4
4 20
20 50
50 42
42 34
34 48
48 46
46 5
5 99
99 38
38 108
108 31
31 74
74 55
55 2
2 61
61 71
71 103
103 101
101 68
68 102
102 63
63 62
62 82
82 69
69 84
84 104
104 17
17 54
54 96
96 6
6 18
18 44
44 3
3 14
14 33
33 60
60 53
53 51
51 36
36 15
15 49
49 41
41 16
16 1
1 81
81 85
85 100
100 90
90 76
76 28
28 89
89 66
66 25
25 79
79 93
93 24
24 43
43 37
37 12
12 47
47 83
83 105
105 67
67 57
57 0
0 94
94 95
95 107
107 92
92 32
32 45
45 40
40 86
86 56
56 75
75 11
11 87
87 106