111
110
0,
1,
2,
3,
4,
5,
6,
7,
8,
9,
10,
11,
12,
13,
14,
15,
16,
17,
18,
19,
20,
21,
22,
23,
24,
25,
26,
27,
28,
29,
30,
31,
32,
33,
34,
35,
36,
37,
38,
39,
40,
41,
42,
43,
44,
45,
46,
47,
48,
49,
50,
51,
52,
53,
54,
55,
56,
57,
58,
59,
60,
61,
62,
63,
64,
65,
66,
67,
68,
69,
70,
71,
72,
73,
74,
75,
76,
77,
78,
79,
80,
81,
82,
83,
84,
85,
86,
87,
88,
89,
90,
91,
92,
93,
94,
95,
96,
97,
98,
99,
100,
101,
102,
103,
104,
105,
106,
107,
108,
109,
110
91 100
100 36
36 34
34 62
62 90
90 80
80 11
11 47
47 21
21 35
35 99
99 74
74 20
20 103
103 46
46 59
59 92
92 29
29 4
4 87
87 24
24 89
89 101
101 71
71 102
102 77
77 55
55 83
83 93
93 56
56 79
79 27
27 12
12 61
61 72
72 19
19 38
38 68
68 39
39 109
109 70
70 84
84 104
104 26
26 30
30 33
33 86
86 44
44 8
8 110
110 18
18 6
6 76
76 41
41 69
69 2
2 88
88 52
52 67
67 43
43 97
97 25
25 75
75 15
15 1
1 66
66 0
0 13
13 94
94 40
40 65
65 3
3 50
50 82
82 108
108 64
64 14
14 78
78 54
54 5
5 58
58 48
48 63
63 23
23 9
9 95
95 31
31 85
85 96
96 98
98 57
57 45
45 53
53 81
81 105
105 49
49 73
73 10
10 42
42 32
32 37
37 7
7 17
17 107
107 106
106 28
28 51
51 60
60 22
22 16