112
111
0,
1,
2,
3,
4,
5,
6,
7,
8,
9,
10,
11,
12,
13,
14,
15,
16,
17,
18,
19,
20,
21,
22,
23,
24,
25,
26,
27,
28,
29,
30,
31,
32,
33,
34,
35,
36,
37,
38,
39,
40,
41,
42,
43,
44,
45,
46,
47,
48,
49,
50,
51,
52,
53,
54,
55,
56,
57,
58,
59,
60,
61,
62,
63,
64,
65,
66,
67,
68,
69,
70,
71,
72,
73,
74,
75,
76,
77,
78,
79,
80,
81,
82,
83,
84,
85,
86,
87,
88,
89,
90,
91,
92,
93,
94,
95,
96,
97,
98,
99,
100,
101,
102,
103,
104,
105,
106,
107,
108,
109,
110,
111
111 28
28 24
24 91
91 54
54 65
65 33
33 68
68 103
103 43
43 62
62 17
17 60
60 77
77 39
39 63
63 22
22 2
2 6
6 1
1 40
40 75
75 19
19 102
102 86
86 78
78 81
81 69
69 74
74 101
101 36
36 87
87 34
34 90
90 76
76 100
100 8
8 70
70 79
79 80
80 67
67 98
98 56
56 83
83 47
47 27
27 72
72 58
58 89
89 95
95 32
32 0
0 25
25 84
84 64
64 51
51 18
18 93
93 97
97 73
73 20
20 45
45 109
109 50
50 46
46 107
107 9
9 31
31 14
14 26
26 85
85 49
49 48
48 52
52 16
16 71
71 10
10 99
99 11
11 106
106 59
59 3
3 12
12 42
42 29
29 35
35 96
96 53
53 88
88 38
38 57
57 105
105 41
41 15
15 30
30 44
44 94
94 108
108 5
5 7
7 37
37 55
55 4
4 82
82 13
13 110
110 66
66 61
61 104
104 23
23 92
92 21