113
112
0,
1,
2,
3,
4,
5,
6,
7,
8,
9,
10,
11,
12,
13,
14,
15,
16,
17,
18,
19,
20,
21,
22,
23,
24,
25,
26,
27,
28,
29,
30,
31,
32,
33,
34,
35,
36,
37,
38,
39,
40,
41,
42,
43,
44,
45,
46,
47,
48,
49,
50,
51,
52,
53,
54,
55,
56,
57,
58,
59,
60,
61,
62,
63,
64,
65,
66,
67,
68,
69,
70,
71,
72,
73,
74,
75,
76,
77,
78,
79,
80,
81,
82,
83,
84,
85,
86,
87,
88,
89,
90,
91,
92,
93,
94,
95,
96,
97,
98,
99,
100,
101,
102,
103,
104,
105,
106,
107,
108,
109,
110,
111,
112
75 18
18 108
108 23
23 93
93 46
46 84
84 45
45 43
43 88
88 1
1 11
11 41
41 62
62 100
100 55
55 34
34 89
89 50
50 76
76 15
15 82
82 21
21 14
14 49
49 73
73 20
20 5
5 56
56 27
27 33
33 48
48 91
91 54
54 63
63 97
97 9
9 96
96 16
16 74
74 29
29 57
57 83
83 6
6 19
19 77
77 85
85 53
53 3
3 32
32 36
36 94
94 17
17 2
2 8
8 80
80 110
110 13
13 44
44 102
102 68
68 67
67 26
26 10
10 71
71 31
31 65
65 38
38 112
112 59
59 7
7 47
47 109
109 105
105 25
25 106
106 70
70 12
12 95
95 101
101 98
98 81
81 39
39 69
69 42
42 103
103 0
0 66
66 22
22 37
37 61
61 90
90 79
79 99
99 52
52 58
58 40
40 64
64 72
72 35
35 51
51 24
24 78
78 111
111 87
87 60
60 30
30 107
107 4
4 104
104 28
28 92
92 86