114
113
0,
1,
2,
3,
4,
5,
6,
7,
8,
9,
10,
11,
12,
13,
14,
15,
16,
17,
18,
19,
20,
21,
22,
23,
24,
25,
26,
27,
28,
29,
30,
31,
32,
33,
34,
35,
36,
37,
38,
39,
40,
41,
42,
43,
44,
45,
46,
47,
48,
49,
50,
51,
52,
53,
54,
55,
56,
57,
58,
59,
60,
61,
62,
63,
64,
65,
66,
67,
68,
69,
70,
71,
72,
73,
74,
75,
76,
77,
78,
79,
80,
81,
82,
83,
84,
85,
86,
87,
88,
89,
90,
91,
92,
93,
94,
95,
96,
97,
98,
99,
100,
101,
102,
103,
104,
105,
106,
107,
108,
109,
110,
111,
112,
113
32 100
100 85
85 28
28 11
11 2
2 24
24 79
79 71
71 5
5 37
37 64
64 26
26 77
77 93
93 98
98 70
70 19
19 18
18 66
66 55
55 14
14 68
68 20
20 83
83 52
52 21
21 33
33 89
89 99
99 67
67 30
30 36
36 63
63 78
78 3
3 34
34 102
102 86
86 45
45 69
69 29
29 109
109 59
59 50
50 51
51 13
13 101
101 12
12 58
58 10
10 73
73 60
60 27
27 38
38 42
42 46
46 53
53 113
113 95
95 35
35 48
48 6
6 88
88 62
62 56
56 9
9 65
65 15
15 82
82 110
110 57
57 92
92 8
8 22
22 104
104 49
49 61
61 44
44 47
47 7
7 25
25 94
94 96
96 91
91 107
107 81
81 105
105 0
0 17
17 103
103 90
90 108
108 84
84 31
31 106
106 87
87 80
80 43
43 97
97 16
16 74
74 41
41 4
4 76
76 1
1 39
39 40
40 111
111 23
23 112
112 54
54 72
72 75