115
114
0,
1,
2,
3,
4,
5,
6,
7,
8,
9,
10,
11,
12,
13,
14,
15,
16,
17,
18,
19,
20,
21,
22,
23,
24,
25,
26,
27,
28,
29,
30,
31,
32,
33,
34,
35,
36,
37,
38,
39,
40,
41,
42,
43,
44,
45,
46,
47,
48,
49,
50,
51,
52,
53,
54,
55,
56,
57,
58,
59,
60,
61,
62,
63,
64,
65,
66,
67,
68,
69,
70,
71,
72,
73,
74,
75,
76,
77,
78,
79,
80,
81,
82,
83,
84,
85,
86,
87,
88,
89,
90,
91,
92,
93,
94,
95,
96,
97,
98,
99,
100,
101,
102,
103,
104,
105,
106,
107,
108,
109,
110,
111,
112,
113,
114
14 22
22 51
51 67
67 25
25 53
53 85
85 24
24 52
52 19
19 39
39 47
47 15
15 109
109 55
55 82
82 63
63 99
99 98
98 57
57 71
71 4
4 81
81 41
41 43
43 32
32 114
114 21
21 58
58 33
33 12
12 61
61 66
66 37
37 96
96 28
28 70
70 90
90 40
40 36
36 30
30 34
34 64
64 100
100 73
73 112
112 6
6 56
56 74
74 72
72 93
93 48
48 76
76 7
7 1
1 65
65 27
27 68
68 35
35 111
111 86
86 89
89 59
59 97
97 11
11 9
9 69
69 26
26 62
62 75
75 17
17 45
45 83
83 31
31 77
77 80
80 44
44 23
23 2
2 8
8 18
18 95
95 49
49 113
113 79
79 46
46 10
10 91
91 94
94 78
78 108
108 13
13 0
0 101
101 54
54 5
5 92
92 60
60 3
3 20
20 50
50 106
106 107
107 29
29 42
42 88
88 104
104 16
16 103
103 110
110 102
102 38
38 87
87 105
105 84