116
115
0,
1,
2,
3,
4,
5,
6,
7,
8,
9,
10,
11,
12,
13,
14,
15,
16,
17,
18,
19,
20,
21,
22,
23,
24,
25,
26,
27,
28,
29,
30,
31,
32,
33,
34,
35,
36,
37,
38,
39,
40,
41,
42,
43,
44,
45,
46,
47,
48,
49,
50,
51,
52,
53,
54,
55,
56,
57,
58,
59,
60,
61,
62,
63,
64,
65,
66,
67,
68,
69,
70,
71,
72,
73,
74,
75,
76,
77,
78,
79,
80,
81,
82,
83,
84,
85,
86,
87,
88,
89,
90,
91,
92,
93,
94,
95,
96,
97,
98,
99,
100,
101,
102,
103,
104,
105,
106,
107,
108,
109,
110,
111,
112,
113,
114,
115
106 101
101 5
5 96
96 4
4 55
55 110
110 8
8 75
75 100
100 30
30 31
31 19
19 65
65 41
41 50
50 32
32 80
80 99
99 44
44 18
18 87
87 113
113 115
115 77
77 23
23 109
109 22
22 13
13 35
35 28
28 11
11 81
81 56
56 78
78 74
74 46
46 20
20 42
42 62
62 90
90 25
25 47
47 91
91 71
71 2
2 10
10 51
51 103
103 89
89 105
105 24
24 79
79 94
94 36
36 73
73 52
52 1
1 70
70 64
64 39
39 92
92 16
16 26
26 53
53 93
93 15
15 69
69 67
67 7
7 95
95 72
72 68
68 17
17 54
54 58
58 84
84 45
45 29
29 107
107 60
60 85
85 111
111 0
0 108
108 63
63 61
61 97
97 82
82 40
40 27
27 3
3 9
9 104
104 114
114 43
43 57
57 34
34 37
37 83
83 38
38 21
21 102
102 48
48 76
76 6
6 88
88 112
112 86
86 59
59 14
14 98
98 33
33 66
66 12
12 49