117
116
0,
1,
2,
3,
4,
5,
6,
7,
8,
9,
10,
11,
12,
13,
14,
15,
16,
17,
18,
19,
20,
21,
22,
23,
24,
25,
26,
27,
28,
29,
30,
31,
32,
33,
34,
35,
36,
37,
38,
39,
40,
41,
42,
43,
44,
45,
46,
47,
48,
49,
50,
51,
52,
53,
54,
55,
56,
57,
58,
59,
60,
61,
62,
63,
64,
65,
66,
67,
68,
69,
70,
71,
72,
73,
74,
75,
76,
77,
78,
79,
80,
81,
82,
83,
84,
85,
86,
87,
88,
89,
90,
91,
92,
93,
94,
95,
96,
97,
98,
99,
100,
101,
102,
103,
104,
105,
106,
107,
108,
109,
110,
111,
112,
113,
114,
115,
116
108 5
5 53
53 25
25 42
42 72
72 90
90 32
32 31
31 54
54 88
88 82
82 60
60 96
96 109
109 65
65 98
98 28
28 12
12 33
33 26
26 71
71 113
113 10
10 69
69 38
38 75
75 27
27 68
68 41
41 3
3 79
79 29
29 37
37 6
6 112
112 23
23 85
85 18
18 49
49 22
22 92
92 87
87 73
73 44
44 24
24 93
93 106
106 102
102 47
47 111
111 62
62 76
76 39
39 35
35 1
1 0
0 83
83 36
36 103
103 14
14 80
80 17
17 58
58 55
55 50
50 101
101 81
81 43
43 16
16 97
97 52
52 70
70 21
21 100
100 116
116 13
13 110
110 15
15 89
89 64
64 9
9 57
57 19
19 84
84 30
30 115
115 86
86 40
40 2
2 61
61 4
4 99
99 34
34 48
48 63
63 107
107 95
95 45
45 56
56 77
77 91
91 7
7 59
59 46
46 11
11 51
51 66
66 104
104 20
20 8
8 94
94 114
114 105
105 78
78 67
67 74