118
117
0,
1,
2,
3,
4,
5,
6,
7,
8,
9,
10,
11,
12,
13,
14,
15,
16,
17,
18,
19,
20,
21,
22,
23,
24,
25,
26,
27,
28,
29,
30,
31,
32,
33,
34,
35,
36,
37,
38,
39,
40,
41,
42,
43,
44,
45,
46,
47,
48,
49,
50,
51,
52,
53,
54,
55,
56,
57,
58,
59,
60,
61,
62,
63,
64,
65,
66,
67,
68,
69,
70,
71,
72,
73,
74,
75,
76,
77,
78,
79,
80,
81,
82,
83,
84,
85,
86,
87,
88,
89,
90,
91,
92,
93,
94,
95,
96,
97,
98,
99,
100,
101,
102,
103,
104,
105,
106,
107,
108,
109,
110,
111,
112,
113,
114,
115,
116,
117
40 57
57 44
44 62
62 58
58 9
9 101
101 64
64 80
80 19
19 46
46 82
82 4
4 38
38 22
22 81
81 95
95 106
106 3
3 26
26 49
49 11
11 75
75 94
94 78
78 34
34 29
29 61
61 42
42 108
108 54
54 0
0 87
87 70
70 96
96 102
102 112
112 53
53 16
16 90
90 113
113 25
25 55
55 84
84 107
107 7
7 83
83 72
72 43
43 76
76 86
86 52
52 47
47 30
30 85
85 39
39 99
99 13
13 104
104 88
88 59
59 48
48 21
21 27
27 117
117 111
111 50
50 105
105 65
65 98
98 14
14 10
10 116
116 68
68 28
28 66
66 23
23 2
2 15
15 8
8 41
41 60
60 71
71 32
32 114
114 110
110 5
5 33
33 31
31 37
37 17
17 63
63 97
97 74
74 20
20 79
79 89
89 1
1 109
109 73
73 92
92 115
115 91
91 12
12 93
93 103
103 36
36 67
67 6
6 77
77 18
18 35
35 69
69 56
56 24
24 100
100 45
45 51