119
118
0,
1,
2,
3,
4,
5,
6,
7,
8,
9,
10,
11,
12,
13,
14,
15,
16,
17,
18,
19,
20,
21,
22,
23,
24,
25,
26,
27,
28,
29,
30,
31,
32,
33,
34,
35,
36,
37,
38,
39,
40,
41,
42,
43,
44,
45,
46,
47,
48,
49,
50,
51,
52,
53,
54,
55,
56,
57,
58,
59,
60,
61,
62,
63,
64,
65,
66,
67,
68,
69,
70,
71,
72,
73,
74,
75,
76,
77,
78,
79,
80,
81,
82,
83,
84,
85,
86,
87,
88,
89,
90,
91,
92,
93,
94,
95,
96,
97,
98,
99,
100,
101,
102,
103,
104,
105,
106,
107,
108,
109,
110,
111,
112,
113,
114,
115,
116,
117,
118
70 95
95 58
58 73
73 76
76 86
86 40
40 107
107 53
53 62
62 45
45 67
67 96
96 24
24 13
13 61
61 65
65 31
31 69
69 97
97 29
29 4
4 9
9 43
43 89
89 98
98 110
110 51
51 85
85 32
32 71
71 90
90 52
52 83
83 6
6 33
33 49
49 99
99 75
75 17
17 82
82 92
92 91
91 101
101 116
116 60
60 16
16 27
27 10
10 20
20 15
15 112
112 44
44 104
104 30
30 59
59 56
56 19
19 12
12 80
80 21
21 18
18 93
93 11
11 22
22 115
115 113
113 114
114 2
2 34
34 109
109 47
47 39
39 25
25 68
68 54
54 41
41 1
1 7
7 102
102 117
117 26
26 74
74 87
87 50
50 46
46 72
72 79
79 84
84 103
103 3
3 42
42 108
108 57
57 64
64 118
118 0
0 111
111 63
63 38
38 14
14 23
23 106
106 81
81 77
77 5
5 66
66 48
48 88
88 94
94 36
36 28
28 8
8 37
37 55
55 35
35 105
105 78
78 100