120
119
0,
1,
2,
3,
4,
5,
6,
7,
8,
9,
10,
11,
12,
13,
14,
15,
16,
17,
18,
19,
20,
21,
22,
23,
24,
25,
26,
27,
28,
29,
30,
31,
32,
33,
34,
35,
36,
37,
38,
39,
40,
41,
42,
43,
44,
45,
46,
47,
48,
49,
50,
51,
52,
53,
54,
55,
56,
57,
58,
59,
60,
61,
62,
63,
64,
65,
66,
67,
68,
69,
70,
71,
72,
73,
74,
75,
76,
77,
78,
79,
80,
81,
82,
83,
84,
85,
86,
87,
88,
89,
90,
91,
92,
93,
94,
95,
96,
97,
98,
99,
100,
101,
102,
103,
104,
105,
106,
107,
108,
109,
110,
111,
112,
113,
114,
115,
116,
117,
118,
119
77 44
44 23
23 11
11 69
69 25
25 59
59 112
112 88
88 100
100 50
50 53
53 27
27 1
1 6
6 60
60 18
18 107
107 9
9 86
86 114
114 19
19 17
17 102
102 118
118 84
84 21
21 87
87 16
16 108
108 116
116 92
92 30
30 111
111 119
119 97
97 70
70 37
37 8
8 109
109 115
115 54
54 46
46 39
39 49
49 67
67 113
113 41
41 57
57 79
79 89
89 101
101 105
105 95
95 81
81 36
36 76
76 45
45 38
38 66
66 94
94 85
85 98
98 51
51 68
68 48
48 74
74 20
20 22
22 93
93 63
63 42
42 28
28 83
83 24
24 78
78 104
104 47
47 14
14 10
10 55
55 96
96 3
3 62
62 13
13 43
43 4
4 2
2 32
32 61
61 15
15 82
82 58
58 7
7 34
34 5
5 72
72 65
65 110
110 71
71 26
26 29
29 91
91 117
117 99
99 64
64 75
75 35
35 0
0 90
90 52
52 73
73 80
80 31
31 106
106 12
12 33
33 103
103 40
40 56