121
120
0,
1,
2,
3,
4,
5,
6,
7,
8,
9,
10,
11,
12,
13,
14,
15,
16,
17,
18,
19,
20,
21,
22,
23,
24,
25,
26,
27,
28,
29,
30,
31,
32,
33,
34,
35,
36,
37,
38,
39,
40,
41,
42,
43,
44,
45,
46,
47,
48,
49,
50,
51,
52,
53,
54,
55,
56,
57,
58,
59,
60,
61,
62,
63,
64,
65,
66,
67,
68,
69,
70,
71,
72,
73,
74,
75,
76,
77,
78,
79,
80,
81,
82,
83,
84,
85,
86,
87,
88,
89,
90,
91,
92,
93,
94,
95,
96,
97,
98,
99,
100,
101,
102,
103,
104,
105,
106,
107,
108,
109,
110,
111,
112,
113,
114,
115,
116,
117,
118,
119,
120
38 49
49 88
88 72
72 24
24 14
14 15
15 83
83 107
107 51
51 37
37 9
9 48
48 117
117 111
111 29
29 92
92 108
108 6
6 89
89 36
36 54
54 102
102 53
53 47
47 112
112 7
7 16
16 21
21 10
10 27
27 39
39 82
82 86
86 105
105 95
95 94
94 81
81 65
65 74
74 19
19 87
87 4
4 60
60 120
120 116
116 118
118 17
17 12
12 43
43 93
93 113
113 101
101 78
78 57
57 84
84 96
96 52
52 11
11 104
104 114
114 61
61 44
44 73
73 45
45 80
80 109
109 99
99 2
2 55
55 62
62 97
97 5
5 100
100 20
20 46
46 35
35 77
77 59
59 1
1 68
68 18
18 106
106 42
42 90
90 67
67 70
70 64
64 98
98 30
30 28
28 91
91 58
58 31
31 103
103 76
76 85
85 0
0 110
110 26
26 66
66 79
79 13
13 56
56 69
69 119
119 63
63 25
25 33
33 22
22 115
115 23
23 3
3 71
71 50
50 8
8 75
75 41
41 40
40 34
34 32