122
121
0,
1,
2,
3,
4,
5,
6,
7,
8,
9,
10,
11,
12,
13,
14,
15,
16,
17,
18,
19,
20,
21,
22,
23,
24,
25,
26,
27,
28,
29,
30,
31,
32,
33,
34,
35,
36,
37,
38,
39,
40,
41,
42,
43,
44,
45,
46,
47,
48,
49,
50,
51,
52,
53,
54,
55,
56,
57,
58,
59,
60,
61,
62,
63,
64,
65,
66,
67,
68,
69,
70,
71,
72,
73,
74,
75,
76,
77,
78,
79,
80,
81,
82,
83,
84,
85,
86,
87,
88,
89,
90,
91,
92,
93,
94,
95,
96,
97,
98,
99,
100,
101,
102,
103,
104,
105,
106,
107,
108,
109,
110,
111,
112,
113,
114,
115,
116,
117,
118,
119,
120,
121
17 43
43 6
6 51
51 20
20 5
5 45
45 88
88 30
30 40
40 106
106 29
29 8
8 83
83 91
91 107
107 97
97 44
44 46
46 19
19 50
50 85
85 112
112 59
59 4
4 42
42 69
69 31
31 9
9 2
2 23
23 15
15 37
37 78
78 77
77 11
11 70
70 119
119 33
33 102
102 47
47 90
90 100
100 16
16 98
98 39
39 34
34 67
67 101
101 111
111 66
66 38
38 27
27 12
12 48
48 7
7 121
121 80
80 118
118 62
62 10
10 26
26 61
61 87
87 25
25 58
58 49
49 14
14 99
99 104
104 35
35 113
113 36
36 53
53 56
56 60
60 79
79 13
13 57
57 105
105 86
86 82
82 63
63 1
1 3
3 52
52 92
92 41
41 24
24 114
114 94
94 54
54 103
103 109
109 117
117 110
110 21
21 22
22 95
95 71
71 0
0 32
32 81
81 68
68 72
72 89
89 64
64 116
116 18
18 93
93 96
96 28
28 73
73 84
84 115
115 120
120 55
55 76
76 65
65 74
74 108
108 75