123
122
0,
1,
2,
3,
4,
5,
6,
7,
8,
9,
10,
11,
12,
13,
14,
15,
16,
17,
18,
19,
20,
21,
22,
23,
24,
25,
26,
27,
28,
29,
30,
31,
32,
33,
34,
35,
36,
37,
38,
39,
40,
41,
42,
43,
44,
45,
46,
47,
48,
49,
50,
51,
52,
53,
54,
55,
56,
57,
58,
59,
60,
61,
62,
63,
64,
65,
66,
67,
68,
69,
70,
71,
72,
73,
74,
75,
76,
77,
78,
79,
80,
81,
82,
83,
84,
85,
86,
87,
88,
89,
90,
91,
92,
93,
94,
95,
96,
97,
98,
99,
100,
101,
102,
103,
104,
105,
106,
107,
108,
109,
110,
111,
112,
113,
114,
115,
116,
117,
118,
119,
120,
121,
122
5 83
83 78
78 105
105 119
119 110
110 65
65 29
29 30
30 61
61 60
60 118
118 49
49 84
84 94
94 107
107 100
100 15
15 115
115 44
44 48
48 63
63 47
47 10
10 12
12 121
121 17
17 28
28 88
88 43
43 98
98 25
25 13
13 6
6 55
55 102
102 24
24 36
36 101
101 93
93 56
56 22
22 50
50 11
11 91
91 97
97 72
72 111
111 120
120 108
108 62
62 35
35 9
9 77
77 41
41 27
27 67
67 58
58 16
16 26
26 14
14 70
70 87
87 73
73 52
52 69
69 103
103 90
90 37
37 23
23 76
76 89
89 71
71 53
53 85
85 82
82 117
117 114
114 68
68 19
19 116
116 33
33 0
0 99
99 79
79 18
18 122
122 8
8 40
40 74
74 4
4 54
54 34
34 2
2 46
46 64
64 109
109 86
86 38
38 57
57 95
95 92
92 21
21 20
20 81
81 66
66 7
7 59
59 96
96 106
106 112
112 1
1 39
39 75
75 80
80 113
113 42
42 51
51 32
32 31
31 104
104 3
3 45