124
123
0,
1,
2,
3,
4,
5,
6,
7,
8,
9,
10,
11,
12,
13,
14,
15,
16,
17,
18,
19,
20,
21,
22,
23,
24,
25,
26,
27,
28,
29,
30,
31,
32,
33,
34,
35,
36,
37,
38,
39,
40,
41,
42,
43,
44,
45,
46,
47,
48,
49,
50,
51,
52,
53,
54,
55,
56,
57,
58,
59,
60,
61,
62,
63,
64,
65,
66,
67,
68,
69,
70,
71,
72,
73,
74,
75,
76,
77,
78,
79,
80,
81,
82,
83,
84,
85,
86,
87,
88,
89,
90,
91,
92,
93,
94,
95,
96,
97,
98,
99,
100,
101,
102,
103,
104,
105,
106,
107,
108,
109,
110,
111,
112,
113,
114,
115,
116,
117,
118,
119,
120,
121,
122,
123
10 117
117 1
1 24
24 73
73 43
43 76
76 57
57 56
56 92
92 123
123 40
40 44
44 72
72 20
20 22
22 3
3 68
68 17
17 59
59 63
63 5
5 114
114 82
82 119
119 90
90 30
30 118
118 34
34 18
18 6
6 83
83 48
48 102
102 96
96 58
58 89
89 13
13 93
93 75
75 111
111 66
66 52
52 77
77 25
25 26
26 78
78 36
36 112
112 103
103 55
55 9
9 46
46 37
37 41
41 120
120 29
29 65
65 97
97 106
106 45
45 7
7 79
79 107
107 80
80 121
121 39
39 60
60 11
11 2
2 81
81 21
21 108
108 100
100 74
74 49
49 109
109 104
104 38
38 69
69 8
8 42
42 64
64 116
116 32
32 23
23 27
27 50
50 86
86 101
101 94
94 31
31 84
84 12
12 95
95 16
16 122
122 35
35 87
87 113
113 115
115 110
110 4
4 105
105 0
0 71
71 15
15 61
61 53
53 54
54 51
51 99
99 98
98 62
62 91
91 14
14 33
33 88
88 85
85 47
47 67
67 28
28 70
70 19