125
124
0,
1,
2,
3,
4,
5,
6,
7,
8,
9,
10,
11,
12,
13,
14,
15,
16,
17,
18,
19,
20,
21,
22,
23,
24,
25,
26,
27,
28,
29,
30,
31,
32,
33,
34,
35,
36,
37,
38,
39,
40,
41,
42,
43,
44,
45,
46,
47,
48,
49,
50,
51,
52,
53,
54,
55,
56,
57,
58,
59,
60,
61,
62,
63,
64,
65,
66,
67,
68,
69,
70,
71,
72,
73,
74,
75,
76,
77,
78,
79,
80,
81,
82,
83,
84,
85,
86,
87,
88,
89,
90,
91,
92,
93,
94,
95,
96,
97,
98,
99,
100,
101,
102,
103,
104,
105,
106,
107,
108,
109,
110,
111,
112,
113,
114,
115,
116,
117,
118,
119,
120,
121,
122,
123,
124
110 34
34 124
124 60
60 61
61 83
83 87
87 70
70 72
72 33
33 91
91 85
85 54
54 16
16 74
74 103
103 84
84 80
80 109
109 55
55 23
23 36
36 113
113 13
13 66
66 64
64 68
68 41
41 48
48 28
28 79
79 117
117 122
122 3
3 105
105 101
101 44
44 7
7 17
17 108
108 123
123 19
19 90
90 115
115 32
32 112
112 45
45 1
1 65
65 40
40 116
116 73
73 51
51 5
5 38
38 0
0 93
93 50
50 8
8 10
10 15
15 121
121 81
81 106
106 95
95 111
111 9
9 98
98 76
76 49
49 14
14 71
71 26
26 22
22 104
104 86
86 88
88 92
92 56
56 57
57 99
99 47
47 25
25 62
62 89
89 31
31 18
18 37
37 96
96 118
118 69
69 100
100 24
24 120
120 53
53 43
43 30
30 42
42 11
11 82
82 75
75 39
39 46
46 4
4 2
2 12
12 119
119 6
6 58
58 52
52 97
97 78
78 20
20 27
27 63
63 35
35 67
67 59
59 21
21 94
94 102
102 29
29 77
77 107
107 114