126
125
0,
1,
2,
3,
4,
5,
6,
7,
8,
9,
10,
11,
12,
13,
14,
15,
16,
17,
18,
19,
20,
21,
22,
23,
24,
25,
26,
27,
28,
29,
30,
31,
32,
33,
34,
35,
36,
37,
38,
39,
40,
41,
42,
43,
44,
45,
46,
47,
48,
49,
50,
51,
52,
53,
54,
55,
56,
57,
58,
59,
60,
61,
62,
63,
64,
65,
66,
67,
68,
69,
70,
71,
72,
73,
74,
75,
76,
77,
78,
79,
80,
81,
82,
83,
84,
85,
86,
87,
88,
89,
90,
91,
92,
93,
94,
95,
96,
97,
98,
99,
100,
101,
102,
103,
104,
105,
106,
107,
108,
109,
110,
111,
112,
113,
114,
115,
116,
117,
118,
119,
120,
121,
122,
123,
124,
125
95 62
62 3
3 15
15 42
42 14
14 36
36 93
93 69
69 87
87 65
65 30
30 33
33 2
2 57
57 66
66 91
91 102
102 77
77 10
10 99
99 116
116 20
20 18
18 98
98 1
1 90
90 113
113 82
82 44
44 51
51 35
35 119
119 60
60 32
32 115
115 53
53 122
122 23
23 81
81 83
83 84
84 48
48 13
13 41
41 37
37 5
5 86
86 50
50 29
29 55
55 25
25 75
75 47
47 73
73 92
92 118
118 100
100 97
97 28
28 26
26 31
31 52
52 58
58 24
24 70
70 7
7 123
123 43
43 6
6 59
59 0
0 96
96 71
71 103
103 9
9 8
8 105
105 39
39 94
94 120
120 46
46 125
125 45
45 16
16 111
111 63
63 80
80 78
78 89
89 101
101 79
79 112
112 64
64 108
108 76
76 34
34 67
67 19
19 68
68 17
17 56
56 4
4 40
40 74
74 117
117 21
21 109
109 54
54 49
49 110
110 121
121 114
114 106
106 61
61 11
11 88
88 12
12 124
124 27
27 85
85 104
104 107
107 38
38 22
22 72