127
126
0,
1,
2,
3,
4,
5,
6,
7,
8,
9,
10,
11,
12,
13,
14,
15,
16,
17,
18,
19,
20,
21,
22,
23,
24,
25,
26,
27,
28,
29,
30,
31,
32,
33,
34,
35,
36,
37,
38,
39,
40,
41,
42,
43,
44,
45,
46,
47,
48,
49,
50,
51,
52,
53,
54,
55,
56,
57,
58,
59,
60,
61,
62,
63,
64,
65,
66,
67,
68,
69,
70,
71,
72,
73,
74,
75,
76,
77,
78,
79,
80,
81,
82,
83,
84,
85,
86,
87,
88,
89,
90,
91,
92,
93,
94,
95,
96,
97,
98,
99,
100,
101,
102,
103,
104,
105,
106,
107,
108,
109,
110,
111,
112,
113,
114,
115,
116,
117,
118,
119,
120,
121,
122,
123,
124,
125,
126
86 85
85 70
70 117
117 71
71 105
105 30
30 23
23 67
67 63
63 91
91 49
49 61
61 114
114 18
18 14
14 77
77 3
3 54
54 21
21 99
99 75
75 106
106 48
48 81
81 103
103 29
29 58
58 52
52 47
47 37
37 31
31 110
110 84
84 12
12 0
0 25
25 69
69 46
46 124
124 111
111 10
10 94
94 90
90 92
92 126
126 88
88 24
24 34
34 16
16 76
76 15
15 66
66 2
2 109
109 107
107 121
121 95
95 82
82 104
104 51
51 39
39 6
6 44
44 98
98 120
120 43
43 17
17 79
79 123
123 20
20 40
40 78
78 64
64 102
102 36
36 122
122 113
113 101
101 87
87 59
59 73
73 100
100 33
33 57
57 56
56 89
89 42
42 96
96 125
125 41
41 112
112 93
93 19
19 53
53 115
115 55
55 8
8 28
28 11
11 65
65 38
38 13
13 119
119 9
9 80
80 108
108 74
74 22
22 4
4 68
68 1
1 27
27 5
5 83
83 32
32 35
35 60
60 62
62 116
116 97
97 50
50 7
7 26
26 45
45 72
72 118