128
127
0,
1,
2,
3,
4,
5,
6,
7,
8,
9,
10,
11,
12,
13,
14,
15,
16,
17,
18,
19,
20,
21,
22,
23,
24,
25,
26,
27,
28,
29,
30,
31,
32,
33,
34,
35,
36,
37,
38,
39,
40,
41,
42,
43,
44,
45,
46,
47,
48,
49,
50,
51,
52,
53,
54,
55,
56,
57,
58,
59,
60,
61,
62,
63,
64,
65,
66,
67,
68,
69,
70,
71,
72,
73,
74,
75,
76,
77,
78,
79,
80,
81,
82,
83,
84,
85,
86,
87,
88,
89,
90,
91,
92,
93,
94,
95,
96,
97,
98,
99,
100,
101,
102,
103,
104,
105,
106,
107,
108,
109,
110,
111,
112,
113,
114,
115,
116,
117,
118,
119,
120,
121,
122,
123,
124,
125,
126,
127
86 118
118 40
40 119
119 2
2 53
53 116
116 120
120 80
80 58
58 19
19 101
101 24
24 27
27 16
16 8
8 68
68 22
22 26
26 45
45 104
104 32
32 15
15 113
113 74
74 62
62 12
12 37
37 9
9 39
39 67
67 14
14 55
55 57
57 31
31 59
59 50
50 10
10 42
42 79
79 23
23 106
106 35
35 17
17 1
1 33
33 88
88 30
30 75
75 20
20 11
11 34
34 77
77 89
89 91
91 85
85 92
92 123
123 126
126 97
97 109
109 44
44 114
114 100
100 7
7 78
78 28
28 43
43 105
105 71
71 5
5 41
41 29
29 96
96 117
117 103
103 46
46 13
13 72
72 0
0 25
25 124
124 65
65 93
93 76
76 49
49 107
107 61
61 102
102 111
111 66
66 38
38 52
52 36
36 48
48 69
69 87
87 98
98 21
21 63
63 94
94 60
60 95
95 73
73 18
18 90
90 47
47 112
112 108
108 6
6 64
64 3
3 110
110 82
82 125
125 122
122 99
99 81
81 121
121 51
51 56
56 127
127 70
70 4
4 83
83 84
84 115
115 54