129
128
0,
1,
2,
3,
4,
5,
6,
7,
8,
9,
10,
11,
12,
13,
14,
15,
16,
17,
18,
19,
20,
21,
22,
23,
24,
25,
26,
27,
28,
29,
30,
31,
32,
33,
34,
35,
36,
37,
38,
39,
40,
41,
42,
43,
44,
45,
46,
47,
48,
49,
50,
51,
52,
53,
54,
55,
56,
57,
58,
59,
60,
61,
62,
63,
64,
65,
66,
67,
68,
69,
70,
71,
72,
73,
74,
75,
76,
77,
78,
79,
80,
81,
82,
83,
84,
85,
86,
87,
88,
89,
90,
91,
92,
93,
94,
95,
96,
97,
98,
99,
100,
101,
102,
103,
104,
105,
106,
107,
108,
109,
110,
111,
112,
113,
114,
115,
116,
117,
118,
119,
120,
121,
122,
123,
124,
125,
126,
127,
128
22 109
109 20
20 122
122 43
43 91
91 107
107 31
31 36
36 49
49 26
26 11
11 17
17 114
114 41
41 38
38 81
81 51
51 76
76 15
15 52
52 87
87 3
3 65
65 12
12 55
55 108
108 67
67 113
113 25
25 125
125 40
40 68
68 64
64 8
8 62
62 69
69 59
59 96
96 93
93 14
14 103
103 73
73 54
54 16
16 30
30 47
47 79
79 82
82 80
80 4
4 115
115 90
90 7
7 119
119 102
102 53
53 28
28 75
75 117
117 66
66 74
74 18
18 50
50 58
58 124
124 100
100 39
39 33
33 89
89 118
118 0
0 111
111 57
57 35
35 95
95 71
71 42
42 84
84 1
1 104
104 9
9 32
32 94
94 27
27 99
99 86
86 88
88 112
112 60
60 121
121 63
63 46
46 5
5 127
127 92
92 21
21 29
29 10
10 106
106 123
123 61
61 2
2 128
128 44
44 97
97 126
126 78
78 120
120 110
110 83
83 98
98 116
116 72
72 23
23 13
13 77
77 37
37 105
105 48
48 56
56 85
85 6
6 24
24 45
45 34
34 19
19 101
101 70