130
129
0,
1,
2,
3,
4,
5,
6,
7,
8,
9,
10,
11,
12,
13,
14,
15,
16,
17,
18,
19,
20,
21,
22,
23,
24,
25,
26,
27,
28,
29,
30,
31,
32,
33,
34,
35,
36,
37,
38,
39,
40,
41,
42,
43,
44,
45,
46,
47,
48,
49,
50,
51,
52,
53,
54,
55,
56,
57,
58,
59,
60,
61,
62,
63,
64,
65,
66,
67,
68,
69,
70,
71,
72,
73,
74,
75,
76,
77,
78,
79,
80,
81,
82,
83,
84,
85,
86,
87,
88,
89,
90,
91,
92,
93,
94,
95,
96,
97,
98,
99,
100,
101,
102,
103,
104,
105,
106,
107,
108,
109,
110,
111,
112,
113,
114,
115,
116,
117,
118,
119,
120,
121,
122,
123,
124,
125,
126,
127,
128,
129
17 114
114 107
107 3
3 13
13 18
18 71
71 60
60 56
56 36
36 53
53 66
66 14
14 94
94 70
70 57
57 82
82 0
0 113
113 68
68 81
81 109
109 117
117 24
24 105
105 86
86 106
106 95
95 22
22 98
98 10
10 78
78 32
32 25
25 72
72 97
97 87
87 8
8 101
101 2
2 40
40 61
61 27
27 120
120 11
11 63
63 110
110 126
126 84
84 123
123 75
75 46
46 129
129 108
108 47
47 80
80 112
112 91
91 58
58 76
76 34
34 12
12 4
4 21
21 28
28 69
69 45
45 90
90 67
67 37
37 30
30 20
20 92
92 55
55 52
52 116
116 125
125 100
100 89
89 122
122 9
9 31
31 77
77 33
33 42
42 38
38 35
35 43
43 103
103 62
62 15
15 19
19 59
59 99
99 83
83 127
127 64
64 7
7 29
29 96
96 118
118 51
51 102
102 93
93 48
48 88
88 50
50 1
1 54
54 23
23 6
6 74
74 41
41 111
111 73
73 65
65 16
16 39
39 85
85 104
104 124
124 128
128 26
26 5
5 121
121 119
119 44
44 49
49 115
115 79