131
130
0,
1,
2,
3,
4,
5,
6,
7,
8,
9,
10,
11,
12,
13,
14,
15,
16,
17,
18,
19,
20,
21,
22,
23,
24,
25,
26,
27,
28,
29,
30,
31,
32,
33,
34,
35,
36,
37,
38,
39,
40,
41,
42,
43,
44,
45,
46,
47,
48,
49,
50,
51,
52,
53,
54,
55,
56,
57,
58,
59,
60,
61,
62,
63,
64,
65,
66,
67,
68,
69,
70,
71,
72,
73,
74,
75,
76,
77,
78,
79,
80,
81,
82,
83,
84,
85,
86,
87,
88,
89,
90,
91,
92,
93,
94,
95,
96,
97,
98,
99,
100,
101,
102,
103,
104,
105,
106,
107,
108,
109,
110,
111,
112,
113,
114,
115,
116,
117,
118,
119,
120,
121,
122,
123,
124,
125,
126,
127,
128,
129,
130
33 93
93 104
104 128
128 13
13 73
73 80
80 23
23 129
129 21
21 26
26 77
77 78
78 18
18 108
108 52
52 69
69 116
116 63
63 17
17 91
91 117
117 100
100 41
41 0
0 34
34 111
111 11
11 8
8 53
53 15
15 75
75 19
19 64
64 81
81 72
72 112
112 7
7 119
119 114
114 122
122 67
67 47
47 48
48 57
57 123
123 9
9 32
32 82
82 125
125 3
3 79
79 115
115 37
37 88
88 36
36 5
5 61
61 49
49 103
103 85
85 70
70 89
89 14
14 120
120 99
99 118
118 60
60 121
121 127
127 90
90 16
16 24
24 31
31 62
62 109
109 55
55 87
87 65
65 38
38 28
28 1
1 30
30 42
42 44
44 43
43 96
96 27
27 46
46 4
4 95
95 98
98 106
106 35
35 102
102 51
51 101
101 113
113 39
39 107
107 56
56 10
10 12
12 83
83 110
110 126
126 94
94 54
54 40
40 66
66 130
130 86
86 76
76 58
58 6
6 97
97 2
2 20
20 59
59 25
25 68
68 84
84 92
92 74
74 71
71 124
124 22
22 29
29 45
45 105
105 50