132
131
0,
1,
2,
3,
4,
5,
6,
7,
8,
9,
10,
11,
12,
13,
14,
15,
16,
17,
18,
19,
20,
21,
22,
23,
24,
25,
26,
27,
28,
29,
30,
31,
32,
33,
34,
35,
36,
37,
38,
39,
40,
41,
42,
43,
44,
45,
46,
47,
48,
49,
50,
51,
52,
53,
54,
55,
56,
57,
58,
59,
60,
61,
62,
63,
64,
65,
66,
67,
68,
69,
70,
71,
72,
73,
74,
75,
76,
77,
78,
79,
80,
81,
82,
83,
84,
85,
86,
87,
88,
89,
90,
91,
92,
93,
94,
95,
96,
97,
98,
99,
100,
101,
102,
103,
104,
105,
106,
107,
108,
109,
110,
111,
112,
113,
114,
115,
116,
117,
118,
119,
120,
121,
122,
123,
124,
125,
126,
127,
128,
129,
130,
131
47 97
97 54
54 26
26 28
28 95
95 86
86 23
23 66
66 37
37 62
62 115
115 130
130 57
57 56
56 41
41 129
129 78
78 9
9 29
29 122
122 16
16 59
59 83
83 18
18 101
101 84
84 50
50 17
17 34
34 39
39 88
88 128
128 46
46 24
24 51
51 103
103 55
55 65
65 40
40 100
100 119
119 92
92 93
93 81
81 110
110 102
102 90
90 94
94 52
52 48
48 121
121 87
87 32
32 0
0 35
35 96
96 21
21 30
30 89
89 111
111 13
13 33
33 14
14 117
117 77
77 8
8 12
12 73
73 75
75 45
45 68
68 7
7 71
71 131
131 125
125 3
3 114
114 20
20 63
63 106
106 126
126 98
98 85
85 43
43 124
124 123
123 74
74 113
113 61
61 99
99 25
25 60
60 118
118 27
27 31
31 79
79 70
70 58
58 107
107 105
105 127
127 44
44 5
5 108
108 49
49 4
4 109
109 116
116 64
64 80
80 120
120 6
6 11
11 76
76 53
53 15
15 1
1 67
67 38
38 42
42 112
112 82
82 91
91 10
10 2
2 36
36 72
72 22
22 19
19 104
104 69