133
132
0,
1,
2,
3,
4,
5,
6,
7,
8,
9,
10,
11,
12,
13,
14,
15,
16,
17,
18,
19,
20,
21,
22,
23,
24,
25,
26,
27,
28,
29,
30,
31,
32,
33,
34,
35,
36,
37,
38,
39,
40,
41,
42,
43,
44,
45,
46,
47,
48,
49,
50,
51,
52,
53,
54,
55,
56,
57,
58,
59,
60,
61,
62,
63,
64,
65,
66,
67,
68,
69,
70,
71,
72,
73,
74,
75,
76,
77,
78,
79,
80,
81,
82,
83,
84,
85,
86,
87,
88,
89,
90,
91,
92,
93,
94,
95,
96,
97,
98,
99,
100,
101,
102,
103,
104,
105,
106,
107,
108,
109,
110,
111,
112,
113,
114,
115,
116,
117,
118,
119,
120,
121,
122,
123,
124,
125,
126,
127,
128,
129,
130,
131,
132
114 100
100 126
126 127
127 131
131 120
120 125
125 50
50 61
61 1
1 115
115 98
98 26
26 28
28 29
29 6
6 111
111 82
82 65
65 56
56 78
78 11
11 109
109 67
67 64
64 118
118 60
60 124
124 43
43 5
5 51
51 128
128 34
34 105
105 117
117 70
70 91
91 7
7 95
95 33
33 16
16 25
25 17
17 103
103 12
12 122
122 76
76 52
52 39
39 38
38 86
86 27
27 116
116 119
119 75
75 121
121 59
59 96
96 42
42 57
57 44
44 18
18 48
48 49
49 2
2 132
132 83
83 10
10 89
89 19
19 79
79 68
68 74
74 113
113 104
104 112
112 81
81 36
36 14
14 31
31 22
22 92
92 88
88 47
47 0
0 21
21 66
66 24
24 90
90 84
84 3
3 69
69 32
32 73
73 13
13 106
106 62
62 45
45 80
80 8
8 108
108 102
102 9
9 130
130 30
30 99
99 15
15 54
54 97
97 35
35 4
4 55
55 85
85 107
107 123
123 72
72 94
94 23
23 20
20 87
87 129
129 101
101 71
71 110
110 40
40 41
41 93
93 53
53 77
77 46
46 58
58 63
63 37