134
133
0,
1,
2,
3,
4,
5,
6,
7,
8,
9,
10,
11,
12,
13,
14,
15,
16,
17,
18,
19,
20,
21,
22,
23,
24,
25,
26,
27,
28,
29,
30,
31,
32,
33,
34,
35,
36,
37,
38,
39,
40,
41,
42,
43,
44,
45,
46,
47,
48,
49,
50,
51,
52,
53,
54,
55,
56,
57,
58,
59,
60,
61,
62,
63,
64,
65,
66,
67,
68,
69,
70,
71,
72,
73,
74,
75,
76,
77,
78,
79,
80,
81,
82,
83,
84,
85,
86,
87,
88,
89,
90,
91,
92,
93,
94,
95,
96,
97,
98,
99,
100,
101,
102,
103,
104,
105,
106,
107,
108,
109,
110,
111,
112,
113,
114,
115,
116,
117,
118,
119,
120,
121,
122,
123,
124,
125,
126,
127,
128,
129,
130,
131,
132,
133
39 43
43 113
113 116
116 36
36 6
6 101
101 19
19 100
100 52
52 127
127 44
44 72
72 79
79 12
12 97
97 121
121 23
23 0
0 103
103 47
47 112
112 89
89 118
118 99
99 32
32 14
14 114
114 46
46 109
109 45
45 96
96 51
51 9
9 62
62 68
68 50
50 67
67 27
27 125
125 85
85 22
22 15
15 35
35 106
106 57
57 91
91 126
126 83
83 122
122 34
34 94
94 123
123 8
8 108
108 49
49 16
16 63
63 132
132 54
54 25
25 7
7 88
88 102
102 75
75 40
40 77
77 18
18 24
24 71
71 128
128 42
42 82
82 58
58 17
17 111
111 28
28 38
38 92
92 74
74 56
56 48
48 119
119 26
26 53
53 78
78 64
64 5
5 30
30 133
133 115
115 105
105 107
107 110
110 93
93 60
60 86
86 120
120 76
76 87
87 80
80 20
20 131
131 95
95 4
4 41
41 10
10 61
61 81
81 129
129 11
11 124
124 59
59 1
1 117
117 29
29 104
104 21
21 90
90 84
84 73
73 13
13 66
66 98
98 37
37 65
65 69
69 33
33 55
55 130
130 70
70 31
31 2
2 3