135
134
0,
1,
2,
3,
4,
5,
6,
7,
8,
9,
10,
11,
12,
13,
14,
15,
16,
17,
18,
19,
20,
21,
22,
23,
24,
25,
26,
27,
28,
29,
30,
31,
32,
33,
34,
35,
36,
37,
38,
39,
40,
41,
42,
43,
44,
45,
46,
47,
48,
49,
50,
51,
52,
53,
54,
55,
56,
57,
58,
59,
60,
61,
62,
63,
64,
65,
66,
67,
68,
69,
70,
71,
72,
73,
74,
75,
76,
77,
78,
79,
80,
81,
82,
83,
84,
85,
86,
87,
88,
89,
90,
91,
92,
93,
94,
95,
96,
97,
98,
99,
100,
101,
102,
103,
104,
105,
106,
107,
108,
109,
110,
111,
112,
113,
114,
115,
116,
117,
118,
119,
120,
121,
122,
123,
124,
125,
126,
127,
128,
129,
130,
131,
132,
133,
134
36 124
124 23
23 120
120 123
123 63
63 74
74 11
11 76
76 58
58 67
67 133
133 94
94 134
134 56
56 104
104 50
50 84
84 80
80 4
4 75
75 43
43 117
117 29
29 68
68 61
61 88
88 107
107 70
70 31
31 113
113 16
16 53
53 82
82 24
24 103
103 105
105 38
38 47
47 13
13 131
131 95
95 0
0 78
78 12
12 116
116 37
37 114
114 35
35 101
101 25
25 98
98 64
64 96
96 132
132 20
20 93
93 73
73 109
109 81
81 110
110 48
48 55
55 6
6 3
3 119
119 5
5 62
62 54
54 121
121 33
33 86
86 112
112 91
91 83
83 87
87 28
28 41
41 34
34 8
8 128
128 27
27 85
85 125
125 79
79 30
30 71
71 44
44 42
42 89
89 51
51 7
7 129
129 32
32 2
2 46
46 118
118 21
21 57
57 108
108 72
72 17
17 39
39 9
9 49
49 102
102 18
18 77
77 126
126 92
92 10
10 1
1 99
99 45
45 40
40 111
111 122
122 22
22 115
115 69
69 106
106 97
97 90
90 100
100 15
15 14
14 65
65 127
127 66
66 52
52 59
59 19
19 130
130 26
26 60