136
135
0,
1,
2,
3,
4,
5,
6,
7,
8,
9,
10,
11,
12,
13,
14,
15,
16,
17,
18,
19,
20,
21,
22,
23,
24,
25,
26,
27,
28,
29,
30,
31,
32,
33,
34,
35,
36,
37,
38,
39,
40,
41,
42,
43,
44,
45,
46,
47,
48,
49,
50,
51,
52,
53,
54,
55,
56,
57,
58,
59,
60,
61,
62,
63,
64,
65,
66,
67,
68,
69,
70,
71,
72,
73,
74,
75,
76,
77,
78,
79,
80,
81,
82,
83,
84,
85,
86,
87,
88,
89,
90,
91,
92,
93,
94,
95,
96,
97,
98,
99,
100,
101,
102,
103,
104,
105,
106,
107,
108,
109,
110,
111,
112,
113,
114,
115,
116,
117,
118,
119,
120,
121,
122,
123,
124,
125,
126,
127,
128,
129,
130,
131,
132,
133,
134,
135
94 43
43 111
111 27
27 52
52 72
72 1
1 65
65 18
18 104
104 85
85 22
22 36
36 134
134 38
38 56
56 4
4 82
82 132
132 97
97 79
79 131
131 41
41 71
71 120
120 75
75 64
64 55
55 116
116 12
12 14
14 37
37 58
58 126
126 32
32 61
61 44
44 118
118 34
34 54
54 103
103 135
135 63
63 78
78 62
62 0
0 91
91 124
124 3
3 39
39 98
98 113
113 11
11 45
45 47
47 28
28 95
95 48
48 133
133 66
66 93
93 40
40 30
30 117
117 77
77 109
109 6
6 115
115 5
5 122
122 16
16 69
69 86
86 9
9 26
26 127
127 108
108 70
70 13
13 29
29 129
129 130
130 17
17 101
101 96
96 74
74 42
42 90
90 50
50 83
83 2
2 60
60 10
10 51
51 73
73 107
107 21
21 121
121 81
81 33
33 68
68 128
128 89
89 84
84 123
123 19
19 49
49 53
53 20
20 105
105 31
31 88
88 102
102 87
87 23
23 8
8 99
99 80
80 100
100 15
15 112
112 106
106 24
24 76
76 92
92 59
59 67
67 25
25 7
7 110
110 35
35 114
114 119
119 46
46 125
125 57