137
136
0,
1,
2,
3,
4,
5,
6,
7,
8,
9,
10,
11,
12,
13,
14,
15,
16,
17,
18,
19,
20,
21,
22,
23,
24,
25,
26,
27,
28,
29,
30,
31,
32,
33,
34,
35,
36,
37,
38,
39,
40,
41,
42,
43,
44,
45,
46,
47,
48,
49,
50,
51,
52,
53,
54,
55,
56,
57,
58,
59,
60,
61,
62,
63,
64,
65,
66,
67,
68,
69,
70,
71,
72,
73,
74,
75,
76,
77,
78,
79,
80,
81,
82,
83,
84,
85,
86,
87,
88,
89,
90,
91,
92,
93,
94,
95,
96,
97,
98,
99,
100,
101,
102,
103,
104,
105,
106,
107,
108,
109,
110,
111,
112,
113,
114,
115,
116,
117,
118,
119,
120,
121,
122,
123,
124,
125,
126,
127,
128,
129,
130,
131,
132,
133,
134,
135,
136
50 89
89 21
21 110
110 131
131 135
135 67
67 31
31 48
48 43
43 96
96 52
52 41
41 117
117 0
0 59
59 4
4 56
56 33
33 93
93 23
23 46
46 9
9 39
39 6
6 62
62 106
106 35
35 55
55 51
51 1
1 22
22 14
14 113
113 90
90 83
83 80
80 130
130 71
71 29
29 8
8 99
99 18
18 121
121 3
3 73
73 105
105 124
124 102
102 70
70 25
25 79
79 94
94 69
69 86
86 112
112 125
125 24
24 53
53 40
40 12
12 2
2 104
104 126
126 115
115 101
101 27
27 134
134 17
17 45
45 16
16 122
122 42
42 61
61 107
107 97
97 38
38 88
88 65
65 136
136 44
44 20
20 114
114 82
82 74
74 127
127 77
77 64
64 54
54 75
75 100
100 129
129 103
103 76
76 132
132 78
78 13
13 5
5 10
10 58
58 91
91 95
95 37
37 57
57 63
63 72
72 120
120 109
109 87
87 68
68 98
98 118
118 11
11 30
30 85
85 60
60 32
32 92
92 116
116 19
19 34
34 108
108 36
36 26
26 123
123 15
15 49
49 128
128 66
66 119
119 111
111 28
28 47
47 133
133 7
7 81
81 84