138
137
0,
1,
2,
3,
4,
5,
6,
7,
8,
9,
10,
11,
12,
13,
14,
15,
16,
17,
18,
19,
20,
21,
22,
23,
24,
25,
26,
27,
28,
29,
30,
31,
32,
33,
34,
35,
36,
37,
38,
39,
40,
41,
42,
43,
44,
45,
46,
47,
48,
49,
50,
51,
52,
53,
54,
55,
56,
57,
58,
59,
60,
61,
62,
63,
64,
65,
66,
67,
68,
69,
70,
71,
72,
73,
74,
75,
76,
77,
78,
79,
80,
81,
82,
83,
84,
85,
86,
87,
88,
89,
90,
91,
92,
93,
94,
95,
96,
97,
98,
99,
100,
101,
102,
103,
104,
105,
106,
107,
108,
109,
110,
111,
112,
113,
114,
115,
116,
117,
118,
119,
120,
121,
122,
123,
124,
125,
126,
127,
128,
129,
130,
131,
132,
133,
134,
135,
136,
137
137 135
135 37
37 28
28 7
7 49
49 75
75 46
46 81
81 124
124 22
22 58
58 120
120 18
18 88
88 16
16 56
56 127
127 3
3 78
78 69
69 15
15 101
101 61
61 55
55 13
13 132
132 115
115 5
5 97
97 123
123 117
117 126
126 72
72 57
57 121
121 90
90 87
87 122
122 111
111 21
21 100
100 114
114 89
89 34
34 110
110 59
59 51
51 128
128 32
32 29
29 84
84 102
102 62
62 93
93 109
109 118
118 60
60 4
4 50
50 6
6 83
83 31
31 136
136 77
77 20
20 133
133 65
65 98
98 36
36 79
79 42
42 38
38 70
70 23
23 107
107 40
40 63
63 95
95 82
82 12
12 48
48 8
8 131
131 134
134 116
116 45
45 10
10 1
1 74
74 73
73 24
24 52
52 130
130 104
104 19
19 11
11 0
0 33
33 112
112 14
14 47
47 26
26 41
41 99
99 119
119 68
68 25
25 105
105 44
44 66
66 39
39 92
92 113
113 80
80 76
76 86
86 43
43 35
35 2
2 94
94 67
67 129
129 91
91 96
96 17
17 125
125 27
27 53
53 64
64 9
9 30
30 85
85 106
106 103
103 108
108 71
71 54