139
138
0,
1,
2,
3,
4,
5,
6,
7,
8,
9,
10,
11,
12,
13,
14,
15,
16,
17,
18,
19,
20,
21,
22,
23,
24,
25,
26,
27,
28,
29,
30,
31,
32,
33,
34,
35,
36,
37,
38,
39,
40,
41,
42,
43,
44,
45,
46,
47,
48,
49,
50,
51,
52,
53,
54,
55,
56,
57,
58,
59,
60,
61,
62,
63,
64,
65,
66,
67,
68,
69,
70,
71,
72,
73,
74,
75,
76,
77,
78,
79,
80,
81,
82,
83,
84,
85,
86,
87,
88,
89,
90,
91,
92,
93,
94,
95,
96,
97,
98,
99,
100,
101,
102,
103,
104,
105,
106,
107,
108,
109,
110,
111,
112,
113,
114,
115,
116,
117,
118,
119,
120,
121,
122,
123,
124,
125,
126,
127,
128,
129,
130,
131,
132,
133,
134,
135,
136,
137,
138
17 27
27 45
45 55
55 32
32 71
71 97
97 56
56 123
123 61
61 10
10 91
91 50
50 121
121 62
62 69
69 132
132 87
87 99
99 44
44 13
13 42
42 21
21 92
92 48
48 70
70 112
112 135
135 100
100 78
78 131
131 77
77 104
104 19
19 86
86 98
98 119
119 64
64 60
60 110
110 67
67 30
30 88
88 6
6 37
37 66
66 4
4 106
106 118
118 29
29 18
18 0
0 107
107 76
76 54
54 2
2 102
102 125
125 108
108 103
103 84
84 134
134 16
16 20
20 36
36 89
89 5
5 136
136 59
59 9
9 116
116 85
85 24
24 65
65 79
79 11
11 46
46 73
73 130
130 43
43 72
72 74
74 57
57 14
14 39
39 23
23 94
94 47
47 128
128 15
15 111
111 81
81 137
137 93
93 34
34 49
49 105
105 90
90 63
63 68
68 117
117 138
138 51
51 8
8 28
28 83
83 129
129 7
7 133
133 26
26 126
126 40
40 1
1 52
52 122
122 41
41 35
35 114
114 95
95 101
101 3
3 127
127 120
120 124
124 113
113 75
75 58
58 53
53 109
109 22
22 115
115 80
80 82
82 38
38 33
33 25
25 31
31 96
96 12