140
139
0,
1,
2,
3,
4,
5,
6,
7,
8,
9,
10,
11,
12,
13,
14,
15,
16,
17,
18,
19,
20,
21,
22,
23,
24,
25,
26,
27,
28,
29,
30,
31,
32,
33,
34,
35,
36,
37,
38,
39,
40,
41,
42,
43,
44,
45,
46,
47,
48,
49,
50,
51,
52,
53,
54,
55,
56,
57,
58,
59,
60,
61,
62,
63,
64,
65,
66,
67,
68,
69,
70,
71,
72,
73,
74,
75,
76,
77,
78,
79,
80,
81,
82,
83,
84,
85,
86,
87,
88,
89,
90,
91,
92,
93,
94,
95,
96,
97,
98,
99,
100,
101,
102,
103,
104,
105,
106,
107,
108,
109,
110,
111,
112,
113,
114,
115,
116,
117,
118,
119,
120,
121,
122,
123,
124,
125,
126,
127,
128,
129,
130,
131,
132,
133,
134,
135,
136,
137,
138,
139
4 44
44 65
65 73
73 86
86 34
34 68
68 24
24 54
54 35
35 69
69 89
89 26
26 97
97 59
59 110
110 50
50 30
30 95
95 66
66 88
88 136
136 53
53 72
72 13
13 82
82 48
48 55
55 120
120 58
58 126
126 122
122 113
113 10
10 25
25 125
125 67
67 114
114 105
105 46
46 36
36 16
16 6
6 52
52 8
8 92
92 41
41 94
94 80
80 76
76 70
70 64
64 106
106 83
83 138
138 119
119 101
101 102
102 139
139 99
99 75
75 27
27 71
71 47
47 61
61 33
33 60
60 1
1 51
51 128
128 107
107 103
103 129
129 29
29 93
93 121
121 130
130 91
91 118
118 117
117 85
85 77
77 32
32 57
57 42
42 19
19 9
9 111
111 3
3 79
79 20
20 109
109 18
18 40
40 127
127 123
123 45
45 112
112 0
0 96
96 43
43 7
7 116
116 11
11 124
124 104
104 108
108 63
63 100
100 2
2 56
56 28
28 133
133 23
23 12
12 21
21 5
5 134
134 22
22 17
17 87
87 132
132 90
90 62
62 14
14 15
15 115
115 74
74 78
78 131
131 84
84 135
135 39
39 49
49 98
98 81
81 37
37 31
31 137
137 38