141
140
0,
1,
2,
3,
4,
5,
6,
7,
8,
9,
10,
11,
12,
13,
14,
15,
16,
17,
18,
19,
20,
21,
22,
23,
24,
25,
26,
27,
28,
29,
30,
31,
32,
33,
34,
35,
36,
37,
38,
39,
40,
41,
42,
43,
44,
45,
46,
47,
48,
49,
50,
51,
52,
53,
54,
55,
56,
57,
58,
59,
60,
61,
62,
63,
64,
65,
66,
67,
68,
69,
70,
71,
72,
73,
74,
75,
76,
77,
78,
79,
80,
81,
82,
83,
84,
85,
86,
87,
88,
89,
90,
91,
92,
93,
94,
95,
96,
97,
98,
99,
100,
101,
102,
103,
104,
105,
106,
107,
108,
109,
110,
111,
112,
113,
114,
115,
116,
117,
118,
119,
120,
121,
122,
123,
124,
125,
126,
127,
128,
129,
130,
131,
132,
133,
134,
135,
136,
137,
138,
139,
140
116 71
71 98
98 120
120 44
44 93
93 17
17 63
63 91
91 82
82 33
33 8
8 127
127 115
115 60
60 135
135 53
53 25
25 40
40 16
16 133
133 66
66 122
122 124
124 80
80 21
21 134
134 7
7 73
73 20
20 131
131 125
125 107
107 56
56 64
64 129
129 121
121 26
26 58
58 43
43 118
118 32
32 89
89 39
39 137
137 28
28 36
36 94
94 52
52 119
119 78
78 57
57 62
62 41
41 97
97 104
104 75
75 10
10 1
1 65
65 100
100 81
81 92
92 72
72 90
90 5
5 77
77 108
108 88
88 85
85 24
24 22
22 54
54 128
128 113
113 37
37 42
42 45
45 3
3 140
140 83
83 86
86 35
35 109
109 31
31 103
103 46
46 13
13 11
11 27
27 69
69 105
105 0
0 14
14 18
18 6
6 110
110 101
101 59
59 30
30 29
29 136
136 49
49 126
126 114
114 2
2 84
84 87
87 47
47 79
79 12
12 111
111 74
74 23
23 55
55 61
61 117
117 9
9 138
138 4
4 76
76 123
123 67
67 19
19 38
38 102
102 34
34 48
48 139
139 130
130 68
68 70
70 112
112 50
50 106
106 96
96 99
99 132
132 51
51 15
15 95