142
141
0,
1,
2,
3,
4,
5,
6,
7,
8,
9,
10,
11,
12,
13,
14,
15,
16,
17,
18,
19,
20,
21,
22,
23,
24,
25,
26,
27,
28,
29,
30,
31,
32,
33,
34,
35,
36,
37,
38,
39,
40,
41,
42,
43,
44,
45,
46,
47,
48,
49,
50,
51,
52,
53,
54,
55,
56,
57,
58,
59,
60,
61,
62,
63,
64,
65,
66,
67,
68,
69,
70,
71,
72,
73,
74,
75,
76,
77,
78,
79,
80,
81,
82,
83,
84,
85,
86,
87,
88,
89,
90,
91,
92,
93,
94,
95,
96,
97,
98,
99,
100,
101,
102,
103,
104,
105,
106,
107,
108,
109,
110,
111,
112,
113,
114,
115,
116,
117,
118,
119,
120,
121,
122,
123,
124,
125,
126,
127,
128,
129,
130,
131,
132,
133,
134,
135,
136,
137,
138,
139,
140,
141
13 109
109 119
119 88
88 110
110 57
57 25
25 127
127 20
20 93
93 101
101 35
35 28
28 33
33 73
73 131
131 2
2 70
70 129
129 27
27 44
44 90
90 85
85 40
40 6
6 26
26 39
39 69
69 116
116 42
42 53
53 68
68 81
81 48
48 118
118 92
92 106
106 0
0 49
49 84
84 54
54 63
63 97
97 46
46 134
134 41
41 29
29 58
58 139
139 136
136 130
130 105
105 23
23 114
114 10
10 61
61 11
11 77
77 74
74 121
121 30
30 64
64 7
7 128
128 21
21 75
75 16
16 3
3 86
86 133
133 43
43 125
125 38
38 15
15 95
95 72
72 51
51 104
104 22
22 122
122 117
117 137
137 17
17 18
18 47
47 45
45 32
32 120
120 89
89 36
36 62
62 79
79 132
132 50
50 124
124 99
99 91
91 112
112 71
71 113
113 138
138 135
135 141
141 100
100 55
55 103
103 4
4 59
59 14
14 1
1 78
78 96
96 60
60 76
76 111
111 9
9 8
8 115
115 98
98 12
12 24
24 52
52 80
80 94
94 65
65 83
83 107
107 82
82 37
37 87
87 108
108 5
5 66
66 34
34 67
67 123
123 126
126 19
19 102
102 140
140 31
31 56