143
142
0,
1,
2,
3,
4,
5,
6,
7,
8,
9,
10,
11,
12,
13,
14,
15,
16,
17,
18,
19,
20,
21,
22,
23,
24,
25,
26,
27,
28,
29,
30,
31,
32,
33,
34,
35,
36,
37,
38,
39,
40,
41,
42,
43,
44,
45,
46,
47,
48,
49,
50,
51,
52,
53,
54,
55,
56,
57,
58,
59,
60,
61,
62,
63,
64,
65,
66,
67,
68,
69,
70,
71,
72,
73,
74,
75,
76,
77,
78,
79,
80,
81,
82,
83,
84,
85,
86,
87,
88,
89,
90,
91,
92,
93,
94,
95,
96,
97,
98,
99,
100,
101,
102,
103,
104,
105,
106,
107,
108,
109,
110,
111,
112,
113,
114,
115,
116,
117,
118,
119,
120,
121,
122,
123,
124,
125,
126,
127,
128,
129,
130,
131,
132,
133,
134,
135,
136,
137,
138,
139,
140,
141,
142
54 106
106 55
55 8
8 5
5 32
32 131
131 128
128 40
40 46
46 56
56 82
82 22
22 91
91 66
66 80
80 17
17 88
88 78
78 14
14 135
135 72
72 100
100 102
102 81
81 13
13 53
53 20
20 119
119 105
105 136
136 35
35 61
61 120
120 45
45 141
141 51
51 123
123 37
37 125
125 24
24 19
19 33
33 15
15 126
126 1
1 118
118 29
29 130
130 31
31 41
41 111
111 52
52 34
34 16
16 21
21 73
73 122
122 95
95 108
108 83
83 70
70 26
26 101
101 142
142 134
134 115
115 74
74 79
79 139
139 104
104 96
96 59
59 68
68 109
109 84
84 75
75 140
140 98
98 133
133 43
43 76
76 63
63 9
9 112
112 65
65 77
77 42
42 69
69 124
124 39
39 85
85 121
121 38
38 2
2 132
132 49
49 107
107 6
6 129
129 18
18 3
3 110
110 92
92 4
4 127
127 10
10 7
7 103
103 36
36 30
30 27
27 116
116 57
57 89
89 64
64 90
90 0
0 113
113 99
99 67
67 60
60 87
87 86
86 94
94 12
12 62
62 23
23 97
97 71
71 138
138 117
117 28
28 44
44 48
48 25
25 137
137 50
50 11
11 93
93 47
47 58
58 114