144
143
0,
1,
2,
3,
4,
5,
6,
7,
8,
9,
10,
11,
12,
13,
14,
15,
16,
17,
18,
19,
20,
21,
22,
23,
24,
25,
26,
27,
28,
29,
30,
31,
32,
33,
34,
35,
36,
37,
38,
39,
40,
41,
42,
43,
44,
45,
46,
47,
48,
49,
50,
51,
52,
53,
54,
55,
56,
57,
58,
59,
60,
61,
62,
63,
64,
65,
66,
67,
68,
69,
70,
71,
72,
73,
74,
75,
76,
77,
78,
79,
80,
81,
82,
83,
84,
85,
86,
87,
88,
89,
90,
91,
92,
93,
94,
95,
96,
97,
98,
99,
100,
101,
102,
103,
104,
105,
106,
107,
108,
109,
110,
111,
112,
113,
114,
115,
116,
117,
118,
119,
120,
121,
122,
123,
124,
125,
126,
127,
128,
129,
130,
131,
132,
133,
134,
135,
136,
137,
138,
139,
140,
141,
142,
143
75 141
141 31
31 89
89 95
95 100
100 132
132 22
22 61
61 101
101 81
81 7
7 58
58 54
54 142
142 78
78 4
4 11
11 125
125 53
53 57
57 60
60 72
72 56
56 41
41 67
67 36
36 19
19 123
123 20
20 48
48 17
17 139
139 76
76 121
121 131
131 138
138 24
24 110
110 47
47 18
18 114
114 120
120 29
29 93
93 88
88 21
21 74
74 96
96 77
77 10
10 13
13 135
135 39
39 113
113 71
71 122
122 38
38 90
90 52
52 118
118 8
8 16
16 102
102 116
116 43
43 105
105 42
42 6
6 134
134 14
14 80
80 23
23 126
126 62
62 117
117 34
34 92
92 97
97 55
55 33
33 0
0 106
106 1
1 140
140 108
108 69
69 45
45 35
35 79
79 28
28 87
87 86
86 127
127 130
130 115
115 63
63 25
25 30
30 103
103 83
83 27
27 143
143 65
65 109
109 70
70 91
91 137
137 49
49 68
68 3
3 73
73 15
15 99
99 12
12 129
129 50
50 112
112 59
59 9
9 98
98 44
44 82
82 2
2 136
136 32
32 133
133 66
66 128
128 40
40 37
37 111
111 119
119 85
85 51
51 107
107 94
94 124
124 26
26 104
104 84
84 5
5 46
46 64