145
144
0,
1,
2,
3,
4,
5,
6,
7,
8,
9,
10,
11,
12,
13,
14,
15,
16,
17,
18,
19,
20,
21,
22,
23,
24,
25,
26,
27,
28,
29,
30,
31,
32,
33,
34,
35,
36,
37,
38,
39,
40,
41,
42,
43,
44,
45,
46,
47,
48,
49,
50,
51,
52,
53,
54,
55,
56,
57,
58,
59,
60,
61,
62,
63,
64,
65,
66,
67,
68,
69,
70,
71,
72,
73,
74,
75,
76,
77,
78,
79,
80,
81,
82,
83,
84,
85,
86,
87,
88,
89,
90,
91,
92,
93,
94,
95,
96,
97,
98,
99,
100,
101,
102,
103,
104,
105,
106,
107,
108,
109,
110,
111,
112,
113,
114,
115,
116,
117,
118,
119,
120,
121,
122,
123,
124,
125,
126,
127,
128,
129,
130,
131,
132,
133,
134,
135,
136,
137,
138,
139,
140,
141,
142,
143,
144
113 137
137 37
37 101
101 20
20 102
102 130
130 28
28 16
16 128
128 44
44 127
127 41
41 99
99 71
71 138
138 82
82 19
19 3
3 70
70 124
124 126
126 38
38 22
22 135
135 133
133 12
12 93
93 33
33 132
132 79
79 118
118 65
65 49
49 24
24 116
116 25
25 114
114 83
83 8
8 61
61 48
48 56
56 47
47 136
136 67
67 58
58 100
100 131
131 31
31 2
2 87
87 84
84 143
143 46
46 54
54 23
23 97
97 139
139 120
120 110
110 94
94 77
77 66
66 106
106 0
0 27
27 30
30 57
57 141
141 86
86 104
104 89
89 17
17 119
119 129
129 96
96 80
80 98
98 123
123 117
117 88
88 52
52 9
9 43
43 7
7 68
68 40
40 140
140 125
125 11
11 107
107 45
45 109
109 50
50 121
121 91
91 74
74 13
13 29
29 18
18 21
21 111
111 36
36 60
60 59
59 81
81 72
72 14
14 4
4 53
53 76
76 35
35 64
64 55
55 34
34 105
105 112
112 1
1 26
26 90
90 15
15 95
95 32
32 144
144 69
69 75
75 92
92 115
115 10
10 108
108 5
5 62
62 51
51 39
39 73
73 142
142 85
85 63
63 134
134 42
42 122
122 103
103 78
78 6