146
145
0,
1,
2,
3,
4,
5,
6,
7,
8,
9,
10,
11,
12,
13,
14,
15,
16,
17,
18,
19,
20,
21,
22,
23,
24,
25,
26,
27,
28,
29,
30,
31,
32,
33,
34,
35,
36,
37,
38,
39,
40,
41,
42,
43,
44,
45,
46,
47,
48,
49,
50,
51,
52,
53,
54,
55,
56,
57,
58,
59,
60,
61,
62,
63,
64,
65,
66,
67,
68,
69,
70,
71,
72,
73,
74,
75,
76,
77,
78,
79,
80,
81,
82,
83,
84,
85,
86,
87,
88,
89,
90,
91,
92,
93,
94,
95,
96,
97,
98,
99,
100,
101,
102,
103,
104,
105,
106,
107,
108,
109,
110,
111,
112,
113,
114,
115,
116,
117,
118,
119,
120,
121,
122,
123,
124,
125,
126,
127,
128,
129,
130,
131,
132,
133,
134,
135,
136,
137,
138,
139,
140,
141,
142,
143,
144,
145
90 119
119 102
102 4
4 39
39 95
95 41
41 40
40 93
93 43
43 66
66 98
98 17
17 18
18 116
116 106
106 36
36 121
121 61
61 83
83 72
72 48
48 19
19 130
130 109
109 59
59 137
137 11
11 108
108 104
104 133
133 132
132 118
118 62
62 67
67 8
8 125
125 105
105 21
21 70
70 9
9 113
113 50
50 49
49 20
20 89
89 3
3 129
129 35
35 138
138 131
131 127
127 23
23 7
7 1
1 25
25 10
10 74
74 44
44 29
29 22
22 63
63 136
136 56
56 42
42 78
78 52
52 126
126 65
65 34
34 143
143 64
64 97
97 88
88 51
51 99
99 92
92 139
139 15
15 135
135 117
117 0
0 12
12 79
79 111
111 16
16 81
81 54
54 84
84 58
58 71
71 123
123 85
85 13
13 30
30 96
96 141
141 103
103 87
87 128
128 112
112 31
31 80
80 24
24 75
75 144
144 55
55 47
47 115
115 46
46 77
77 33
33 91
91 82
82 6
6 60
60 69
69 73
73 76
76 110
110 145
145 57
57 86
86 45
45 124
124 5
5 14
14 142
142 120
120 28
28 53
53 68
68 101
101 107
107 38
38 27
27 140
140 32
32 134
134 26
26 100
100 114
114 122
122 94
94 37
37 2