147
146
0,
1,
2,
3,
4,
5,
6,
7,
8,
9,
10,
11,
12,
13,
14,
15,
16,
17,
18,
19,
20,
21,
22,
23,
24,
25,
26,
27,
28,
29,
30,
31,
32,
33,
34,
35,
36,
37,
38,
39,
40,
41,
42,
43,
44,
45,
46,
47,
48,
49,
50,
51,
52,
53,
54,
55,
56,
57,
58,
59,
60,
61,
62,
63,
64,
65,
66,
67,
68,
69,
70,
71,
72,
73,
74,
75,
76,
77,
78,
79,
80,
81,
82,
83,
84,
85,
86,
87,
88,
89,
90,
91,
92,
93,
94,
95,
96,
97,
98,
99,
100,
101,
102,
103,
104,
105,
106,
107,
108,
109,
110,
111,
112,
113,
114,
115,
116,
117,
118,
119,
120,
121,
122,
123,
124,
125,
126,
127,
128,
129,
130,
131,
132,
133,
134,
135,
136,
137,
138,
139,
140,
141,
142,
143,
144,
145,
146
5 122
122 77
77 81
81 27
27 20
20 134
134 141
141 51
51 136
136 17
17 120
120 125
125 6
6 103
103 117
117 96
96 78
78 63
63 121
121 133
133 116
116 91
91 130
130 139
139 69
69 107
107 50
50 97
97 49
49 57
57 114
114 85
85 94
94 66
66 95
95 68
68 90
90 19
19 25
25 4
4 1
1 127
127 71
71 34
34 145
145 48
48 75
75 45
45 93
93 59
59 108
108 23
23 143
143 87
87 106
106 135
135 72
72 74
74 99
99 109
109 144
144 54
54 22
22 110
110 131
131 88
88 47
47 28
28 123
123 55
55 83
83 129
129 124
124 80
80 102
102 138
138 35
35 140
140 62
62 67
67 113
113 18
18 60
60 13
13 2
2 115
115 76
76 82
82 118
118 12
12 21
21 32
32 126
126 98
98 3
3 38
38 10
10 40
40 92
92 132
132 137
137 84
84 24
24 56
56 61
61 119
119 101
101 79
79 30
30 53
53 41
41 42
42 64
64 15
15 89
89 100
100 111
111 7
7 39
39 33
33 16
16 14
14 86
86 142
142 105
105 43
43 11
11 31
31 70
70 112
112 9
9 46
46 36
36 37
37 73
73 8
8 52
52 29
29 128
128 0
0 104
104 65
65 58
58 44
44 26
26 146