148
147
0,
1,
2,
3,
4,
5,
6,
7,
8,
9,
10,
11,
12,
13,
14,
15,
16,
17,
18,
19,
20,
21,
22,
23,
24,
25,
26,
27,
28,
29,
30,
31,
32,
33,
34,
35,
36,
37,
38,
39,
40,
41,
42,
43,
44,
45,
46,
47,
48,
49,
50,
51,
52,
53,
54,
55,
56,
57,
58,
59,
60,
61,
62,
63,
64,
65,
66,
67,
68,
69,
70,
71,
72,
73,
74,
75,
76,
77,
78,
79,
80,
81,
82,
83,
84,
85,
86,
87,
88,
89,
90,
91,
92,
93,
94,
95,
96,
97,
98,
99,
100,
101,
102,
103,
104,
105,
106,
107,
108,
109,
110,
111,
112,
113,
114,
115,
116,
117,
118,
119,
120,
121,
122,
123,
124,
125,
126,
127,
128,
129,
130,
131,
132,
133,
134,
135,
136,
137,
138,
139,
140,
141,
142,
143,
144,
145,
146,
147
56 3
3 49
49 144
144 84
84 115
115 106
106 78
78 117
117 129
129 138
138 91
91 77
77 86
86 73
73 43
43 139
139 12
12 10
10 32
32 125
125 121
121 114
114 134
134 103
103 67
67 110
110 34
34 120
120 143
143 94
94 38
38 50
50 52
52 53
53 75
75 79
79 36
36 22
22 62
62 42
42 90
90 87
87 111
111 72
72 147
147 112
112 20
20 137
137 14
14 7
7 25
25 57
57 89
89 107
107 74
74 99
99 82
82 65
65 130
130 48
48 108
108 81
81 95
95 96
96 19
19 105
105 68
68 146
146 55
55 40
40 24
24 8
8 4
4 70
70 11
11 132
132 76
76 59
59 21
21 131
131 93
93 83
83 16
16 9
9 28
28 127
127 104
104 124
124 133
133 27
27 58
58 92
92 13
13 33
33 80
80 113
113 39
39 2
2 101
101 88
88 23
23 69
69 1
1 128
128 45
45 0
0 109
109 122
122 63
63 60
60 100
100 54
54 118
118 51
51 26
26 6
6 29
29 30
30 140
140 123
123 141
141 61
61 135
135 126
126 64
64 37
37 18
18 102
102 44
44 5
5 119
119 17
17 85
85 142
142 116
116 145
145 41
41 71
71 35
35 15
15 46
46 136
136 97
97 31
31 66
66 47
47 98