149
148
0,
1,
2,
3,
4,
5,
6,
7,
8,
9,
10,
11,
12,
13,
14,
15,
16,
17,
18,
19,
20,
21,
22,
23,
24,
25,
26,
27,
28,
29,
30,
31,
32,
33,
34,
35,
36,
37,
38,
39,
40,
41,
42,
43,
44,
45,
46,
47,
48,
49,
50,
51,
52,
53,
54,
55,
56,
57,
58,
59,
60,
61,
62,
63,
64,
65,
66,
67,
68,
69,
70,
71,
72,
73,
74,
75,
76,
77,
78,
79,
80,
81,
82,
83,
84,
85,
86,
87,
88,
89,
90,
91,
92,
93,
94,
95,
96,
97,
98,
99,
100,
101,
102,
103,
104,
105,
106,
107,
108,
109,
110,
111,
112,
113,
114,
115,
116,
117,
118,
119,
120,
121,
122,
123,
124,
125,
126,
127,
128,
129,
130,
131,
132,
133,
134,
135,
136,
137,
138,
139,
140,
141,
142,
143,
144,
145,
146,
147,
148
73 52
52 93
93 15
15 116
116 114
114 37
37 57
57 146
146 16
16 135
135 55
55 43
43 60
60 126
126 85
85 130
130 12
12 144
144 102
102 113
113 19
19 32
32 30
30 9
9 71
71 2
2 53
53 95
95 84
84 96
96 81
81 80
80 88
88 70
70 51
51 145
145 68
68 148
148 92
92 91
91 48
48 44
44 46
46 77
77 83
83 147
147 140
140 39
39 27
27 111
111 64
64 35
35 26
26 121
121 141
141 117
117 21
21 112
112 98
98 90
90 139
139 50
50 110
110 24
24 45
45 106
106 56
56 47
47 63
63 87
87 23
23 127
127 11
11 134
134 132
132 14
14 54
54 74
74 33
33 49
49 103
103 131
131 38
38 105
105 115
115 143
143 28
28 58
58 29
29 136
136 7
7 79
79 72
72 137
137 104
104 129
129 31
31 4
4 124
124 76
76 125
125 120
120 36
36 138
138 65
65 101
101 97
97 118
118 100
100 59
59 3
3 142
142 78
78 17
17 133
133 20
20 61
61 10
10 122
122 99
99 82
82 128
128 34
34 13
13 123
123 8
8 18
18 5
5 86
86 0
0 119
119 69
69 66
66 40
40 109
109 1
1 108
108 25
25 67
67 62
62 42
42 41
41 94
94 107
107 89
89 75
75 6
6 22