150
149
0,
1,
2,
3,
4,
5,
6,
7,
8,
9,
10,
11,
12,
13,
14,
15,
16,
17,
18,
19,
20,
21,
22,
23,
24,
25,
26,
27,
28,
29,
30,
31,
32,
33,
34,
35,
36,
37,
38,
39,
40,
41,
42,
43,
44,
45,
46,
47,
48,
49,
50,
51,
52,
53,
54,
55,
56,
57,
58,
59,
60,
61,
62,
63,
64,
65,
66,
67,
68,
69,
70,
71,
72,
73,
74,
75,
76,
77,
78,
79,
80,
81,
82,
83,
84,
85,
86,
87,
88,
89,
90,
91,
92,
93,
94,
95,
96,
97,
98,
99,
100,
101,
102,
103,
104,
105,
106,
107,
108,
109,
110,
111,
112,
113,
114,
115,
116,
117,
118,
119,
120,
121,
122,
123,
124,
125,
126,
127,
128,
129,
130,
131,
132,
133,
134,
135,
136,
137,
138,
139,
140,
141,
142,
143,
144,
145,
146,
147,
148,
149
69 24
24 95
95 45
45 11
11 126
126 99
99 54
54 33
33 147
147 133
133 31
31 32
32 38
38 18
18 5
5 143
143 136
136 103
103 52
52 119
119 109
109 88
88 63
63 55
55 96
96 125
125 43
43 114
114 13
13 26
26 120
120 127
127 22
22 118
118 113
113 77
77 80
80 91
91 132
132 14
14 84
84 101
101 100
100 86
86 7
7 28
28 1
1 3
3 92
92 30
30 131
131 62
62 10
10 67
67 89
89 6
6 146
146 139
139 148
148 129
129 41
41 53
53 37
37 121
121 49
49 16
16 116
116 47
47 83
83 4
4 59
59 122
122 78
78 50
50 20
20 35
35 8
8 76
76 72
72 21
21 70
70 117
117 144
144 141
141 115
115 9
9 19
19 27
27 142
142 93
93 40
40 128
128 130
130 102
102 135
135 75
75 74
74 112
112 145
145 48
48 66
66 34
34 58
58 79
79 73
73 23
23 12
12 42
42 56
56 0
0 124
124 2
2 64
64 82
82 60
60 107
107 44
44 97
97 61
61 57
57 108
108 68
68 29
29 106
106 17
17 111
111 105
105 138
138 104
104 36
36 51
51 39
39 46
46 81
81 98
98 25
25 137
137 65
65 140
140 94
94 134
134 15
15 71
71 87
87 123
123 110
110 149
149 90
90 85