151
150
0,
1,
2,
3,
4,
5,
6,
7,
8,
9,
10,
11,
12,
13,
14,
15,
16,
17,
18,
19,
20,
21,
22,
23,
24,
25,
26,
27,
28,
29,
30,
31,
32,
33,
34,
35,
36,
37,
38,
39,
40,
41,
42,
43,
44,
45,
46,
47,
48,
49,
50,
51,
52,
53,
54,
55,
56,
57,
58,
59,
60,
61,
62,
63,
64,
65,
66,
67,
68,
69,
70,
71,
72,
73,
74,
75,
76,
77,
78,
79,
80,
81,
82,
83,
84,
85,
86,
87,
88,
89,
90,
91,
92,
93,
94,
95,
96,
97,
98,
99,
100,
101,
102,
103,
104,
105,
106,
107,
108,
109,
110,
111,
112,
113,
114,
115,
116,
117,
118,
119,
120,
121,
122,
123,
124,
125,
126,
127,
128,
129,
130,
131,
132,
133,
134,
135,
136,
137,
138,
139,
140,
141,
142,
143,
144,
145,
146,
147,
148,
149,
150
57 117
117 148
148 147
147 91
91 143
143 126
126 18
18 67
67 89
89 90
90 40
40 28
28 4
4 112
112 69
69 106
106 110
110 73
73 29
29 124
124 21
21 39
39 102
102 135
135 121
121 116
116 85
85 84
84 43
43 30
30 80
80 48
48 77
77 129
129 14
14 52
52 58
58 145
145 76
76 66
66 96
96 82
82 95
95 133
133 26
26 131
131 33
33 141
141 127
127 10
10 64
64 118
118 137
137 6
6 87
87 12
12 150
150 71
71 47
47 79
79 60
60 38
38 140
140 3
3 31
31 37
37 103
103 16
16 34
34 23
23 1
1 100
100 120
120 0
0 13
13 98
98 105
105 109
109 63
63 61
61 128
128 134
134 146
146 42
42 122
122 75
75 139
139 20
20 44
44 19
19 144
144 115
115 125
125 123
123 36
36 68
68 83
83 24
24 114
114 5
5 74
74 7
7 99
99 55
55 70
70 59
59 41
41 81
81 9
9 51
51 49
49 94
94 113
113 50
50 107
107 56
56 27
27 104
104 53
53 25
25 132
132 72
72 97
97 88
88 11
11 78
78 138
138 149
149 17
17 119
119 65
65 2
2 8
8 15
15 46
46 86
86 45
45 93
93 22
22 142
142 62
62 54
54 92
92 101
101 35
35 136
136 32
32 111
111 108
108 130