152
151
0,
1,
2,
3,
4,
5,
6,
7,
8,
9,
10,
11,
12,
13,
14,
15,
16,
17,
18,
19,
20,
21,
22,
23,
24,
25,
26,
27,
28,
29,
30,
31,
32,
33,
34,
35,
36,
37,
38,
39,
40,
41,
42,
43,
44,
45,
46,
47,
48,
49,
50,
51,
52,
53,
54,
55,
56,
57,
58,
59,
60,
61,
62,
63,
64,
65,
66,
67,
68,
69,
70,
71,
72,
73,
74,
75,
76,
77,
78,
79,
80,
81,
82,
83,
84,
85,
86,
87,
88,
89,
90,
91,
92,
93,
94,
95,
96,
97,
98,
99,
100,
101,
102,
103,
104,
105,
106,
107,
108,
109,
110,
111,
112,
113,
114,
115,
116,
117,
118,
119,
120,
121,
122,
123,
124,
125,
126,
127,
128,
129,
130,
131,
132,
133,
134,
135,
136,
137,
138,
139,
140,
141,
142,
143,
144,
145,
146,
147,
148,
149,
150,
151
71 116
116 40
40 110
110 140
140 134
134 125
125 0
0 96
96 52
52 148
148 76
76 103
103 81
81 137
137 105
105 111
111 16
16 30
30 24
24 79
79 31
31 32
32 45
45 119
119 39
39 73
73 108
108 112
112 4
4 136
136 35
35 50
50 29
29 84
84 47
47 82
82 65
65 100
100 89
89 97
97 101
101 118
118 62
62 61
61 54
54 114
114 43
43 48
48 135
135 34
34 88
88 22
22 123
123 38
38 122
122 23
23 21
21 141
141 95
95 26
26 15
15 145
145 2
2 28
28 44
44 80
80 7
7 33
33 87
87 66
66 57
57 133
133 86
86 60
60 129
129 130
130 127
127 117
117 72
72 131
131 132
132 106
106 41
41 14
14 53
53 13
13 75
75 121
121 92
92 109
109 17
17 120
120 46
46 11
11 49
49 18
18 55
55 147
147 10
10 143
143 99
99 37
37 85
85 42
42 25
25 68
68 138
138 67
67 102
102 74
74 5
5 77
77 139
139 126
126 69
69 78
78 51
51 142
142 124
124 83
83 107
107 70
70 8
8 63
63 12
12 27
27 91
91 128
128 90
90 150
150 94
94 98
98 93
93 146
146 56
56 144
144 1
1 113
113 36
36 151
151 59
59 9
9 58
58 3
3 115
115 19
19 6
6 149
149 104
104 20
20 64