153
152
0,
1,
2,
3,
4,
5,
6,
7,
8,
9,
10,
11,
12,
13,
14,
15,
16,
17,
18,
19,
20,
21,
22,
23,
24,
25,
26,
27,
28,
29,
30,
31,
32,
33,
34,
35,
36,
37,
38,
39,
40,
41,
42,
43,
44,
45,
46,
47,
48,
49,
50,
51,
52,
53,
54,
55,
56,
57,
58,
59,
60,
61,
62,
63,
64,
65,
66,
67,
68,
69,
70,
71,
72,
73,
74,
75,
76,
77,
78,
79,
80,
81,
82,
83,
84,
85,
86,
87,
88,
89,
90,
91,
92,
93,
94,
95,
96,
97,
98,
99,
100,
101,
102,
103,
104,
105,
106,
107,
108,
109,
110,
111,
112,
113,
114,
115,
116,
117,
118,
119,
120,
121,
122,
123,
124,
125,
126,
127,
128,
129,
130,
131,
132,
133,
134,
135,
136,
137,
138,
139,
140,
141,
142,
143,
144,
145,
146,
147,
148,
149,
150,
151,
152
1 113
113 149
149 101
101 69
69 89
89 75
75 44
44 106
106 131
131 76
76 33
33 25
25 45
45 67
67 103
103 95
95 144
144 14
14 49
49 16
16 128
128 32
32 50
50 100
100 124
124 141
141 74
74 30
30 51
51 91
91 87
87 110
110 13
13 41
41 73
73 152
152 7
7 99
99 60
60 5
5 40
40 90
90 140
140 48
48 66
66 146
146 55
55 134
134 72
72 138
138 104
104 139
139 130
130 35
35 61
61 88
88 56
56 108
108 80
80 133
133 22
22 115
115 136
136 112
112 93
93 105
105 147
147 125
125 109
109 116
116 21
21 37
37 4
4 92
92 86
86 28
28 38
38 85
85 27
27 62
62 52
52 6
6 29
29 122
122 84
84 119
119 0
0 20
20 23
23 129
129 26
26 118
118 47
47 58
58 98
98 15
15 11
11 54
54 43
43 83
83 59
59 81
81 24
24 107
107 126
126 36
36 46
46 114
114 79
79 2
2 71
71 127
127 17
17 123
123 70
70 12
12 117
117 148
148 151
151 63
63 10
10 39
39 97
97 142
142 18
18 68
68 111
111 135
135 65
65 19
19 53
53 121
121 120
120 8
8 57
57 64
64 132
132 3
3 150
150 31
31 77
77 94
94 102
102 137
137 82
82 143
143 96
96 145
145 78
78 34
34 9
9 42