154
153
0,
1,
2,
3,
4,
5,
6,
7,
8,
9,
10,
11,
12,
13,
14,
15,
16,
17,
18,
19,
20,
21,
22,
23,
24,
25,
26,
27,
28,
29,
30,
31,
32,
33,
34,
35,
36,
37,
38,
39,
40,
41,
42,
43,
44,
45,
46,
47,
48,
49,
50,
51,
52,
53,
54,
55,
56,
57,
58,
59,
60,
61,
62,
63,
64,
65,
66,
67,
68,
69,
70,
71,
72,
73,
74,
75,
76,
77,
78,
79,
80,
81,
82,
83,
84,
85,
86,
87,
88,
89,
90,
91,
92,
93,
94,
95,
96,
97,
98,
99,
100,
101,
102,
103,
104,
105,
106,
107,
108,
109,
110,
111,
112,
113,
114,
115,
116,
117,
118,
119,
120,
121,
122,
123,
124,
125,
126,
127,
128,
129,
130,
131,
132,
133,
134,
135,
136,
137,
138,
139,
140,
141,
142,
143,
144,
145,
146,
147,
148,
149,
150,
151,
152,
153
144 36
36 26
26 60
60 40
40 138
138 133
133 22
22 152
152 117
117 86
86 7
7 82
82 2
2 73
73 131
131 148
148 13
13 59
59 78
78 31
31 15
15 107
107 105
105 70
70 129
129 68
68 122
122 45
45 17
17 52
52 42
42 146
146 137
137 48
48 71
71 10
10 97
97 43
43 63
63 115
115 134
134 99
99 110
110 44
44 38
38 132
132 139
139 95
95 20
20 54
54 91
91 3
3 77
77 57
57 147
147 67
67 34
34 74
74 81
81 87
87 112
112 75
75 39
39 79
79 89
89 123
123 118
118 119
119 33
33 151
151 153
153 128
128 90
90 94
94 30
30 92
92 46
46 1
1 32
32 121
121 9
9 109
109 126
126 149
149 47
47 6
6 5
5 85
85 76
76 103
103 98
98 114
114 50
50 142
142 145
145 28
28 80
80 116
116 21
21 108
108 58
58 27
27 11
11 55
55 83
83 140
140 143
143 106
106 56
56 113
113 102
102 100
100 0
0 66
66 96
96 4
4 14
14 130
130 37
37 101
101 41
41 51
51 19
19 49
49 120
120 125
125 136
136 104
104 141
141 12
12 61
61 35
35 111
111 53
53 69
69 18
18 124
124 25
25 135
135 24
24 127
127 29
29 8
8 62
62 64
64 23
23 150
150 72
72 65
65 93
93 88
88 84
84 16