155
154
0,
1,
2,
3,
4,
5,
6,
7,
8,
9,
10,
11,
12,
13,
14,
15,
16,
17,
18,
19,
20,
21,
22,
23,
24,
25,
26,
27,
28,
29,
30,
31,
32,
33,
34,
35,
36,
37,
38,
39,
40,
41,
42,
43,
44,
45,
46,
47,
48,
49,
50,
51,
52,
53,
54,
55,
56,
57,
58,
59,
60,
61,
62,
63,
64,
65,
66,
67,
68,
69,
70,
71,
72,
73,
74,
75,
76,
77,
78,
79,
80,
81,
82,
83,
84,
85,
86,
87,
88,
89,
90,
91,
92,
93,
94,
95,
96,
97,
98,
99,
100,
101,
102,
103,
104,
105,
106,
107,
108,
109,
110,
111,
112,
113,
114,
115,
116,
117,
118,
119,
120,
121,
122,
123,
124,
125,
126,
127,
128,
129,
130,
131,
132,
133,
134,
135,
136,
137,
138,
139,
140,
141,
142,
143,
144,
145,
146,
147,
148,
149,
150,
151,
152,
153,
154
134 41
41 72
72 50
50 137
137 141
141 77
77 103
103 114
114 24
24 148
148 71
71 36
36 60
60 31
31 23
23 56
56 57
57 73
73 125
125 147
147 143
143 68
68 145
145 81
81 11
11 48
48 21
21 111
111 15
15 18
18 45
45 80
80 101
101 63
63 87
87 16
16 86
86 66
66 99
99 127
127 1
1 52
52 65
65 110
110 35
35 19
19 8
8 140
140 149
149 152
152 85
85 151
151 67
67 33
33 97
97 44
44 88
88 13
13 14
14 32
32 2
2 122
122 135
135 138
138 132
132 115
115 124
124 64
64 12
12 116
116 79
79 146
146 84
84 128
128 102
102 120
120 82
82 7
7 76
76 105
105 74
74 22
22 4
4 6
6 59
59 109
109 55
55 96
96 90
90 123
123 104
104 94
94 20
20 154
154 117
117 150
150 113
113 9
9 83
83 30
30 129
129 34
34 49
49 100
100 10
10 131
131 54
54 69
69 28
28 121
121 108
108 107
107 53
53 118
118 39
39 89
89 136
136 37
37 46
46 106
106 142
142 3
3 78
78 17
17 26
26 5
5 47
47 62
62 126
126 139
139 40
40 75
75 93
93 130
130 92
92 42
42 95
95 0
0 61
61 29
29 91
91 70
70 153
153 58
58 51
51 25
25 144
144 38
38 133
133 27
27 98
98 112
112 43
43 119