156
155
0,
1,
2,
3,
4,
5,
6,
7,
8,
9,
10,
11,
12,
13,
14,
15,
16,
17,
18,
19,
20,
21,
22,
23,
24,
25,
26,
27,
28,
29,
30,
31,
32,
33,
34,
35,
36,
37,
38,
39,
40,
41,
42,
43,
44,
45,
46,
47,
48,
49,
50,
51,
52,
53,
54,
55,
56,
57,
58,
59,
60,
61,
62,
63,
64,
65,
66,
67,
68,
69,
70,
71,
72,
73,
74,
75,
76,
77,
78,
79,
80,
81,
82,
83,
84,
85,
86,
87,
88,
89,
90,
91,
92,
93,
94,
95,
96,
97,
98,
99,
100,
101,
102,
103,
104,
105,
106,
107,
108,
109,
110,
111,
112,
113,
114,
115,
116,
117,
118,
119,
120,
121,
122,
123,
124,
125,
126,
127,
128,
129,
130,
131,
132,
133,
134,
135,
136,
137,
138,
139,
140,
141,
142,
143,
144,
145,
146,
147,
148,
149,
150,
151,
152,
153,
154,
155
61 138
138 69
69 22
22 113
113 146
146 119
119 135
135 74
74 79
79 43
43 100
100 58
58 140
140 103
103 132
132 137
137 6
6 4
4 9
9 154
154 34
34 29
29 18
18 143
143 145
145 80
80 151
151 62
62 42
42 52
52 130
130 35
35 16
16 7
7 23
23 10
10 55
55 110
110 99
99 68
68 101
101 54
54 0
0 144
144 123
123 1
1 141
141 32
32 120
120 3
3 149
149 148
148 127
127 45
45 85
85 28
28 116
116 63
63 37
37 75
75 111
111 92
92 88
88 73
73 57
57 105
105 124
124 59
59 33
33 21
21 147
147 67
67 106
106 40
40 14
14 126
126 53
53 112
112 139
139 131
131 48
48 136
136 72
72 118
118 150
150 31
31 25
25 51
51 8
8 125
125 78
78 122
122 49
49 27
27 17
17 12
12 97
97 41
41 107
107 70
70 83
83 38
38 36
36 39
39 20
20 134
134 56
56 71
71 153
153 142
142 76
76 77
77 64
64 44
44 155
155 109
109 82
82 90
90 11
11 87
87 121
121 115
115 15
15 2
2 93
93 84
84 66
66 95
95 98
98 104
104 96
96 60
60 117
117 50
50 47
47 26
26 30
30 13
13 133
133 108
108 81
81 24
24 129
129 46
46 89
89 152
152 128
128 91
91 114
114 65
65 102
102 19
19 5
5 86
86 94