157
156
0,
1,
2,
3,
4,
5,
6,
7,
8,
9,
10,
11,
12,
13,
14,
15,
16,
17,
18,
19,
20,
21,
22,
23,
24,
25,
26,
27,
28,
29,
30,
31,
32,
33,
34,
35,
36,
37,
38,
39,
40,
41,
42,
43,
44,
45,
46,
47,
48,
49,
50,
51,
52,
53,
54,
55,
56,
57,
58,
59,
60,
61,
62,
63,
64,
65,
66,
67,
68,
69,
70,
71,
72,
73,
74,
75,
76,
77,
78,
79,
80,
81,
82,
83,
84,
85,
86,
87,
88,
89,
90,
91,
92,
93,
94,
95,
96,
97,
98,
99,
100,
101,
102,
103,
104,
105,
106,
107,
108,
109,
110,
111,
112,
113,
114,
115,
116,
117,
118,
119,
120,
121,
122,
123,
124,
125,
126,
127,
128,
129,
130,
131,
132,
133,
134,
135,
136,
137,
138,
139,
140,
141,
142,
143,
144,
145,
146,
147,
148,
149,
150,
151,
152,
153,
154,
155,
156
148 134
134 49
49 143
143 126
126 15
15 127
127 48
48 29
29 83
83 45
45 109
109 106
106 100
100 56
56 147
147 152
152 63
63 4
4 72
72 8
8 80
80 46
46 138
138 24
24 54
54 82
82 92
92 107
107 77
77 145
145 154
154 78
78 117
117 41
41 118
118 94
94 93
93 57
57 16
16 61
61 43
43 146
146 64
64 58
58 85
85 21
21 42
42 32
32 50
50 105
105 114
114 19
19 60
60 111
111 11
11 121
121 149
149 112
112 104
104 129
129 71
71 38
38 103
103 141
141 153
153 0
0 95
95 40
40 68
68 33
33 156
156 139
139 151
151 59
59 26
26 98
98 132
132 53
53 27
27 142
142 150
150 2
2 20
20 125
125 67
67 74
74 13
13 120
120 39
39 75
75 135
135 9
9 66
66 25
25 86
86 122
122 144
144 6
6 73
73 31
31 79
79 55
55 65
65 34
34 52
52 133
133 51
51 96
96 22
22 116
116 119
119 155
155 5
5 90
90 17
17 115
115 136
136 87
87 14
14 84
84 110
110 35
35 10
10 44
44 23
23 37
37 113
113 130
130 47
47 28
28 3
3 62
62 18
18 88
88 99
99 89
89 101
101 12
12 140
140 70
70 1
1 124
124 91
91 123
123 69
69 97
97 76
76 30
30 81
81 108
108 128
128 36
36 137
137 7
7 102
102 131