158
157
0,
1,
2,
3,
4,
5,
6,
7,
8,
9,
10,
11,
12,
13,
14,
15,
16,
17,
18,
19,
20,
21,
22,
23,
24,
25,
26,
27,
28,
29,
30,
31,
32,
33,
34,
35,
36,
37,
38,
39,
40,
41,
42,
43,
44,
45,
46,
47,
48,
49,
50,
51,
52,
53,
54,
55,
56,
57,
58,
59,
60,
61,
62,
63,
64,
65,
66,
67,
68,
69,
70,
71,
72,
73,
74,
75,
76,
77,
78,
79,
80,
81,
82,
83,
84,
85,
86,
87,
88,
89,
90,
91,
92,
93,
94,
95,
96,
97,
98,
99,
100,
101,
102,
103,
104,
105,
106,
107,
108,
109,
110,
111,
112,
113,
114,
115,
116,
117,
118,
119,
120,
121,
122,
123,
124,
125,
126,
127,
128,
129,
130,
131,
132,
133,
134,
135,
136,
137,
138,
139,
140,
141,
142,
143,
144,
145,
146,
147,
148,
149,
150,
151,
152,
153,
154,
155,
156,
157
89 10
10 129
129 119
119 44
44 102
102 123
123 48
48 19
19 77
77 122
122 74
74 111
111 107
107 46
46 83
83 155
155 116
116 40
40 67
67 86
86 126
126 138
138 76
76 142
142 3
3 21
21 108
108 120
120 55
55 20
20 31
31 156
156 109
109 99
99 71
71 43
43 2
2 100
100 114
114 150
150 105
105 92
92 23
23 17
17 144
144 131
131 50
50 132
132 75
75 30
30 18
18 127
127 38
38 154
154 16
16 115
115 22
22 69
69 110
110 61
61 93
93 157
157 14
14 94
94 34
34 57
57 59
59 143
143 146
146 41
41 28
28 139
139 87
87 72
72 35
35 7
7 53
53 117
117 29
29 58
58 124
124 56
56 79
79 49
49 113
113 121
121 60
60 78
78 52
52 5
5 149
149 106
106 140
140 153
153 9
9 151
151 134
134 65
65 33
33 133
133 125
125 98
98 130
130 12
12 135
135 88
88 128
128 91
91 25
25 96
96 70
70 15
15 24
24 42
42 90
90 68
68 11
11 36
36 136
136 39
39 37
37 54
54 32
32 64
64 62
62 85
85 1
1 147
147 63
63 13
13 26
26 118
118 112
112 82
82 97
97 51
51 141
141 47
47 104
104 4
4 81
81 103
103 80
80 0
0 73
73 148
148 84
84 95
95 8
8 6
6 101
101 152
152 66
66 27
27 137
137 45
45 145