159
158
0,
1,
2,
3,
4,
5,
6,
7,
8,
9,
10,
11,
12,
13,
14,
15,
16,
17,
18,
19,
20,
21,
22,
23,
24,
25,
26,
27,
28,
29,
30,
31,
32,
33,
34,
35,
36,
37,
38,
39,
40,
41,
42,
43,
44,
45,
46,
47,
48,
49,
50,
51,
52,
53,
54,
55,
56,
57,
58,
59,
60,
61,
62,
63,
64,
65,
66,
67,
68,
69,
70,
71,
72,
73,
74,
75,
76,
77,
78,
79,
80,
81,
82,
83,
84,
85,
86,
87,
88,
89,
90,
91,
92,
93,
94,
95,
96,
97,
98,
99,
100,
101,
102,
103,
104,
105,
106,
107,
108,
109,
110,
111,
112,
113,
114,
115,
116,
117,
118,
119,
120,
121,
122,
123,
124,
125,
126,
127,
128,
129,
130,
131,
132,
133,
134,
135,
136,
137,
138,
139,
140,
141,
142,
143,
144,
145,
146,
147,
148,
149,
150,
151,
152,
153,
154,
155,
156,
157,
158
128 35
35 127
127 117
117 113
113 125
125 105
105 58
58 103
103 6
6 84
84 121
121 158
158 104
104 60
60 98
98 56
56 135
135 45
45 91
91 10
10 39
39 136
136 94
94 46
46 40
40 65
65 75
75 70
70 110
110 145
145 52
52 126
126 42
42 55
55 8
8 9
9 18
18 119
119 17
17 50
50 68
68 111
111 28
28 132
132 49
49 27
27 155
155 61
61 106
106 48
48 92
92 88
88 41
41 36
36 76
76 140
140 118
118 115
115 31
31 131
131 51
51 29
29 77
77 139
139 71
71 150
150 23
23 147
147 15
15 21
21 34
34 25
25 89
89 154
154 83
83 101
101 151
151 43
43 62
62 30
30 93
93 142
142 32
32 107
107 72
72 66
66 38
38 144
144 116
116 156
156 5
5 47
47 129
129 79
79 67
67 100
100 149
149 74
74 108
108 97
97 22
22 33
33 11
11 37
37 99
99 120
120 130
130 7
7 12
12 122
122 134
134 16
16 102
102 114
114 86
86 59
59 63
63 96
96 146
146 0
0 80
80 64
64 24
24 81
81 1
1 152
152 112
112 138
138 26
26 44
44 85
85 54
54 143
143 148
148 87
87 19
19 95
95 109
109 20
20 123
123 78
78 3
3 133
133 90
90 57
57 137
137 69
69 82
82 157
157 13
13 153
153 141
141 73
73 4
4 124
124 2
2 14
14 53