160
159
0,
1,
2,
3,
4,
5,
6,
7,
8,
9,
10,
11,
12,
13,
14,
15,
16,
17,
18,
19,
20,
21,
22,
23,
24,
25,
26,
27,
28,
29,
30,
31,
32,
33,
34,
35,
36,
37,
38,
39,
40,
41,
42,
43,
44,
45,
46,
47,
48,
49,
50,
51,
52,
53,
54,
55,
56,
57,
58,
59,
60,
61,
62,
63,
64,
65,
66,
67,
68,
69,
70,
71,
72,
73,
74,
75,
76,
77,
78,
79,
80,
81,
82,
83,
84,
85,
86,
87,
88,
89,
90,
91,
92,
93,
94,
95,
96,
97,
98,
99,
100,
101,
102,
103,
104,
105,
106,
107,
108,
109,
110,
111,
112,
113,
114,
115,
116,
117,
118,
119,
120,
121,
122,
123,
124,
125,
126,
127,
128,
129,
130,
131,
132,
133,
134,
135,
136,
137,
138,
139,
140,
141,
142,
143,
144,
145,
146,
147,
148,
149,
150,
151,
152,
153,
154,
155,
156,
157,
158,
159
138 44
44 41
41 157
157 43
43 64
64 29
29 91
91 136
136 135
135 27
27 115
115 137
137 56
56 147
147 26
26 122
122 149
149 79
79 104
104 53
53 93
93 28
28 106
106 72
72 154
154 124
124 8
8 16
16 80
80 113
113 5
5 145
145 158
158 67
67 156
156 35
35 84
84 19
19 105
105 92
92 49
49 126
126 87
87 75
75 130
130 100
100 24
24 143
143 110
110 146
146 109
109 14
14 66
66 153
153 9
9 95
95 150
150 74
74 50
50 83
83 82
82 155
155 133
133 142
142 103
103 69
69 37
37 70
70 32
32 36
36 90
90 98
98 46
46 117
117 132
132 99
99 3
3 139
139 60
60 128
128 120
120 134
134 55
55 108
108 107
107 57
57 33
33 39
39 48
48 62
62 20
20 116
116 30
30 12
12 148
148 140
140 94
94 15
15 0
0 89
89 127
127 6
6 96
96 52
52 47
47 17
17 85
85 129
129 2
2 152
152 76
76 7
7 31
31 59
59 23
23 144
144 114
114 131
131 58
58 159
159 81
81 112
112 111
111 38
38 63
63 97
97 45
45 1
1 25
25 21
21 13
13 42
42 123
123 61
61 51
51 77
77 18
18 22
22 88
88 34
34 11
11 151
151 101
101 118
118 4
4 65
65 40
40 102
102 125
125 68
68 119
119 73
73 121
121 71
71 141
141 10
10 86
86 54
54 78