161
160
0,
1,
2,
3,
4,
5,
6,
7,
8,
9,
10,
11,
12,
13,
14,
15,
16,
17,
18,
19,
20,
21,
22,
23,
24,
25,
26,
27,
28,
29,
30,
31,
32,
33,
34,
35,
36,
37,
38,
39,
40,
41,
42,
43,
44,
45,
46,
47,
48,
49,
50,
51,
52,
53,
54,
55,
56,
57,
58,
59,
60,
61,
62,
63,
64,
65,
66,
67,
68,
69,
70,
71,
72,
73,
74,
75,
76,
77,
78,
79,
80,
81,
82,
83,
84,
85,
86,
87,
88,
89,
90,
91,
92,
93,
94,
95,
96,
97,
98,
99,
100,
101,
102,
103,
104,
105,
106,
107,
108,
109,
110,
111,
112,
113,
114,
115,
116,
117,
118,
119,
120,
121,
122,
123,
124,
125,
126,
127,
128,
129,
130,
131,
132,
133,
134,
135,
136,
137,
138,
139,
140,
141,
142,
143,
144,
145,
146,
147,
148,
149,
150,
151,
152,
153,
154,
155,
156,
157,
158,
159,
160
37 142
142 60
60 46
46 150
150 99
99 76
76 48
48 114
114 98
98 127
127 44
44 145
145 5
5 23
23 147
147 140
140 144
144 156
156 21
21 71
71 97
97 39
39 45
45 90
90 28
28 36
36 51
51 89
89 19
19 132
132 84
84 64
64 154
154 133
133 30
30 149
149 61
61 126
126 75
75 129
129 109
109 101
101 93
93 130
130 1
1 108
108 43
43 29
29 11
11 8
8 141
141 32
32 86
86 12
12 104
104 121
121 20
20 155
155 143
143 116
116 17
17 125
125 58
58 67
67 47
47 134
134 40
40 57
57 135
135 54
54 85
85 15
15 81
81 70
70 92
92 103
103 131
131 157
157 65
65 55
55 78
78 160
160 34
34 35
35 119
119 112
112 4
4 111
111 152
152 138
138 50
50 83
83 136
136 2
2 122
122 79
79 74
74 63
63 118
118 66
66 6
6 87
87 52
52 77
77 153
153 139
139 105
105 96
96 151
151 106
106 14
14 49
49 73
73 31
31 62
62 42
42 7
7 26
26 18
18 16
16 38
38 41
41 120
120 69
69 27
27 95
95 9
9 80
80 22
22 117
117 94
94 68
68 33
33 137
137 148
148 146
146 82
82 24
24 91
91 59
59 159
159 72
72 115
115 110
110 113
113 100
100 123
123 88
88 56
56 0
0 128
128 102
102 53
53 13
13 158
158 107
107 10
10 25
25 124
124 3