162
161
0,
1,
2,
3,
4,
5,
6,
7,
8,
9,
10,
11,
12,
13,
14,
15,
16,
17,
18,
19,
20,
21,
22,
23,
24,
25,
26,
27,
28,
29,
30,
31,
32,
33,
34,
35,
36,
37,
38,
39,
40,
41,
42,
43,
44,
45,
46,
47,
48,
49,
50,
51,
52,
53,
54,
55,
56,
57,
58,
59,
60,
61,
62,
63,
64,
65,
66,
67,
68,
69,
70,
71,
72,
73,
74,
75,
76,
77,
78,
79,
80,
81,
82,
83,
84,
85,
86,
87,
88,
89,
90,
91,
92,
93,
94,
95,
96,
97,
98,
99,
100,
101,
102,
103,
104,
105,
106,
107,
108,
109,
110,
111,
112,
113,
114,
115,
116,
117,
118,
119,
120,
121,
122,
123,
124,
125,
126,
127,
128,
129,
130,
131,
132,
133,
134,
135,
136,
137,
138,
139,
140,
141,
142,
143,
144,
145,
146,
147,
148,
149,
150,
151,
152,
153,
154,
155,
156,
157,
158,
159,
160,
161
21 39
39 23
23 131
131 27
27 119
119 70
70 56
56 2
2 11
11 9
9 60
60 124
124 141
141 57
57 71
71 99
99 107
107 13
13 85
85 7
7 73
73 152
152 115
115 24
24 142
142 144
144 30
30 65
65 143
143 94
94 106
106 157
157 74
74 109
109 111
111 31
31 38
38 121
121 104
104 95
95 87
87 45
45 108
108 126
126 103
103 148
148 4
4 154
154 145
145 29
29 155
155 16
16 37
37 128
128 52
52 116
116 58
58 134
134 32
32 110
110 153
153 17
17 22
22 136
136 12
12 54
54 118
118 114
114 88
88 113
113 112
112 63
63 98
98 156
156 79
79 137
137 40
40 117
117 6
6 59
59 8
8 129
129 160
160 0
0 42
42 139
139 89
89 50
50 46
46 53
53 77
77 100
100 105
105 55
55 3
3 43
43 90
90 72
72 91
91 133
133 35
35 135
135 147
147 122
122 34
34 14
14 159
159 102
102 68
68 78
78 66
66 158
158 123
123 127
127 132
132 82
82 138
138 64
64 47
47 83
83 86
86 28
28 5
5 48
48 49
49 62
62 96
96 44
44 151
151 10
10 36
36 149
149 150
150 20
20 67
67 75
75 19
19 125
125 92
92 61
61 33
33 93
93 80
80 140
140 97
97 41
41 76
76 161
161 146
146 84
84 120
120 130
130 1
1 15
15 81
81 18
18 51
51 69
69 25
25 101
101 26