163
162
0,
1,
2,
3,
4,
5,
6,
7,
8,
9,
10,
11,
12,
13,
14,
15,
16,
17,
18,
19,
20,
21,
22,
23,
24,
25,
26,
27,
28,
29,
30,
31,
32,
33,
34,
35,
36,
37,
38,
39,
40,
41,
42,
43,
44,
45,
46,
47,
48,
49,
50,
51,
52,
53,
54,
55,
56,
57,
58,
59,
60,
61,
62,
63,
64,
65,
66,
67,
68,
69,
70,
71,
72,
73,
74,
75,
76,
77,
78,
79,
80,
81,
82,
83,
84,
85,
86,
87,
88,
89,
90,
91,
92,
93,
94,
95,
96,
97,
98,
99,
100,
101,
102,
103,
104,
105,
106,
107,
108,
109,
110,
111,
112,
113,
114,
115,
116,
117,
118,
119,
120,
121,
122,
123,
124,
125,
126,
127,
128,
129,
130,
131,
132,
133,
134,
135,
136,
137,
138,
139,
140,
141,
142,
143,
144,
145,
146,
147,
148,
149,
150,
151,
152,
153,
154,
155,
156,
157,
158,
159,
160,
161,
162
73 92
92 57
57 0
0 100
100 97
97 107
107 96
96 150
150 143
143 109
109 19
19 46
46 155
155 124
124 45
45 63
63 80
80 20
20 54
54 161
161 149
149 118
118 99
99 136
136 101
101 162
162 31
31 23
23 134
134 127
127 102
102 11
11 133
133 10
10 69
69 119
119 93
93 59
59 116
116 36
36 51
51 88
88 28
28 53
53 30
30 76
76 6
6 115
115 131
131 112
112 110
110 87
87 8
8 35
35 17
17 43
43 48
48 77
77 5
5 153
153 1
1 156
156 154
154 3
3 84
84 128
128 40
40 94
94 72
72 138
138 152
152 74
74 13
13 123
123 32
32 147
147 129
129 44
44 121
121 159
159 142
142 41
41 39
39 146
146 24
24 81
81 122
122 141
141 151
151 67
67 38
38 90
90 14
14 139
139 157
157 50
50 95
95 103
103 145
145 37
37 85
85 29
29 82
82 126
126 125
125 2
2 158
158 130
130 120
120 58
58 4
4 104
104 70
70 75
75 111
111 7
7 117
117 160
160 71
71 106
106 83
83 108
108 132
132 135
135 21
21 56
56 27
27 144
144 47
47 98
98 22
22 55
55 12
12 18
18 91
91 78
78 25
25 60
60 49
49 79
79 15
15 137
137 26
26 114
114 89
89 62
62 140
140 9
9 16
16 34
34 148
148 42
42 86
86 65
65 113
113 66
66 33
33 52
52 68
68 105
105 61
61 64