164
163
0,
1,
2,
3,
4,
5,
6,
7,
8,
9,
10,
11,
12,
13,
14,
15,
16,
17,
18,
19,
20,
21,
22,
23,
24,
25,
26,
27,
28,
29,
30,
31,
32,
33,
34,
35,
36,
37,
38,
39,
40,
41,
42,
43,
44,
45,
46,
47,
48,
49,
50,
51,
52,
53,
54,
55,
56,
57,
58,
59,
60,
61,
62,
63,
64,
65,
66,
67,
68,
69,
70,
71,
72,
73,
74,
75,
76,
77,
78,
79,
80,
81,
82,
83,
84,
85,
86,
87,
88,
89,
90,
91,
92,
93,
94,
95,
96,
97,
98,
99,
100,
101,
102,
103,
104,
105,
106,
107,
108,
109,
110,
111,
112,
113,
114,
115,
116,
117,
118,
119,
120,
121,
122,
123,
124,
125,
126,
127,
128,
129,
130,
131,
132,
133,
134,
135,
136,
137,
138,
139,
140,
141,
142,
143,
144,
145,
146,
147,
148,
149,
150,
151,
152,
153,
154,
155,
156,
157,
158,
159,
160,
161,
162,
163
7 96
96 145
145 91
91 63
63 117
117 3
3 132
132 41
41 43
43 37
37 33
33 46
46 108
108 130
130 120
120 82
82 107
107 73
73 54
54 38
38 156
156 114
114 139
139 30
30 42
42 118
118 160
160 9
9 123
123 47
47 147
147 151
151 84
84 105
105 76
76 162
162 14
14 62
62 80
80 13
13 26
26 101
101 59
59 106
106 144
144 23
23 121
121 16
16 61
61 44
44 64
64 69
69 49
49 141
141 29
29 19
19 157
157 109
109 136
136 126
126 25
25 5
5 28
28 57
57 102
102 1
1 83
83 104
104 21
21 158
158 140
140 90
90 95
95 134
134 103
103 116
116 12
12 66
66 35
35 8
8 142
142 152
152 146
146 71
71 149
149 119
119 138
138 159
159 74
74 124
124 131
131 150
150 92
92 79
79 18
18 4
4 45
45 65
65 72
72 50
50 153
153 98
98 2
2 36
36 0
0 60
60 115
115 77
77 94
94 68
68 111
111 154
154 27
27 17
17 87
87 163
163 6
6 137
137 78
78 93
93 97
97 51
51 24
24 58
58 127
127 113
113 161
161 11
11 99
99 55
55 122
122 125
125 39
39 129
129 88
88 100
100 48
48 34
34 85
85 40
40 22
22 56
56 15
15 86
86 133
133 110
110 81
81 67
67 53
53 10
10 52
52 31
31 135
135 70
70 128
128 143
143 112
112 148
148 20
20 75
75 89
89 155
155 32