165
164
0,
1,
2,
3,
4,
5,
6,
7,
8,
9,
10,
11,
12,
13,
14,
15,
16,
17,
18,
19,
20,
21,
22,
23,
24,
25,
26,
27,
28,
29,
30,
31,
32,
33,
34,
35,
36,
37,
38,
39,
40,
41,
42,
43,
44,
45,
46,
47,
48,
49,
50,
51,
52,
53,
54,
55,
56,
57,
58,
59,
60,
61,
62,
63,
64,
65,
66,
67,
68,
69,
70,
71,
72,
73,
74,
75,
76,
77,
78,
79,
80,
81,
82,
83,
84,
85,
86,
87,
88,
89,
90,
91,
92,
93,
94,
95,
96,
97,
98,
99,
100,
101,
102,
103,
104,
105,
106,
107,
108,
109,
110,
111,
112,
113,
114,
115,
116,
117,
118,
119,
120,
121,
122,
123,
124,
125,
126,
127,
128,
129,
130,
131,
132,
133,
134,
135,
136,
137,
138,
139,
140,
141,
142,
143,
144,
145,
146,
147,
148,
149,
150,
151,
152,
153,
154,
155,
156,
157,
158,
159,
160,
161,
162,
163,
164
136 117
117 74
74 82
82 138
138 112
112 78
78 134
134 26
26 98
98 110
110 14
14 88
88 61
61 143
143 55
55 3
3 107
107 52
52 127
127 106
106 118
118 157
157 124
124 99
99 115
115 132
132 140
140 144
144 54
54 64
64 18
18 8
8 126
126 100
100 33
33 125
125 83
83 57
57 32
32 94
94 73
73 96
96 121
121 34
34 20
20 46
46 105
105 156
156 154
154 162
162 92
92 160
160 84
84 101
101 159
159 70
70 58
58 103
103 21
21 41
41 139
139 31
31 29
29 6
6 50
50 149
149 15
15 86
86 163
163 135
135 97
97 0
0 95
95 13
13 141
141 113
113 116
116 36
36 77
77 91
91 48
48 128
128 45
45 130
130 37
37 153
153 89
89 38
38 44
44 114
114 76
76 11
11 39
39 90
90 152
152 120
120 80
80 42
42 151
151 66
66 146
146 2
2 10
10 4
4 62
62 129
129 145
145 23
23 72
72 27
27 19
19 60
60 142
142 119
119 56
56 93
93 65
65 51
51 16
16 81
81 12
12 123
123 85
85 111
111 28
28 161
161 150
150 17
17 133
133 1
1 79
79 137
137 53
53 147
147 131
131 35
35 158
158 87
87 109
109 155
155 24
24 5
5 40
40 164
164 9
9 59
59 148
148 25
25 67
67 63
63 68
68 69
69 22
22 122
122 102
102 30
30 104
104 108
108 7
7 43
43 49
49 75
75 71
71 47