166
165
0,
1,
2,
3,
4,
5,
6,
7,
8,
9,
10,
11,
12,
13,
14,
15,
16,
17,
18,
19,
20,
21,
22,
23,
24,
25,
26,
27,
28,
29,
30,
31,
32,
33,
34,
35,
36,
37,
38,
39,
40,
41,
42,
43,
44,
45,
46,
47,
48,
49,
50,
51,
52,
53,
54,
55,
56,
57,
58,
59,
60,
61,
62,
63,
64,
65,
66,
67,
68,
69,
70,
71,
72,
73,
74,
75,
76,
77,
78,
79,
80,
81,
82,
83,
84,
85,
86,
87,
88,
89,
90,
91,
92,
93,
94,
95,
96,
97,
98,
99,
100,
101,
102,
103,
104,
105,
106,
107,
108,
109,
110,
111,
112,
113,
114,
115,
116,
117,
118,
119,
120,
121,
122,
123,
124,
125,
126,
127,
128,
129,
130,
131,
132,
133,
134,
135,
136,
137,
138,
139,
140,
141,
142,
143,
144,
145,
146,
147,
148,
149,
150,
151,
152,
153,
154,
155,
156,
157,
158,
159,
160,
161,
162,
163,
164,
165
153 83
83 53
53 165
165 128
128 11
11 137
137 73
73 50
50 63
63 157
157 89
89 54
54 75
75 18
18 74
74 146
146 151
151 30
30 122
122 61
61 43
43 19
19 147
147 129
129 149
149 130
130 0
0 37
37 105
105 108
108 142
142 36
36 80
80 133
133 135
135 117
117 27
27 96
96 154
154 120
120 93
93 69
69 46
46 78
78 26
26 20
20 109
109 8
8 67
67 42
42 5
5 13
13 92
92 7
7 40
40 127
127 138
138 121
121 9
9 57
57 162
162 14
14 84
84 72
72 22
22 106
106 143
143 47
47 150
150 159
159 124
124 123
123 144
144 136
136 95
95 164
164 155
155 145
145 119
119 134
134 94
94 161
161 141
141 71
71 41
41 66
66 59
59 82
82 52
52 62
62 68
68 112
112 104
104 24
24 33
33 49
49 85
85 16
16 12
12 87
87 140
140 86
86 139
139 55
55 110
110 28
28 58
58 88
88 1
1 77
77 102
102 2
2 148
148 132
132 90
90 32
32 103
103 152
152 6
6 76
76 45
45 81
81 17
17 101
101 21
21 99
99 15
15 111
111 125
125 115
115 91
91 29
29 25
25 158
158 131
131 31
31 35
35 100
100 64
64 156
156 48
48 34
34 126
126 51
51 113
113 3
3 118
118 38
38 39
39 97
97 160
160 44
44 10
10 56
56 163
163 65
65 60
60 23
23 70
70 4
4 116
116 79
79 114
114 107
107 98