167
166
0,
1,
2,
3,
4,
5,
6,
7,
8,
9,
10,
11,
12,
13,
14,
15,
16,
17,
18,
19,
20,
21,
22,
23,
24,
25,
26,
27,
28,
29,
30,
31,
32,
33,
34,
35,
36,
37,
38,
39,
40,
41,
42,
43,
44,
45,
46,
47,
48,
49,
50,
51,
52,
53,
54,
55,
56,
57,
58,
59,
60,
61,
62,
63,
64,
65,
66,
67,
68,
69,
70,
71,
72,
73,
74,
75,
76,
77,
78,
79,
80,
81,
82,
83,
84,
85,
86,
87,
88,
89,
90,
91,
92,
93,
94,
95,
96,
97,
98,
99,
100,
101,
102,
103,
104,
105,
106,
107,
108,
109,
110,
111,
112,
113,
114,
115,
116,
117,
118,
119,
120,
121,
122,
123,
124,
125,
126,
127,
128,
129,
130,
131,
132,
133,
134,
135,
136,
137,
138,
139,
140,
141,
142,
143,
144,
145,
146,
147,
148,
149,
150,
151,
152,
153,
154,
155,
156,
157,
158,
159,
160,
161,
162,
163,
164,
165,
166
87 117
117 98
98 76
76 43
43 142
142 121
121 15
15 134
134 130
130 19
19 42
42 110
110 35
35 139
139 81
81 108
108 64
64 91
91 120
120 80
80 161
161 79
79 92
92 4
4 68
68 34
34 86
86 82
82 1
1 125
125 157
157 135
135 18
18 75
75 63
63 37
37 6
6 61
61 90
90 95
95 127
127 160
160 9
9 145
145 97
97 137
137 103
103 72
72 66
66 126
126 144
144 77
77 17
17 2
2 155
155 133
133 162
162 0
0 84
84 51
51 88
88 158
158 99
99 152
152 22
22 14
14 29
29 20
20 56
56 53
53 136
136 8
8 33
33 131
131 148
148 62
62 23
23 107
107 122
122 27
27 39
39 146
146 165
165 10
10 44
44 26
26 28
28 78
78 57
57 46
46 5
5 31
31 32
32 149
149 74
74 153
153 54
54 116
116 101
101 50
50 16
16 123
123 73
73 40
40 69
69 49
49 36
36 109
109 102
102 138
138 25
25 60
60 83
83 70
70 47
47 67
67 94
94 93
93 104
104 124
124 55
55 59
59 13
13 71
71 118
118 163
163 156
156 143
143 24
24 115
115 113
113 150
150 119
119 106
106 147
147 154
154 128
128 45
45 21
21 132
132 105
105 52
52 7
7 85
85 100
100 141
141 48
48 114
114 30
30 164
164 41
41 11
11 3
3 12
12 38
38 129
129 166
166 65
65 151
151 159
159 112
112 140
140 111
111 58
58 89
89 96