168
167
0,
1,
2,
3,
4,
5,
6,
7,
8,
9,
10,
11,
12,
13,
14,
15,
16,
17,
18,
19,
20,
21,
22,
23,
24,
25,
26,
27,
28,
29,
30,
31,
32,
33,
34,
35,
36,
37,
38,
39,
40,
41,
42,
43,
44,
45,
46,
47,
48,
49,
50,
51,
52,
53,
54,
55,
56,
57,
58,
59,
60,
61,
62,
63,
64,
65,
66,
67,
68,
69,
70,
71,
72,
73,
74,
75,
76,
77,
78,
79,
80,
81,
82,
83,
84,
85,
86,
87,
88,
89,
90,
91,
92,
93,
94,
95,
96,
97,
98,
99,
100,
101,
102,
103,
104,
105,
106,
107,
108,
109,
110,
111,
112,
113,
114,
115,
116,
117,
118,
119,
120,
121,
122,
123,
124,
125,
126,
127,
128,
129,
130,
131,
132,
133,
134,
135,
136,
137,
138,
139,
140,
141,
142,
143,
144,
145,
146,
147,
148,
149,
150,
151,
152,
153,
154,
155,
156,
157,
158,
159,
160,
161,
162,
163,
164,
165,
166,
167
149 95
95 142
142 17
17 111
111 123
123 40
40 58
58 8
8 68
68 166
166 106
106 44
44 75
75 82
82 136
136 24
24 1
1 32
32 148
148 47
47 146
146 162
162 157
157 93
93 31
31 119
119 97
97 84
84 5
5 33
33 54
54 115
115 41
41 100
100 0
0 64
64 101
101 71
71 161
161 36
36 65
65 55
55 50
50 48
48 13
13 91
91 10
10 69
69 104
104 167
167 88
88 151
151 70
70 22
22 126
126 127
127 135
135 59
59 125
125 15
15 110
110 98
98 113
113 21
21 129
129 89
89 133
133 141
141 120
120 27
27 159
159 6
6 30
30 158
158 57
57 134
134 2
2 76
76 94
94 49
49 145
145 116
116 85
85 28
28 163
163 37
37 45
45 137
137 153
153 46
46 52
52 105
105 19
19 132
132 35
35 61
61 39
39 11
11 128
128 164
164 60
60 86
86 112
112 42
42 154
154 121
121 122
122 38
38 99
99 118
118 51
51 143
143 102
102 81
81 72
72 4
4 107
107 3
3 53
53 9
9 130
130 140
140 92
92 90
90 83
83 109
109 79
79 26
26 138
138 43
43 117
117 103
103 155
155 66
66 87
87 144
144 62
62 77
77 18
18 16
16 80
80 156
156 25
25 23
23 74
74 139
139 150
150 124
124 14
14 73
73 114
114 29
29 147
147 12
12 160
160 78
78 67
67 7
7 96
96 20
20 131
131 56
56 152
152 34
34 108
108 165
165 63