169
168
0,
1,
2,
3,
4,
5,
6,
7,
8,
9,
10,
11,
12,
13,
14,
15,
16,
17,
18,
19,
20,
21,
22,
23,
24,
25,
26,
27,
28,
29,
30,
31,
32,
33,
34,
35,
36,
37,
38,
39,
40,
41,
42,
43,
44,
45,
46,
47,
48,
49,
50,
51,
52,
53,
54,
55,
56,
57,
58,
59,
60,
61,
62,
63,
64,
65,
66,
67,
68,
69,
70,
71,
72,
73,
74,
75,
76,
77,
78,
79,
80,
81,
82,
83,
84,
85,
86,
87,
88,
89,
90,
91,
92,
93,
94,
95,
96,
97,
98,
99,
100,
101,
102,
103,
104,
105,
106,
107,
108,
109,
110,
111,
112,
113,
114,
115,
116,
117,
118,
119,
120,
121,
122,
123,
124,
125,
126,
127,
128,
129,
130,
131,
132,
133,
134,
135,
136,
137,
138,
139,
140,
141,
142,
143,
144,
145,
146,
147,
148,
149,
150,
151,
152,
153,
154,
155,
156,
157,
158,
159,
160,
161,
162,
163,
164,
165,
166,
167,
168
163 99
99 137
137 47
47 117
117 9
9 35
35 69
69 90
90 155
155 51
51 100
100 139
139 84
84 33
33 43
43 58
58 22
22 143
143 25
25 83
83 113
113 61
61 12
12 103
103 167
167 123
123 104
104 152
152 147
147 64
64 97
97 36
36 98
98 48
48 161
161 166
166 107
107 76
76 92
92 82
82 140
140 50
50 59
59 27
27 87
87 16
16 13
13 17
17 121
121 95
95 108
108 164
164 120
120 56
56 126
126 53
53 79
79 52
52 44
44 46
46 112
112 89
89 71
71 114
114 37
37 8
8 62
62 85
85 88
88 11
11 60
60 34
34 65
65 68
68 93
93 111
111 106
106 42
42 135
135 132
132 49
49 149
149 131
131 23
23 45
45 130
130 129
129 75
75 86
86 74
74 80
80 41
41 55
55 158
158 119
119 7
7 29
29 141
141 128
128 156
156 151
151 96
96 125
125 165
165 4
4 162
162 146
146 20
20 31
31 39
39 72
72 73
73 21
21 122
122 28
28 77
77 138
138 14
14 5
5 133
133 66
66 118
118 18
18 144
144 67
67 157
157 1
1 105
105 109
109 38
38 10
10 78
78 70
70 91
91 115
115 148
148 101
101 134
134 15
15 63
63 6
6 32
32 57
57 153
153 110
110 159
159 3
3 116
116 54
54 136
136 160
160 168
168 26
26 19
19 94
94 127
127 40
40 102
102 2
2 150
150 142
142 145
145 30
30 124
124 0
0 81
81 154
154 24