170
169
0,
1,
2,
3,
4,
5,
6,
7,
8,
9,
10,
11,
12,
13,
14,
15,
16,
17,
18,
19,
20,
21,
22,
23,
24,
25,
26,
27,
28,
29,
30,
31,
32,
33,
34,
35,
36,
37,
38,
39,
40,
41,
42,
43,
44,
45,
46,
47,
48,
49,
50,
51,
52,
53,
54,
55,
56,
57,
58,
59,
60,
61,
62,
63,
64,
65,
66,
67,
68,
69,
70,
71,
72,
73,
74,
75,
76,
77,
78,
79,
80,
81,
82,
83,
84,
85,
86,
87,
88,
89,
90,
91,
92,
93,
94,
95,
96,
97,
98,
99,
100,
101,
102,
103,
104,
105,
106,
107,
108,
109,
110,
111,
112,
113,
114,
115,
116,
117,
118,
119,
120,
121,
122,
123,
124,
125,
126,
127,
128,
129,
130,
131,
132,
133,
134,
135,
136,
137,
138,
139,
140,
141,
142,
143,
144,
145,
146,
147,
148,
149,
150,
151,
152,
153,
154,
155,
156,
157,
158,
159,
160,
161,
162,
163,
164,
165,
166,
167,
168,
169
23 117
117 10
10 41
41 123
123 122
122 106
106 148
148 154
154 104
104 4
4 29
29 149
149 167
167 18
18 66
66 67
67 119
119 13
13 161
161 114
114 129
129 145
145 19
19 164
164 52
52 37
37 150
150 21
21 76
76 132
132 83
83 60
60 40
40 58
58 90
90 79
79 57
57 87
87 9
9 163
163 166
166 116
116 78
78 124
124 31
31 94
94 43
43 54
54 97
97 50
50 35
35 74
74 55
55 162
162 140
140 155
155 45
45 72
72 134
134 146
146 84
84 33
33 142
142 24
24 169
169 103
103 44
44 139
139 141
141 63
63 85
85 12
12 157
157 5
5 118
118 111
111 131
131 153
153 108
108 17
17 68
68 16
16 46
46 158
158 143
143 11
11 86
86 160
160 30
30 77
77 136
136 56
56 1
1 112
112 125
125 91
91 70
70 82
82 15
15 144
144 69
69 135
135 127
127 61
61 53
53 28
28 59
59 133
133 39
39 110
110 99
99 8
8 25
25 102
102 152
152 42
42 120
120 138
138 130
130 75
75 105
105 71
71 159
159 92
92 95
95 62
62 22
22 113
113 156
156 147
147 20
20 36
36 89
89 109
109 80
80 81
81 64
64 38
38 47
47 101
101 6
6 27
27 3
3 168
168 0
0 98
98 2
2 93
93 51
51 26
26 107
107 100
100 126
126 49
49 96
96 32
32 128
128 7
7 165
165 73
73 151
151 121
121 14
14 48
48 34
34 65
65 88
88 115
115 137