171
170
0,
1,
2,
3,
4,
5,
6,
7,
8,
9,
10,
11,
12,
13,
14,
15,
16,
17,
18,
19,
20,
21,
22,
23,
24,
25,
26,
27,
28,
29,
30,
31,
32,
33,
34,
35,
36,
37,
38,
39,
40,
41,
42,
43,
44,
45,
46,
47,
48,
49,
50,
51,
52,
53,
54,
55,
56,
57,
58,
59,
60,
61,
62,
63,
64,
65,
66,
67,
68,
69,
70,
71,
72,
73,
74,
75,
76,
77,
78,
79,
80,
81,
82,
83,
84,
85,
86,
87,
88,
89,
90,
91,
92,
93,
94,
95,
96,
97,
98,
99,
100,
101,
102,
103,
104,
105,
106,
107,
108,
109,
110,
111,
112,
113,
114,
115,
116,
117,
118,
119,
120,
121,
122,
123,
124,
125,
126,
127,
128,
129,
130,
131,
132,
133,
134,
135,
136,
137,
138,
139,
140,
141,
142,
143,
144,
145,
146,
147,
148,
149,
150,
151,
152,
153,
154,
155,
156,
157,
158,
159,
160,
161,
162,
163,
164,
165,
166,
167,
168,
169,
170
120 110
110 146
146 78
78 9
9 27
27 76
76 169
169 104
104 122
122 84
84 29
29 5
5 91
91 70
70 160
160 64
64 39
39 12
12 145
145 112
112 93
93 100
100 62
62 71
71 23
23 109
109 95
95 135
135 156
156 55
55 50
50 85
85 38
38 132
132 119
119 141
141 126
126 49
49 161
161 117
117 10
10 58
58 24
24 22
22 26
26 31
31 106
106 37
37 99
99 74
74 103
103 125
125 83
83 137
137 158
158 34
34 81
81 67
67 162
162 53
53 4
4 97
97 147
147 115
115 35
35 69
69 14
14 2
2 33
33 75
75 150
150 82
82 163
163 127
127 45
45 42
42 11
11 66
66 113
113 157
157 54
54 8
8 43
43 60
60 144
144 168
168 151
151 77
77 134
134 52
52 48
48 92
92 44
44 107
107 94
94 7
7 19
19 25
25 87
87 170
170 40
40 17
17 28
28 154
154 138
138 128
128 88
88 57
57 155
155 114
114 15
15 136
136 153
153 73
73 148
148 142
142 6
6 118
118 166
166 63
63 105
105 152
152 98
98 131
131 51
51 111
111 59
59 129
129 36
36 56
56 0
0 72
72 16
16 90
90 143
143 30
30 13
13 124
124 80
80 159
159 123
123 130
130 149
149 102
102 79
79 20
20 167
167 89
89 1
1 61
61 21
21 18
18 139
139 47
47 65
65 164
164 41
41 96
96 108
108 121
121 165
165 86
86 140
140 116
116 3
3 101
101 32
32 68
68 46
46 133