172
171
0,
1,
2,
3,
4,
5,
6,
7,
8,
9,
10,
11,
12,
13,
14,
15,
16,
17,
18,
19,
20,
21,
22,
23,
24,
25,
26,
27,
28,
29,
30,
31,
32,
33,
34,
35,
36,
37,
38,
39,
40,
41,
42,
43,
44,
45,
46,
47,
48,
49,
50,
51,
52,
53,
54,
55,
56,
57,
58,
59,
60,
61,
62,
63,
64,
65,
66,
67,
68,
69,
70,
71,
72,
73,
74,
75,
76,
77,
78,
79,
80,
81,
82,
83,
84,
85,
86,
87,
88,
89,
90,
91,
92,
93,
94,
95,
96,
97,
98,
99,
100,
101,
102,
103,
104,
105,
106,
107,
108,
109,
110,
111,
112,
113,
114,
115,
116,
117,
118,
119,
120,
121,
122,
123,
124,
125,
126,
127,
128,
129,
130,
131,
132,
133,
134,
135,
136,
137,
138,
139,
140,
141,
142,
143,
144,
145,
146,
147,
148,
149,
150,
151,
152,
153,
154,
155,
156,
157,
158,
159,
160,
161,
162,
163,
164,
165,
166,
167,
168,
169,
170,
171
134 136
136 56
56 66
66 94
94 144
144 39
39 85
85 83
83 149
149 84
84 53
53 71
71 61
61 118
118 128
128 117
117 102
102 74
74 126
126 22
22 52
52 24
24 14
14 45
45 133
133 124
124 155
155 26
26 96
96 167
167 132
132 123
123 171
171 48
48 139
139 158
158 99
99 93
93 109
109 4
4 140
140 21
21 163
163 147
147 114
114 11
11 160
160 23
23 32
32 148
148 31
31 9
9 89
89 97
97 106
106 95
95 41
41 150
150 101
101 63
63 17
17 141
141 47
47 19
19 8
8 87
87 159
159 51
51 107
107 170
170 50
50 10
10 78
78 34
34 54
54 91
91 168
168 77
77 161
161 146
146 135
135 111
111 33
33 137
137 127
127 30
30 79
79 142
142 92
92 25
25 5
5 18
18 15
15 70
70 100
100 81
81 103
103 72
72 20
20 152
152 121
121 116
116 164
164 154
154 42
42 65
65 59
59 2
2 55
55 80
80 36
36 119
119 28
28 49
49 27
27 0
0 67
67 46
46 120
120 112
112 143
143 57
57 12
12 113
113 68
68 156
156 35
35 145
145 13
13 162
162 104
104 43
43 29
29 62
62 37
37 165
165 3
3 166
166 108
108 86
86 138
138 98
98 16
16 105
105 125
125 151
151 115
115 169
169 157
157 44
44 40
40 76
76 6
6 110
110 82
82 130
130 60
60 7
7 122
122 58
58 131
131 129
129 38
38 64
64 73
73 69
69 153
153 1
1 75
75 90
90 88