173
172
0,
1,
2,
3,
4,
5,
6,
7,
8,
9,
10,
11,
12,
13,
14,
15,
16,
17,
18,
19,
20,
21,
22,
23,
24,
25,
26,
27,
28,
29,
30,
31,
32,
33,
34,
35,
36,
37,
38,
39,
40,
41,
42,
43,
44,
45,
46,
47,
48,
49,
50,
51,
52,
53,
54,
55,
56,
57,
58,
59,
60,
61,
62,
63,
64,
65,
66,
67,
68,
69,
70,
71,
72,
73,
74,
75,
76,
77,
78,
79,
80,
81,
82,
83,
84,
85,
86,
87,
88,
89,
90,
91,
92,
93,
94,
95,
96,
97,
98,
99,
100,
101,
102,
103,
104,
105,
106,
107,
108,
109,
110,
111,
112,
113,
114,
115,
116,
117,
118,
119,
120,
121,
122,
123,
124,
125,
126,
127,
128,
129,
130,
131,
132,
133,
134,
135,
136,
137,
138,
139,
140,
141,
142,
143,
144,
145,
146,
147,
148,
149,
150,
151,
152,
153,
154,
155,
156,
157,
158,
159,
160,
161,
162,
163,
164,
165,
166,
167,
168,
169,
170,
171,
172
127 144
144 72
72 113
113 66
66 116
116 3
3 62
62 47
47 30
30 19
19 46
46 65
65 24
24 149
149 96
96 122
122 16
16 145
145 163
163 133
133 99
99 102
102 139
139 76
76 40
40 156
156 119
119 158
158 9
9 125
125 126
126 56
56 34
34 89
89 68
68 111
111 7
7 80
80 1
1 54
54 31
31 140
140 0
0 74
74 160
160 155
155 58
58 130
130 161
161 135
135 11
11 105
105 35
35 4
4 132
132 82
82 57
57 26
26 91
91 39
39 172
172 38
38 87
87 153
153 85
85 21
21 15
15 169
169 37
37 32
32 117
117 25
25 150
150 64
64 168
168 36
36 154
154 5
5 165
165 45
45 114
114 148
148 69
69 84
84 121
121 124
124 128
128 157
157 51
51 151
151 75
75 159
159 164
164 167
167 71
71 27
27 59
59 152
152 95
95 101
101 55
55 94
94 107
107 143
143 100
100 97
97 136
136 112
112 86
86 60
60 67
67 73
73 115
115 166
166 53
53 63
63 48
48 138
138 61
61 92
92 88
88 78
78 137
137 52
52 103
103 106
106 10
10 146
146 162
162 93
93 104
104 98
98 141
141 81
81 2
2 90
90 22
22 50
50 6
6 120
120 29
29 123
123 83
83 42
42 170
170 79
79 108
108 147
147 44
44 134
134 18
18 109
109 77
77 131
131 17
17 41
41 13
13 23
23 33
33 20
20 43
43 8
8 129
129 142
142 110
110 171
171 118
118 70
70 14
14 12
12 28
28 49