174
173
0,
1,
2,
3,
4,
5,
6,
7,
8,
9,
10,
11,
12,
13,
14,
15,
16,
17,
18,
19,
20,
21,
22,
23,
24,
25,
26,
27,
28,
29,
30,
31,
32,
33,
34,
35,
36,
37,
38,
39,
40,
41,
42,
43,
44,
45,
46,
47,
48,
49,
50,
51,
52,
53,
54,
55,
56,
57,
58,
59,
60,
61,
62,
63,
64,
65,
66,
67,
68,
69,
70,
71,
72,
73,
74,
75,
76,
77,
78,
79,
80,
81,
82,
83,
84,
85,
86,
87,
88,
89,
90,
91,
92,
93,
94,
95,
96,
97,
98,
99,
100,
101,
102,
103,
104,
105,
106,
107,
108,
109,
110,
111,
112,
113,
114,
115,
116,
117,
118,
119,
120,
121,
122,
123,
124,
125,
126,
127,
128,
129,
130,
131,
132,
133,
134,
135,
136,
137,
138,
139,
140,
141,
142,
143,
144,
145,
146,
147,
148,
149,
150,
151,
152,
153,
154,
155,
156,
157,
158,
159,
160,
161,
162,
163,
164,
165,
166,
167,
168,
169,
170,
171,
172,
173
43 115
115 147
147 118
118 55
55 129
129 56
56 14
14 101
101 89
89 75
75 32
32 47
47 136
136 24
24 164
164 22
22 81
81 54
54 165
165 40
40 74
74 16
16 30
30 41
41 169
169 113
113 135
135 171
171 152
152 53
53 131
131 52
52 104
104 146
146 100
100 94
94 90
90 20
20 38
38 7
7 140
140 109
109 27
27 44
44 111
111 107
107 28
28 57
57 11
11 92
92 71
71 128
128 39
39 98
98 5
5 112
112 130
130 13
13 159
159 139
139 68
68 79
79 162
162 132
132 144
144 62
62 72
72 122
122 137
137 151
151 99
99 77
77 93
93 49
49 127
127 42
42 1
1 154
154 2
2 124
124 29
29 121
121 4
4 45
45 157
157 69
69 67
67 23
23 155
155 148
148 106
106 88
88 134
134 73
73 36
36 145
145 138
138 167
167 19
19 125
125 96
96 163
163 31
31 17
17 84
84 87
87 149
149 102
102 78
78 64
64 25
25 34
34 35
35 105
105 46
46 97
97 85
85 15
15 59
59 161
161 3
3 60
60 166
166 108
108 172
172 133
133 117
117 143
143 126
126 76
76 95
95 48
48 6
6 37
37 9
9 110
110 82
82 114
114 18
18 65
65 91
91 170
170 33
33 80
80 150
150 21
21 141
141 70
70 51
51 61
61 123
123 158
158 8
8 153
153 10
10 103
103 58
58 12
12 156
156 50
50 142
142 83
83 173
173 116
116 160
160 120
120 0
0 86
86 26
26 119
119 168
168 66
66 63