175
174
0,
1,
2,
3,
4,
5,
6,
7,
8,
9,
10,
11,
12,
13,
14,
15,
16,
17,
18,
19,
20,
21,
22,
23,
24,
25,
26,
27,
28,
29,
30,
31,
32,
33,
34,
35,
36,
37,
38,
39,
40,
41,
42,
43,
44,
45,
46,
47,
48,
49,
50,
51,
52,
53,
54,
55,
56,
57,
58,
59,
60,
61,
62,
63,
64,
65,
66,
67,
68,
69,
70,
71,
72,
73,
74,
75,
76,
77,
78,
79,
80,
81,
82,
83,
84,
85,
86,
87,
88,
89,
90,
91,
92,
93,
94,
95,
96,
97,
98,
99,
100,
101,
102,
103,
104,
105,
106,
107,
108,
109,
110,
111,
112,
113,
114,
115,
116,
117,
118,
119,
120,
121,
122,
123,
124,
125,
126,
127,
128,
129,
130,
131,
132,
133,
134,
135,
136,
137,
138,
139,
140,
141,
142,
143,
144,
145,
146,
147,
148,
149,
150,
151,
152,
153,
154,
155,
156,
157,
158,
159,
160,
161,
162,
163,
164,
165,
166,
167,
168,
169,
170,
171,
172,
173,
174
26 101
101 164
164 155
155 131
131 123
123 96
96 136
136 46
46 82
82 107
107 163
163 109
109 0
0 88
88 135
135 99
99 38
38 114
114 41
41 146
146 27
27 61
61 165
165 113
113 43
43 16
16 8
8 31
31 173
173 17
17 68
68 3
3 40
40 98
98 102
102 171
171 89
89 84
84 145
145 58
58 137
137 14
14 67
67 142
142 106
106 55
55 108
108 154
154 152
152 156
156 124
124 158
158 116
116 129
129 86
86 2
2 6
6 167
167 169
169 73
73 95
95 72
72 60
60 151
151 62
62 20
20 81
81 47
47 126
126 19
19 83
83 32
32 12
12 13
13 110
110 172
172 11
11 21
21 174
174 5
5 22
22 120
120 1
1 39
39 57
57 127
127 64
64 18
18 132
132 56
56 141
141 97
97 77
77 76
76 139
139 166
166 80
80 100
100 149
149 143
143 37
37 66
66 53
53 111
111 112
112 170
170 130
130 87
87 93
93 52
52 35
35 48
48 122
122 59
59 4
4 159
159 160
160 75
75 23
23 65
65 104
104 85
85 147
147 138
138 168
168 115
115 105
105 121
121 36
36 71
71 28
28 103
103 10
10 9
9 24
24 50
50 117
117 33
33 94
94 54
54 7
7 150
150 119
119 25
25 44
44 70
70 51
51 157
157 29
29 92
92 134
134 63
63 42
42 125
125 153
153 161
161 49
49 128
128 90
90 144
144 140
140 79
79 69
69 34
34 118
118 148
148 15
15 30
30 74
74 133
133 91
91 78
78 45
45 162