177
176
0,
1,
2,
3,
4,
5,
6,
7,
8,
9,
10,
11,
12,
13,
14,
15,
16,
17,
18,
19,
20,
21,
22,
23,
24,
25,
26,
27,
28,
29,
30,
31,
32,
33,
34,
35,
36,
37,
38,
39,
40,
41,
42,
43,
44,
45,
46,
47,
48,
49,
50,
51,
52,
53,
54,
55,
56,
57,
58,
59,
60,
61,
62,
63,
64,
65,
66,
67,
68,
69,
70,
71,
72,
73,
74,
75,
76,
77,
78,
79,
80,
81,
82,
83,
84,
85,
86,
87,
88,
89,
90,
91,
92,
93,
94,
95,
96,
97,
98,
99,
100,
101,
102,
103,
104,
105,
106,
107,
108,
109,
110,
111,
112,
113,
114,
115,
116,
117,
118,
119,
120,
121,
122,
123,
124,
125,
126,
127,
128,
129,
130,
131,
132,
133,
134,
135,
136,
137,
138,
139,
140,
141,
142,
143,
144,
145,
146,
147,
148,
149,
150,
151,
152,
153,
154,
155,
156,
157,
158,
159,
160,
161,
162,
163,
164,
165,
166,
167,
168,
169,
170,
171,
172,
173,
174,
175,
176
162 156
156 87
87 56
56 41
41 157
157 104
104 131
131 130
130 39
39 47
47 107
107 79
79 16
16 68
68 17
17 115
115 84
84 123
123 149
149 113
113 75
75 151
151 73
73 171
171 19
19 81
81 51
51 161
161 138
138 97
97 33
33 132
132 150
150 46
46 165
165 77
77 96
96 52
52 18
18 134
134 121
121 71
71 95
95 163
163 80
80 117
117 155
155 152
152 105
105 12
12 7
7 15
15 166
166 22
22 61
61 100
100 91
91 57
57 116
116 143
143 103
103 14
14 122
122 76
76 54
54 120
120 44
44 126
126 27
27 133
133 175
175 30
30 94
94 119
119 172
172 36
36 72
72 42
42 69
69 110
110 169
169 153
153 136
136 124
124 88
88 147
147 5
5 106
106 142
142 60
60 89
89 145
145 154
154 43
43 34
34 1
1 114
114 90
90 74
74 6
6 65
65 13
13 146
146 158
158 128
128 23
23 170
170 129
129 135
135 159
159 168
168 2
2 148
148 20
20 99
99 3
3 101
101 58
58 67
67 173
173 85
85 64
64 137
137 66
66 37
37 160
160 118
118 102
102 59
59 26
26 29
29 125
125 28
28 4
4 21
21 127
127 63
63 83
83 108
108 62
62 55
55 9
9 144
144 25
25 24
24 78
78 82
82 141
141 112
112 70
70 167
167 35
35 49
49 8
8 40
40 86
86 93
93 111
111 10
10 31
31 50
50 45
45 164
164 176
176 0
0 32
32 109
109 174
174 11
11 140
140 38
38 48
48 98
98 92
92 139
139 53