178
177
0,
1,
2,
3,
4,
5,
6,
7,
8,
9,
10,
11,
12,
13,
14,
15,
16,
17,
18,
19,
20,
21,
22,
23,
24,
25,
26,
27,
28,
29,
30,
31,
32,
33,
34,
35,
36,
37,
38,
39,
40,
41,
42,
43,
44,
45,
46,
47,
48,
49,
50,
51,
52,
53,
54,
55,
56,
57,
58,
59,
60,
61,
62,
63,
64,
65,
66,
67,
68,
69,
70,
71,
72,
73,
74,
75,
76,
77,
78,
79,
80,
81,
82,
83,
84,
85,
86,
87,
88,
89,
90,
91,
92,
93,
94,
95,
96,
97,
98,
99,
100,
101,
102,
103,
104,
105,
106,
107,
108,
109,
110,
111,
112,
113,
114,
115,
116,
117,
118,
119,
120,
121,
122,
123,
124,
125,
126,
127,
128,
129,
130,
131,
132,
133,
134,
135,
136,
137,
138,
139,
140,
141,
142,
143,
144,
145,
146,
147,
148,
149,
150,
151,
152,
153,
154,
155,
156,
157,
158,
159,
160,
161,
162,
163,
164,
165,
166,
167,
168,
169,
170,
171,
172,
173,
174,
175,
176,
177
162 36
36 146
146 102
102 124
124 37
37 152
152 125
125 150
150 48
48 41
41 44
44 0
0 100
100 1
1 92
92 148
148 116
116 110
110 167
167 131
131 109
109 51
51 9
9 34
34 75
75 149
149 104
104 128
128 114
114 138
138 145
145 107
107 160
160 91
91 53
53 12
12 158
158 132
132 14
14 140
140 142
142 19
19 151
151 72
72 98
98 115
115 136
136 25
25 105
105 6
6 164
164 159
159 87
87 161
161 46
46 174
174 43
43 82
82 17
17 89
89 94
94 65
65 18
18 127
127 173
173 23
23 29
29 66
66 169
169 68
68 2
2 11
11 69
69 86
86 177
177 7
7 8
8 40
40 73
73 56
56 122
122 58
58 172
172 85
85 96
96 154
154 10
10 103
103 130
130 155
155 52
52 24
24 156
156 171
171 28
28 147
147 108
108 106
106 20
20 157
157 133
133 49
49 139
139 78
78 84
84 119
119 134
134 16
16 77
77 81
81 27
27 55
55 113
113 101
101 121
121 79
79 170
170 35
35 32
32 166
166 22
22 5
5 168
168 54
54 120
120 111
111 61
61 88
88 83
83 163
163 76
76 93
93 42
42 97
97 3
3 95
95 21
21 176
176 59
59 112
112 63
63 118
118 38
38 129
129 33
33 62
62 50
50 45
45 153
153 135
135 143
143 141
141 13
13 117
117 90
90 4
4 137
137 71
71 47
47 126
126 39
39 60
60 31
31 30
30 80
80 70
70 67
67 57
57 64
64 165
165 15
15 123
123 144
144 74
74 26
26 175
175 99