179
178
0,
1,
2,
3,
4,
5,
6,
7,
8,
9,
10,
11,
12,
13,
14,
15,
16,
17,
18,
19,
20,
21,
22,
23,
24,
25,
26,
27,
28,
29,
30,
31,
32,
33,
34,
35,
36,
37,
38,
39,
40,
41,
42,
43,
44,
45,
46,
47,
48,
49,
50,
51,
52,
53,
54,
55,
56,
57,
58,
59,
60,
61,
62,
63,
64,
65,
66,
67,
68,
69,
70,
71,
72,
73,
74,
75,
76,
77,
78,
79,
80,
81,
82,
83,
84,
85,
86,
87,
88,
89,
90,
91,
92,
93,
94,
95,
96,
97,
98,
99,
100,
101,
102,
103,
104,
105,
106,
107,
108,
109,
110,
111,
112,
113,
114,
115,
116,
117,
118,
119,
120,
121,
122,
123,
124,
125,
126,
127,
128,
129,
130,
131,
132,
133,
134,
135,
136,
137,
138,
139,
140,
141,
142,
143,
144,
145,
146,
147,
148,
149,
150,
151,
152,
153,
154,
155,
156,
157,
158,
159,
160,
161,
162,
163,
164,
165,
166,
167,
168,
169,
170,
171,
172,
173,
174,
175,
176,
177,
178
150 37
37 115
115 35
35 137
137 80
80 167
167 56
56 165
165 41
41 144
144 123
123 122
122 163
163 151
151 4
4 83
83 21
21 73
73 69
69 11
11 145
145 142
142 109
109 31
31 128
128 12
12 164
164 155
155 101
101 92
92 60
60 95
95 159
159 61
61 67
67 175
175 118
118 168
168 39
39 15
15 154
154 20
20 76
76 146
146 59
59 19
19 100
100 102
102 130
130 62
62 176
176 114
114 40
40 105
105 131
131 34
34 157
157 129
129 117
117 13
13 97
97 5
5 153
153 121
121 120
120 1
1 161
161 98
98 65
65 141
141 147
147 156
156 32
32 75
75 140
140 106
106 158
158 68
68 63
63 149
149 124
124 53
53 108
108 103
103 94
94 138
138 86
86 10
10 107
107 169
169 148
148 170
170 54
54 57
57 66
66 116
116 162
162 133
133 55
55 9
9 87
87 174
174 25
25 79
79 72
72 23
23 22
22 143
143 26
26 43
43 99
99 74
74 134
134 82
82 112
112 52
52 6
6 44
44 49
49 33
33 89
89 29
29 172
172 50
50 18
18 135
135 58
58 127
127 71
71 152
152 14
14 78
78 173
173 24
24 171
171 81
81 96
96 160
160 132
132 42
42 110
110 36
36 136
136 27
27 126
126 7
7 177
177 178
178 77
77 30
30 111
111 28
28 38
38 88
88 2
2 17
17 166
166 104
104 93
93 85
85 84
84 8
8 139
139 113
113 91
91 45
45 46
46 90
90 0
0 51
51 125
125 3
3 119
119 47
47 70
70 64
64 48
48 16