180
179
0,
1,
2,
3,
4,
5,
6,
7,
8,
9,
10,
11,
12,
13,
14,
15,
16,
17,
18,
19,
20,
21,
22,
23,
24,
25,
26,
27,
28,
29,
30,
31,
32,
33,
34,
35,
36,
37,
38,
39,
40,
41,
42,
43,
44,
45,
46,
47,
48,
49,
50,
51,
52,
53,
54,
55,
56,
57,
58,
59,
60,
61,
62,
63,
64,
65,
66,
67,
68,
69,
70,
71,
72,
73,
74,
75,
76,
77,
78,
79,
80,
81,
82,
83,
84,
85,
86,
87,
88,
89,
90,
91,
92,
93,
94,
95,
96,
97,
98,
99,
100,
101,
102,
103,
104,
105,
106,
107,
108,
109,
110,
111,
112,
113,
114,
115,
116,
117,
118,
119,
120,
121,
122,
123,
124,
125,
126,
127,
128,
129,
130,
131,
132,
133,
134,
135,
136,
137,
138,
139,
140,
141,
142,
143,
144,
145,
146,
147,
148,
149,
150,
151,
152,
153,
154,
155,
156,
157,
158,
159,
160,
161,
162,
163,
164,
165,
166,
167,
168,
169,
170,
171,
172,
173,
174,
175,
176,
177,
178,
179
13 64
64 144
144 12
12 135
135 38
38 137
137 141
141 10
10 63
63 140
140 133
133 34
34 69
69 164
164 57
57 143
143 104
104 43
43 149
149 14
14 81
81 99
99 44
44 158
158 73
73 115
115 52
52 105
105 50
50 176
176 122
122 11
11 154
154 79
79 61
61 93
93 110
110 146
146 29
29 129
129 155
155 78
78 139
139 16
16 103
103 100
100 76
76 58
58 131
131 112
112 31
31 125
125 83
83 7
7 25
25 97
97 15
15 45
45 4
4 53
53 101
101 6
6 77
77 159
159 145
145 113
113 65
65 148
148 21
21 46
46 174
174 178
178 136
136 89
89 126
126 67
67 173
173 49
49 95
95 127
127 84
84 156
156 153
153 157
157 80
80 75
75 162
162 163
163 18
18 130
130 128
128 1
1 72
72 23
23 62
62 92
92 172
172 30
30 20
20 48
48 165
165 51
51 40
40 54
54 123
123 138
138 74
74 177
177 9
9 98
98 160
160 134
134 161
161 118
118 2
2 55
55 70
70 151
151 19
19 35
35 179
179 88
88 5
5 117
117 33
33 152
152 132
132 124
124 66
66 22
22 111
111 102
102 32
32 90
90 169
169 26
26 41
41 37
37 28
28 87
87 147
147 0
0 8
8 24
24 39
39 36
36 119
119 91
91 82
82 150
150 71
71 3
3 56
56 142
142 106
106 107
107 121
121 47
47 68
68 120
120 85
85 59
59 168
168 27
27 86
86 167
167 109
109 42
42 175
175 94
94 60
60 114
114 171
171 108
108 116
116 17
17 170
170 166
166 96