181
180
0,
1,
2,
3,
4,
5,
6,
7,
8,
9,
10,
11,
12,
13,
14,
15,
16,
17,
18,
19,
20,
21,
22,
23,
24,
25,
26,
27,
28,
29,
30,
31,
32,
33,
34,
35,
36,
37,
38,
39,
40,
41,
42,
43,
44,
45,
46,
47,
48,
49,
50,
51,
52,
53,
54,
55,
56,
57,
58,
59,
60,
61,
62,
63,
64,
65,
66,
67,
68,
69,
70,
71,
72,
73,
74,
75,
76,
77,
78,
79,
80,
81,
82,
83,
84,
85,
86,
87,
88,
89,
90,
91,
92,
93,
94,
95,
96,
97,
98,
99,
100,
101,
102,
103,
104,
105,
106,
107,
108,
109,
110,
111,
112,
113,
114,
115,
116,
117,
118,
119,
120,
121,
122,
123,
124,
125,
126,
127,
128,
129,
130,
131,
132,
133,
134,
135,
136,
137,
138,
139,
140,
141,
142,
143,
144,
145,
146,
147,
148,
149,
150,
151,
152,
153,
154,
155,
156,
157,
158,
159,
160,
161,
162,
163,
164,
165,
166,
167,
168,
169,
170,
171,
172,
173,
174,
175,
176,
177,
178,
179,
180
47 155
155 157
157 80
80 134
134 26
26 82
82 180
180 19
19 161
161 55
55 178
178 43
43 45
45 146
146 42
42 87
87 141
141 124
124 100
100 89
89 46
46 143
143 90
90 127
127 2
2 118
118 172
172 72
72 54
54 107
107 60
60 11
11 170
170 35
35 64
64 112
112 163
163 71
71 96
96 160
160 68
68 138
138 142
142 22
22 164
164 0
0 91
91 145
145 65
65 4
4 125
125 79
79 165
165 147
147 31
31 123
123 120
120 104
104 67
67 92
92 99
99 97
97 158
158 86
86 1
1 66
66 70
70 139
139 63
63 51
51 29
29 21
21 77
77 32
32 33
33 16
16 152
152 101
101 58
58 153
153 169
169 119
119 34
34 133
133 39
39 109
109 175
175 105
105 151
151 24
24 49
49 166
166 75
75 13
13 171
171 110
110 28
28 27
27 156
156 44
44 131
131 106
106 41
41 85
85 98
98 74
74 7
7 30
30 116
116 128
128 113
113 149
149 144
144 167
167 40
40 38
38 18
18 25
25 61
61 52
52 6
6 84
84 148
148 5
5 108
108 136
136 159
159 69
69 168
168 88
88 117
117 3
3 114
114 129
129 23
23 9
9 126
126 76
76 36
36 176
176 173
173 177
177 62
62 37
37 59
59 73
73 12
12 150
150 115
115 17
17 56
56 53
53 10
10 154
154 111
111 179
179 94
94 103
103 95
95 135
135 137
137 78
78 57
57 93
93 48
48 130
130 14
14 122
122 132
132 121
121 162
162 50
50 83
83 102
102 81
81 20
20 140
140 174
174 15
15 8