182
181
0,
1,
2,
3,
4,
5,
6,
7,
8,
9,
10,
11,
12,
13,
14,
15,
16,
17,
18,
19,
20,
21,
22,
23,
24,
25,
26,
27,
28,
29,
30,
31,
32,
33,
34,
35,
36,
37,
38,
39,
40,
41,
42,
43,
44,
45,
46,
47,
48,
49,
50,
51,
52,
53,
54,
55,
56,
57,
58,
59,
60,
61,
62,
63,
64,
65,
66,
67,
68,
69,
70,
71,
72,
73,
74,
75,
76,
77,
78,
79,
80,
81,
82,
83,
84,
85,
86,
87,
88,
89,
90,
91,
92,
93,
94,
95,
96,
97,
98,
99,
100,
101,
102,
103,
104,
105,
106,
107,
108,
109,
110,
111,
112,
113,
114,
115,
116,
117,
118,
119,
120,
121,
122,
123,
124,
125,
126,
127,
128,
129,
130,
131,
132,
133,
134,
135,
136,
137,
138,
139,
140,
141,
142,
143,
144,
145,
146,
147,
148,
149,
150,
151,
152,
153,
154,
155,
156,
157,
158,
159,
160,
161,
162,
163,
164,
165,
166,
167,
168,
169,
170,
171,
172,
173,
174,
175,
176,
177,
178,
179,
180,
181
18 28
28 143
143 50
50 124
124 2
2 29
29 31
31 109
109 93
93 102
102 46
46 73
73 96
96 61
61 83
83 126
126 167
167 55
55 36
36 52
52 71
71 164
164 5
5 105
105 181
181 95
95 156
156 76
76 78
78 3
3 122
122 113
113 169
169 114
114 131
131 21
21 30
30 104
104 54
54 160
160 157
157 23
23 4
4 47
47 1
1 117
117 41
41 152
152 45
45 153
153 86
86 145
145 92
92 161
161 112
112 132
132 111
111 142
142 177
177 128
128 140
140 22
22 135
135 101
101 88
88 103
103 20
20 138
138 148
148 44
44 56
56 87
87 65
65 151
151 11
11 179
179 85
85 80
80 10
10 108
108 35
35 68
68 82
82 133
133 66
66 62
62 25
25 70
70 97
97 116
116 26
26 63
63 115
115 67
67 174
174 150
150 69
69 119
119 155
155 100
100 141
141 163
163 129
129 58
58 8
8 98
98 146
146 84
84 91
91 118
118 90
90 134
134 127
127 59
59 166
166 120
120 17
17 154
154 149
149 13
13 121
121 173
173 170
170 89
89 48
48 147
147 139
139 27
27 7
7 172
172 158
158 64
64 72
72 175
175 110
110 24
24 171
171 6
6 14
14 162
162 159
159 32
32 9
9 40
40 51
51 39
39 168
168 94
94 43
43 81
81 19
19 137
137 49
49 34
34 130
130 57
57 37
37 53
53 38
38 60
60 33
33 74
74 180
180 107
107 42
42 99
99 144
144 16
16 125
125 77
77 106
106 165
165 178
178 15
15 75
75 79
79 176
176 12
12 136
136 123
123 0