183
182
0,
1,
2,
3,
4,
5,
6,
7,
8,
9,
10,
11,
12,
13,
14,
15,
16,
17,
18,
19,
20,
21,
22,
23,
24,
25,
26,
27,
28,
29,
30,
31,
32,
33,
34,
35,
36,
37,
38,
39,
40,
41,
42,
43,
44,
45,
46,
47,
48,
49,
50,
51,
52,
53,
54,
55,
56,
57,
58,
59,
60,
61,
62,
63,
64,
65,
66,
67,
68,
69,
70,
71,
72,
73,
74,
75,
76,
77,
78,
79,
80,
81,
82,
83,
84,
85,
86,
87,
88,
89,
90,
91,
92,
93,
94,
95,
96,
97,
98,
99,
100,
101,
102,
103,
104,
105,
106,
107,
108,
109,
110,
111,
112,
113,
114,
115,
116,
117,
118,
119,
120,
121,
122,
123,
124,
125,
126,
127,
128,
129,
130,
131,
132,
133,
134,
135,
136,
137,
138,
139,
140,
141,
142,
143,
144,
145,
146,
147,
148,
149,
150,
151,
152,
153,
154,
155,
156,
157,
158,
159,
160,
161,
162,
163,
164,
165,
166,
167,
168,
169,
170,
171,
172,
173,
174,
175,
176,
177,
178,
179,
180,
181,
182
26 107
107 174
174 62
62 33
33 140
140 64
64 123
123 166
166 96
96 116
116 132
132 103
103 76
76 35
35 180
180 63
63 75
75 22
22 87
87 112
112 56
56 54
54 51
51 99
99 138
138 182
182 73
73 143
143 5
5 81
81 90
90 133
133 82
82 98
98 179
179 77
77 29
29 137
137 126
126 176
176 52
52 34
34 118
118 84
84 111
111 142
142 105
105 165
165 45
45 86
86 173
173 114
114 58
58 119
119 172
172 106
106 115
115 41
41 21
21 69
69 71
71 117
117 6
6 178
178 110
110 50
50 72
72 100
100 89
89 39
39 8
8 11
11 125
125 153
153 55
55 154
154 38
38 124
124 14
14 23
23 91
91 79
79 40
40 102
102 131
131 93
93 13
13 7
7 42
42 158
158 121
121 169
169 4
4 171
171 47
47 0
0 109
109 145
145 141
141 74
74 113
113 25
25 10
10 12
12 20
20 67
67 130
130 31
31 36
36 168
168 101
101 60
60 3
3 150
150 2
2 108
108 156
156 147
147 9
9 122
122 49
49 157
157 135
135 160
160 92
92 32
32 68
68 65
65 78
78 162
162 120
120 43
43 24
24 152
152 151
151 70
70 18
18 59
59 175
175 37
37 155
155 95
95 170
170 127
127 80
80 53
53 159
159 1
1 167
167 28
28 129
129 57
57 146
146 94
94 134
134 148
148 61
61 83
83 19
19 17
17 66
66 27
27 161
161 139
139 144
144 97
97 136
136 88
88 16
16 46
46 48
48 181
181 163
163 85
85 30
30 164
164 44
44 15
15 177
177 104
104 128
128 149