184
183
0,
1,
2,
3,
4,
5,
6,
7,
8,
9,
10,
11,
12,
13,
14,
15,
16,
17,
18,
19,
20,
21,
22,
23,
24,
25,
26,
27,
28,
29,
30,
31,
32,
33,
34,
35,
36,
37,
38,
39,
40,
41,
42,
43,
44,
45,
46,
47,
48,
49,
50,
51,
52,
53,
54,
55,
56,
57,
58,
59,
60,
61,
62,
63,
64,
65,
66,
67,
68,
69,
70,
71,
72,
73,
74,
75,
76,
77,
78,
79,
80,
81,
82,
83,
84,
85,
86,
87,
88,
89,
90,
91,
92,
93,
94,
95,
96,
97,
98,
99,
100,
101,
102,
103,
104,
105,
106,
107,
108,
109,
110,
111,
112,
113,
114,
115,
116,
117,
118,
119,
120,
121,
122,
123,
124,
125,
126,
127,
128,
129,
130,
131,
132,
133,
134,
135,
136,
137,
138,
139,
140,
141,
142,
143,
144,
145,
146,
147,
148,
149,
150,
151,
152,
153,
154,
155,
156,
157,
158,
159,
160,
161,
162,
163,
164,
165,
166,
167,
168,
169,
170,
171,
172,
173,
174,
175,
176,
177,
178,
179,
180,
181,
182,
183
38 110
110 101
101 6
6 22
22 2
2 168
168 104
104 27
27 148
148 149
149 87
87 135
135 55
55 32
32 183
183 91
91 171
171 175
175 46
46 118
118 126
126 113
113 169
169 158
158 30
30 85
85 105
105 53
53 7
7 94
94 86
86 14
14 129
129 124
124 29
29 132
132 155
155 116
116 67
67 52
52 143
143 72
72 114
114 44
44 19
19 40
40 75
75 35
35 180
180 121
121 80
80 108
108 136
136 83
83 76
76 37
37 178
178 157
157 78
78 34
34 43
43 146
146 3
3 162
162 164
164 112
112 159
159 166
166 54
54 88
88 152
152 153
153 176
176 74
74 60
60 62
62 84
84 174
174 103
103 20
20 64
64 45
45 56
56 12
12 42
42 130
130 97
97 18
18 163
163 28
28 117
117 69
69 167
167 82
82 24
24 131
131 102
102 133
133 142
142 173
173 134
134 50
50 36
36 147
147 11
11 140
140 68
68 9
9 4
4 89
89 144
144 66
66 160
160 100
100 79
79 57
57 154
154 8
8 109
109 138
138 41
41 59
59 137
137 172
172 181
181 156
156 33
33 58
58 98
98 49
49 127
127 70
70 0
0 5
5 96
96 170
170 151
151 10
10 77
77 93
93 179
179 125
125 145
145 71
71 31
31 23
23 39
39 99
99 115
115 106
106 165
165 139
139 16
16 47
47 81
81 122
122 128
128 1
1 120
120 123
123 26
26 119
119 61
61 65
65 13
13 150
150 17
17 177
177 73
73 95
95 15
15 51
51 141
141 21
21 92
92 182
182 107
107 161
161 48
48 111
111 25
25 90
90 63