185
184
0,
1,
2,
3,
4,
5,
6,
7,
8,
9,
10,
11,
12,
13,
14,
15,
16,
17,
18,
19,
20,
21,
22,
23,
24,
25,
26,
27,
28,
29,
30,
31,
32,
33,
34,
35,
36,
37,
38,
39,
40,
41,
42,
43,
44,
45,
46,
47,
48,
49,
50,
51,
52,
53,
54,
55,
56,
57,
58,
59,
60,
61,
62,
63,
64,
65,
66,
67,
68,
69,
70,
71,
72,
73,
74,
75,
76,
77,
78,
79,
80,
81,
82,
83,
84,
85,
86,
87,
88,
89,
90,
91,
92,
93,
94,
95,
96,
97,
98,
99,
100,
101,
102,
103,
104,
105,
106,
107,
108,
109,
110,
111,
112,
113,
114,
115,
116,
117,
118,
119,
120,
121,
122,
123,
124,
125,
126,
127,
128,
129,
130,
131,
132,
133,
134,
135,
136,
137,
138,
139,
140,
141,
142,
143,
144,
145,
146,
147,
148,
149,
150,
151,
152,
153,
154,
155,
156,
157,
158,
159,
160,
161,
162,
163,
164,
165,
166,
167,
168,
169,
170,
171,
172,
173,
174,
175,
176,
177,
178,
179,
180,
181,
182,
183,
184
3 64
64 164
164 16
16 142
142 20
20 106
106 44
44 23
23 171
171 25
25 88
88 103
103 32
32 149
149 60
60 38
38 162
162 96
96 139
139 176
176 118
118 99
99 95
95 154
154 69
69 28
28 17
17 151
151 113
113 150
150 127
127 102
102 82
82 80
80 49
49 53
53 70
70 10
10 83
83 184
184 66
66 98
98 128
128 130
130 180
180 110
110 62
62 4
4 144
144 77
77 141
141 165
165 11
11 91
91 140
140 12
12 173
173 143
143 79
79 84
84 39
39 71
71 85
85 45
45 18
18 51
51 117
117 6
6 5
5 174
174 158
158 179
179 172
172 138
138 147
147 1
1 133
133 132
132 111
111 46
46 55
55 92
92 54
54 35
35 121
121 152
152 175
175 122
122 135
135 112
112 50
50 57
57 178
178 97
97 107
107 181
181 81
81 41
41 90
90 125
125 67
67 166
166 0
0 126
126 30
30 52
52 40
40 14
14 167
167 2
2 131
131 124
124 168
168 21
21 114
114 27
27 47
47 100
100 170
170 182
182 183
183 123
123 120
120 42
42 36
36 145
145 115
115 159
159 161
161 48
48 104
104 160
160 76
76 177
177 89
89 146
146 105
105 74
74 153
153 169
169 22
22 33
33 72
72 61
61 155
155 108
108 68
68 137
137 87
87 65
65 129
129 156
156 136
136 58
58 163
163 119
119 9
9 101
101 34
34 75
75 148
148 78
78 8
8 157
157 134
134 94
94 43
43 15
15 37
37 73
73 109
109 86
86 7
7 93
93 13
13 59
59 19
19 26
26 63
63 56
56 29
29 31
31 24
24 116