186
185
0,
1,
2,
3,
4,
5,
6,
7,
8,
9,
10,
11,
12,
13,
14,
15,
16,
17,
18,
19,
20,
21,
22,
23,
24,
25,
26,
27,
28,
29,
30,
31,
32,
33,
34,
35,
36,
37,
38,
39,
40,
41,
42,
43,
44,
45,
46,
47,
48,
49,
50,
51,
52,
53,
54,
55,
56,
57,
58,
59,
60,
61,
62,
63,
64,
65,
66,
67,
68,
69,
70,
71,
72,
73,
74,
75,
76,
77,
78,
79,
80,
81,
82,
83,
84,
85,
86,
87,
88,
89,
90,
91,
92,
93,
94,
95,
96,
97,
98,
99,
100,
101,
102,
103,
104,
105,
106,
107,
108,
109,
110,
111,
112,
113,
114,
115,
116,
117,
118,
119,
120,
121,
122,
123,
124,
125,
126,
127,
128,
129,
130,
131,
132,
133,
134,
135,
136,
137,
138,
139,
140,
141,
142,
143,
144,
145,
146,
147,
148,
149,
150,
151,
152,
153,
154,
155,
156,
157,
158,
159,
160,
161,
162,
163,
164,
165,
166,
167,
168,
169,
170,
171,
172,
173,
174,
175,
176,
177,
178,
179,
180,
181,
182,
183,
184,
185
46 113
113 182
182 44
44 54
54 37
37 179
179 123
123 125
125 146
146 79
79 62
62 115
115 167
167 65
65 10
10 63
63 185
185 164
164 130
130 144
144 19
19 149
149 174
174 51
51 153
153 166
166 18
18 40
40 92
92 25
25 77
77 59
59 135
135 81
81 141
141 90
90 129
129 99
99 85
85 24
24 50
50 111
111 30
30 34
34 7
7 108
108 53
53 148
148 147
147 172
172 93
93 142
142 76
76 45
45 29
29 110
110 2
2 21
21 117
117 3
3 72
72 175
175 109
109 161
161 114
114 69
69 181
181 70
70 102
102 95
95 75
75 8
8 32
32 66
66 154
154 35
35 41
41 42
42 52
52 73
73 47
47 1
1 28
28 137
137 184
184 4
4 180
180 128
128 152
152 83
83 49
49 134
134 38
38 162
162 78
78 26
26 20
20 33
33 165
165 80
80 14
14 121
121 84
84 160
160 120
120 82
82 67
67 177
177 118
118 60
60 13
13 74
74 89
89 0
0 64
64 104
104 100
100 86
86 11
11 43
43 16
16 31
31 183
183 12
12 138
138 97
97 150
150 126
126 156
156 139
139 178
178 91
91 23
23 132
132 119
119 169
169 170
170 98
98 133
133 127
127 101
101 56
56 71
71 36
36 96
96 112
112 145
145 176
176 61
61 94
94 6
6 116
116 57
57 171
171 131
131 140
140 158
158 88
88 173
173 87
87 22
22 107
107 124
124 106
106 103
103 15
15 5
5 105
105 48
48 136
136 155
155 68
68 17
17 122
122 27
27 39
39 168
168 55
55 157
157 163
163 9
9 143
143 151
151 159
159 58