187
186
0,
1,
2,
3,
4,
5,
6,
7,
8,
9,
10,
11,
12,
13,
14,
15,
16,
17,
18,
19,
20,
21,
22,
23,
24,
25,
26,
27,
28,
29,
30,
31,
32,
33,
34,
35,
36,
37,
38,
39,
40,
41,
42,
43,
44,
45,
46,
47,
48,
49,
50,
51,
52,
53,
54,
55,
56,
57,
58,
59,
60,
61,
62,
63,
64,
65,
66,
67,
68,
69,
70,
71,
72,
73,
74,
75,
76,
77,
78,
79,
80,
81,
82,
83,
84,
85,
86,
87,
88,
89,
90,
91,
92,
93,
94,
95,
96,
97,
98,
99,
100,
101,
102,
103,
104,
105,
106,
107,
108,
109,
110,
111,
112,
113,
114,
115,
116,
117,
118,
119,
120,
121,
122,
123,
124,
125,
126,
127,
128,
129,
130,
131,
132,
133,
134,
135,
136,
137,
138,
139,
140,
141,
142,
143,
144,
145,
146,
147,
148,
149,
150,
151,
152,
153,
154,
155,
156,
157,
158,
159,
160,
161,
162,
163,
164,
165,
166,
167,
168,
169,
170,
171,
172,
173,
174,
175,
176,
177,
178,
179,
180,
181,
182,
183,
184,
185,
186
37 170
170 184
184 165
165 65
65 27
27 28
28 129
129 158
158 139
139 87
87 74
74 3
3 30
30 89
89 71
71 157
157 101
101 123
123 93
93 8
8 44
44 180
180 25
25 132
132 54
54 178
178 1
1 117
117 150
150 171
171 58
58 98
98 143
143 45
45 48
48 159
159 84
84 108
108 103
103 55
55 102
102 15
15 144
144 32
32 31
31 12
12 130
130 99
99 67
67 136
136 34
34 61
61 126
126 75
75 53
53 42
42 125
125 68
68 91
91 94
94 72
72 90
90 81
81 113
113 145
145 29
29 62
62 80
80 78
78 107
107 121
121 17
17 111
111 41
41 167
167 13
13 23
23 52
52 146
146 69
69 38
38 63
63 140
140 115
115 177
177 64
64 7
7 135
135 122
122 35
35 33
33 0
0 168
168 160
160 22
22 46
46 116
116 118
118 156
156 100
100 163
163 134
134 131
131 119
119 83
83 9
9 105
105 50
50 124
124 114
114 66
66 20
20 49
49 137
137 174
174 36
36 179
179 92
92 128
128 18
18 141
141 21
21 96
96 149
149 56
56 104
104 2
2 181
181 5
5 88
88 173
173 172
172 79
79 176
176 142
142 86
86 19
19 151
151 166
166 57
57 186
186 155
155 185
185 39
39 59
59 110
110 73
73 24
24 26
26 148
148 95
95 106
106 154
154 147
147 152
152 85
85 97
97 4
4 70
70 109
109 14
14 183
183 164
164 153
153 47
47 112
112 82
82 120
120 77
77 127
127 11
11 162
162 16
16 6
6 10
10 40
40 169
169 161
161 133
133 138
138 60
60 175
175 182
182 51
51 43
43 76