188
187
0,
1,
2,
3,
4,
5,
6,
7,
8,
9,
10,
11,
12,
13,
14,
15,
16,
17,
18,
19,
20,
21,
22,
23,
24,
25,
26,
27,
28,
29,
30,
31,
32,
33,
34,
35,
36,
37,
38,
39,
40,
41,
42,
43,
44,
45,
46,
47,
48,
49,
50,
51,
52,
53,
54,
55,
56,
57,
58,
59,
60,
61,
62,
63,
64,
65,
66,
67,
68,
69,
70,
71,
72,
73,
74,
75,
76,
77,
78,
79,
80,
81,
82,
83,
84,
85,
86,
87,
88,
89,
90,
91,
92,
93,
94,
95,
96,
97,
98,
99,
100,
101,
102,
103,
104,
105,
106,
107,
108,
109,
110,
111,
112,
113,
114,
115,
116,
117,
118,
119,
120,
121,
122,
123,
124,
125,
126,
127,
128,
129,
130,
131,
132,
133,
134,
135,
136,
137,
138,
139,
140,
141,
142,
143,
144,
145,
146,
147,
148,
149,
150,
151,
152,
153,
154,
155,
156,
157,
158,
159,
160,
161,
162,
163,
164,
165,
166,
167,
168,
169,
170,
171,
172,
173,
174,
175,
176,
177,
178,
179,
180,
181,
182,
183,
184,
185,
186,
187
51 23
23 148
148 73
73 78
78 128
128 124
124 11
11 55
55 160
160 57
57 182
182 177
177 111
111 164
164 134
134 65
65 173
173 36
36 17
17 72
72 112
112 20
20 47
47 109
109 21
21 0
0 13
13 41
41 95
95 163
163 100
100 106
106 131
131 84
84 1
1 142
142 74
74 33
33 153
153 80
80 77
77 171
171 40
40 108
108 133
133 169
169 165
165 161
161 70
70 107
107 34
34 54
54 120
120 121
121 45
45 22
22 136
136 18
18 159
159 50
50 151
151 35
35 29
29 66
66 79
79 31
31 175
175 170
170 99
99 4
4 8
8 154
154 126
126 115
115 38
38 101
101 91
91 105
105 180
180 61
61 86
86 185
185 179
179 146
146 149
149 135
135 69
69 157
157 5
5 64
64 30
30 67
67 137
137 122
122 88
88 97
97 16
16 152
152 150
150 87
87 12
12 110
110 117
117 37
37 176
176 63
63 15
15 44
44 141
141 14
14 24
24 83
83 94
94 178
178 162
162 48
48 46
46 174
174 140
140 9
9 19
19 143
143 186
186 127
127 85
85 76
76 62
62 96
96 7
7 93
93 52
52 26
26 82
82 184
184 130
130 139
139 155
155 103
103 49
49 144
144 81
81 181
181 102
102 3
3 27
27 116
116 104
104 168
168 92
92 166
166 167
167 71
71 132
132 43
43 6
6 125
125 98
98 75
75 58
58 56
56 59
59 32
32 28
28 25
25 10
10 172
172 39
39 123
123 147
147 2
2 138
138 187
187 42
42 129
129 113
113 89
89 145
145 90
90 183
183 60
60 68
68 156
156 114
114 119
119 53
53 158
158 118