189
188
0,
1,
2,
3,
4,
5,
6,
7,
8,
9,
10,
11,
12,
13,
14,
15,
16,
17,
18,
19,
20,
21,
22,
23,
24,
25,
26,
27,
28,
29,
30,
31,
32,
33,
34,
35,
36,
37,
38,
39,
40,
41,
42,
43,
44,
45,
46,
47,
48,
49,
50,
51,
52,
53,
54,
55,
56,
57,
58,
59,
60,
61,
62,
63,
64,
65,
66,
67,
68,
69,
70,
71,
72,
73,
74,
75,
76,
77,
78,
79,
80,
81,
82,
83,
84,
85,
86,
87,
88,
89,
90,
91,
92,
93,
94,
95,
96,
97,
98,
99,
100,
101,
102,
103,
104,
105,
106,
107,
108,
109,
110,
111,
112,
113,
114,
115,
116,
117,
118,
119,
120,
121,
122,
123,
124,
125,
126,
127,
128,
129,
130,
131,
132,
133,
134,
135,
136,
137,
138,
139,
140,
141,
142,
143,
144,
145,
146,
147,
148,
149,
150,
151,
152,
153,
154,
155,
156,
157,
158,
159,
160,
161,
162,
163,
164,
165,
166,
167,
168,
169,
170,
171,
172,
173,
174,
175,
176,
177,
178,
179,
180,
181,
182,
183,
184,
185,
186,
187,
188
22 8
8 99
99 188
188 50
50 89
89 77
77 46
46 142
142 72
72 24
24 30
30 126
126 37
37 139
139 175
175 17
17 80
80 47
47 152
152 40
40 184
184 170
170 171
171 49
49 167
167 84
84 108
108 159
159 151
151 181
181 59
59 157
157 51
51 23
23 132
132 32
32 136
136 75
75 165
165 54
54 109
109 98
98 122
122 137
137 60
60 107
107 187
187 163
163 103
103 45
45 43
43 125
125 160
160 140
140 36
36 44
44 96
96 61
61 177
177 145
145 162
162 178
178 88
88 74
74 9
9 87
87 91
91 4
4 97
97 148
148 182
182 38
38 67
67 128
128 110
110 7
7 76
76 135
135 147
147 173
173 2
2 14
14 111
111 166
166 138
138 174
174 131
131 65
65 118
118 101
101 155
155 58
58 6
6 62
62 39
39 48
48 185
185 141
141 102
102 161
161 3
3 35
35 124
124 92
92 25
25 82
82 116
116 11
11 117
117 168
168 64
64 133
133 134
134 127
127 119
119 71
71 113
113 130
130 115
115 144
144 57
57 42
42 94
94 106
106 149
149 176
176 26
26 79
79 68
68 56
56 104
104 150
150 186
186 123
123 53
53 81
81 90
90 70
70 15
15 31
31 183
183 33
33 21
21 55
55 16
16 129
129 10
10 169
169 5
5 85
85 0
0 93
93 121
121 146
146 73
73 29
29 100
100 158
158 78
78 52
52 1
1 28
28 112
112 179
179 86
86 66
66 20
20 83
83 143
143 12
12 156
156 180
180 27
27 153
153 114
114 63
63 95
95 172
172 13
13 164
164 19
19 69
69 34
34 18
18 41
41 154
154 105
105 120