190
189
0,
1,
2,
3,
4,
5,
6,
7,
8,
9,
10,
11,
12,
13,
14,
15,
16,
17,
18,
19,
20,
21,
22,
23,
24,
25,
26,
27,
28,
29,
30,
31,
32,
33,
34,
35,
36,
37,
38,
39,
40,
41,
42,
43,
44,
45,
46,
47,
48,
49,
50,
51,
52,
53,
54,
55,
56,
57,
58,
59,
60,
61,
62,
63,
64,
65,
66,
67,
68,
69,
70,
71,
72,
73,
74,
75,
76,
77,
78,
79,
80,
81,
82,
83,
84,
85,
86,
87,
88,
89,
90,
91,
92,
93,
94,
95,
96,
97,
98,
99,
100,
101,
102,
103,
104,
105,
106,
107,
108,
109,
110,
111,
112,
113,
114,
115,
116,
117,
118,
119,
120,
121,
122,
123,
124,
125,
126,
127,
128,
129,
130,
131,
132,
133,
134,
135,
136,
137,
138,
139,
140,
141,
142,
143,
144,
145,
146,
147,
148,
149,
150,
151,
152,
153,
154,
155,
156,
157,
158,
159,
160,
161,
162,
163,
164,
165,
166,
167,
168,
169,
170,
171,
172,
173,
174,
175,
176,
177,
178,
179,
180,
181,
182,
183,
184,
185,
186,
187,
188,
189
105 139
139 71
71 40
40 144
144 146
146 54
54 100
100 136
136 163
163 44
44 125
125 147
147 110
110 8
8 19
19 5
5 27
27 70
70 101
101 108
108 21
21 115
115 67
67 16
16 153
153 3
3 141
141 183
183 31
31 118
118 84
84 9
9 126
126 91
91 24
24 36
36 53
53 133
133 68
68 25
25 73
73 185
185 188
188 160
160 168
168 62
62 28
28 59
59 123
123 29
29 174
174 161
161 86
86 119
119 173
173 189
189 87
87 140
140 34
34 32
32 130
130 156
156 182
182 175
175 57
57 11
11 66
66 92
92 88
88 106
106 37
37 184
184 134
134 80
80 63
63 117
117 158
158 1
1 96
96 0
0 38
38 114
114 65
65 113
113 103
103 48
48 142
142 98
98 151
151 120
120 90
90 131
131 81
81 75
75 41
41 162
162 4
4 78
78 164
164 179
179 159
159 109
109 124
124 61
61 148
148 102
102 121
121 39
39 99
99 47
47 83
83 15
15 112
112 178
178 52
52 150
150 93
93 170
170 17
17 49
49 166
166 46
46 20
20 145
145 42
42 50
50 55
55 69
69 60
60 132
132 128
128 30
30 111
111 187
187 154
154 143
143 43
43 13
13 181
181 7
7 82
82 137
137 135
135 45
45 10
10 77
77 116
116 186
186 76
76 12
12 2
2 56
56 64
64 18
18 149
149 72
72 176
176 172
172 35
35 58
58 122
122 180
180 127
127 104
104 74
74 169
169 155
155 79
79 138
138 14
14 22
22 107
107 94
94 95
95 89
89 152
152 26
26 129
129 6
6 33
33 97
97 157
157 171
171 51
51 167
167 177
177 165
165 85
85 23