191
190
0,
1,
2,
3,
4,
5,
6,
7,
8,
9,
10,
11,
12,
13,
14,
15,
16,
17,
18,
19,
20,
21,
22,
23,
24,
25,
26,
27,
28,
29,
30,
31,
32,
33,
34,
35,
36,
37,
38,
39,
40,
41,
42,
43,
44,
45,
46,
47,
48,
49,
50,
51,
52,
53,
54,
55,
56,
57,
58,
59,
60,
61,
62,
63,
64,
65,
66,
67,
68,
69,
70,
71,
72,
73,
74,
75,
76,
77,
78,
79,
80,
81,
82,
83,
84,
85,
86,
87,
88,
89,
90,
91,
92,
93,
94,
95,
96,
97,
98,
99,
100,
101,
102,
103,
104,
105,
106,
107,
108,
109,
110,
111,
112,
113,
114,
115,
116,
117,
118,
119,
120,
121,
122,
123,
124,
125,
126,
127,
128,
129,
130,
131,
132,
133,
134,
135,
136,
137,
138,
139,
140,
141,
142,
143,
144,
145,
146,
147,
148,
149,
150,
151,
152,
153,
154,
155,
156,
157,
158,
159,
160,
161,
162,
163,
164,
165,
166,
167,
168,
169,
170,
171,
172,
173,
174,
175,
176,
177,
178,
179,
180,
181,
182,
183,
184,
185,
186,
187,
188,
189,
190
177 184
184 161
161 185
185 31
31 156
156 129
129 37
37 105
105 53
53 67
67 173
173 146
146 34
34 47
47 46
46 8
8 127
127 19
19 164
164 93
93 115
115 26
26 43
43 100
100 153
153 117
117 190
190 33
33 131
131 27
27 48
48 187
187 160
160 165
165 52
52 14
14 10
10 110
110 56
56 141
141 38
38 97
97 134
134 136
136 135
135 5
5 51
51 22
22 95
95 62
62 158
158 66
66 75
75 140
140 152
152 55
55 179
179 28
28 68
68 30
30 96
96 89
89 98
98 124
124 64
64 130
130 6
6 63
63 143
143 23
23 139
139 18
18 13
13 57
57 167
167 73
73 171
171 169
169 163
163 81
81 128
128 108
108 3
3 45
45 2
2 155
155 186
186 1
1 133
133 70
70 159
159 11
11 87
87 137
137 78
78 49
49 112
112 180
180 119
119 65
65 121
121 17
17 148
148 16
16 79
79 54
54 113
113 174
174 42
42 101
101 147
147 149
149 162
162 77
77 58
58 82
82 94
94 59
59 126
126 172
172 29
29 35
35 168
168 118
118 104
104 40
40 84
84 80
80 12
12 123
123 91
91 189
189 103
103 188
188 170
170 90
90 85
85 116
116 176
176 132
132 41
41 92
92 15
15 122
122 145
145 4
4 99
99 120
120 69
69 86
86 154
154 60
60 178
178 102
102 72
72 24
24 71
71 183
183 109
109 36
36 74
74 125
125 21
21 107
107 114
114 138
138 39
39 142
142 181
181 151
151 44
44 76
76 83
83 20
20 157
157 175
175 9
9 111
111 106
106 32
32 25
25 50
50 144
144 88
88 150
150 61
61 182
182 166
166 7
7 0