192
191
0,
1,
2,
3,
4,
5,
6,
7,
8,
9,
10,
11,
12,
13,
14,
15,
16,
17,
18,
19,
20,
21,
22,
23,
24,
25,
26,
27,
28,
29,
30,
31,
32,
33,
34,
35,
36,
37,
38,
39,
40,
41,
42,
43,
44,
45,
46,
47,
48,
49,
50,
51,
52,
53,
54,
55,
56,
57,
58,
59,
60,
61,
62,
63,
64,
65,
66,
67,
68,
69,
70,
71,
72,
73,
74,
75,
76,
77,
78,
79,
80,
81,
82,
83,
84,
85,
86,
87,
88,
89,
90,
91,
92,
93,
94,
95,
96,
97,
98,
99,
100,
101,
102,
103,
104,
105,
106,
107,
108,
109,
110,
111,
112,
113,
114,
115,
116,
117,
118,
119,
120,
121,
122,
123,
124,
125,
126,
127,
128,
129,
130,
131,
132,
133,
134,
135,
136,
137,
138,
139,
140,
141,
142,
143,
144,
145,
146,
147,
148,
149,
150,
151,
152,
153,
154,
155,
156,
157,
158,
159,
160,
161,
162,
163,
164,
165,
166,
167,
168,
169,
170,
171,
172,
173,
174,
175,
176,
177,
178,
179,
180,
181,
182,
183,
184,
185,
186,
187,
188,
189,
190,
191
43 47
47 148
148 163
163 97
97 53
53 167
167 126
126 170
170 93
93 57
57 98
98 181
181 35
35 22
22 74
74 152
152 185
185 157
157 153
153 116
116 143
143 20
20 84
84 45
45 175
175 132
132 41
41 147
147 189
189 173
173 124
124 176
176 23
23 51
51 21
21 68
68 63
63 114
114 134
134 188
188 129
129 49
49 174
174 7
7 162
162 94
94 108
108 24
24 113
113 180
180 29
29 44
44 38
38 4
4 14
14 159
159 58
58 112
112 101
101 135
135 8
8 172
172 125
125 146
146 17
17 77
77 191
191 91
91 87
87 137
137 161
161 30
30 142
142 56
56 89
89 119
119 10
10 5
5 62
62 158
158 16
16 66
66 118
118 73
73 130
130 104
104 15
15 144
144 165
165 1
1 65
65 59
59 31
31 2
2 111
111 9
9 36
36 3
3 122
122 123
123 140
140 151
151 26
26 186
186 11
11 133
133 99
99 117
117 64
64 121
121 72
72 76
76 69
69 103
103 60
60 183
183 96
96 27
27 120
120 33
33 177
177 80
80 78
78 160
160 127
127 75
75 81
81 171
171 128
128 54
54 12
12 110
110 149
149 70
70 95
95 164
164 154
154 79
79 102
102 82
82 92
92 55
55 18
18 150
150 85
85 42
42 105
105 28
28 190
190 131
131 25
25 182
182 67
67 48
48 71
71 88
88 138
138 37
37 109
109 139
139 90
90 52
52 46
46 107
107 86
86 19
19 166
166 83
83 145
145 184
184 178
178 156
156 100
100 169
169 39
39 179
179 136
136 50
50 61
61 187
187 0
0 34
34 13
13 168
168 155
155 115
115 32
32 106
106 40
40 6
6 141