193
192
0,
1,
2,
3,
4,
5,
6,
7,
8,
9,
10,
11,
12,
13,
14,
15,
16,
17,
18,
19,
20,
21,
22,
23,
24,
25,
26,
27,
28,
29,
30,
31,
32,
33,
34,
35,
36,
37,
38,
39,
40,
41,
42,
43,
44,
45,
46,
47,
48,
49,
50,
51,
52,
53,
54,
55,
56,
57,
58,
59,
60,
61,
62,
63,
64,
65,
66,
67,
68,
69,
70,
71,
72,
73,
74,
75,
76,
77,
78,
79,
80,
81,
82,
83,
84,
85,
86,
87,
88,
89,
90,
91,
92,
93,
94,
95,
96,
97,
98,
99,
100,
101,
102,
103,
104,
105,
106,
107,
108,
109,
110,
111,
112,
113,
114,
115,
116,
117,
118,
119,
120,
121,
122,
123,
124,
125,
126,
127,
128,
129,
130,
131,
132,
133,
134,
135,
136,
137,
138,
139,
140,
141,
142,
143,
144,
145,
146,
147,
148,
149,
150,
151,
152,
153,
154,
155,
156,
157,
158,
159,
160,
161,
162,
163,
164,
165,
166,
167,
168,
169,
170,
171,
172,
173,
174,
175,
176,
177,
178,
179,
180,
181,
182,
183,
184,
185,
186,
187,
188,
189,
190,
191,
192
18 69
69 125
125 57
57 108
108 34
34 164
164 93
93 3
3 10
10 110
110 143
143 46
46 176
176 189
189 139
139 146
146 52
52 116
116 50
50 180
180 28
28 160
160 64
64 40
40 174
174 78
78 19
19 44
44 53
53 112
112 22
22 97
97 43
43 74
74 147
147 103
103 80
80 8
8 126
126 159
159 9
9 60
60 36
36 88
88 98
98 140
140 77
77 91
91 131
131 37
37 68
68 99
99 133
133 89
89 154
154 117
117 178
178 135
135 33
33 76
76 2
2 56
56 6
6 158
158 184
184 134
134 30
30 111
111 149
149 167
167 1
1 113
113 72
72 172
172 26
26 123
123 175
175 14
14 148
148 161
161 190
190 106
106 67
67 0
0 100
100 73
73 32
32 75
75 191
191 23
23 27
27 4
4 171
171 129
129 136
136 61
61 114
114 179
179 96
96 70
70 90
90 170
170 81
81 118
118 7
7 169
169 86
86 157
157 20
20 101
101 162
162 153
153 12
12 163
163 24
24 16
16 29
29 94
94 85
85 132
132 142
142 120
120 58
58 107
107 150
150 38
38 92
92 48
48 127
127 63
63 188
188 192
192 39
39 130
130 173
173 42
42 55
55 5
5 54
54 21
21 109
109 87
87 177
177 47
47 155
155 182
182 185
185 151
151 119
119 84
84 105
105 51
51 83
83 137
137 186
186 25
25 79
79 152
152 156
156 144
144 62
62 165
165 13
13 141
141 15
15 128
128 11
11 65
65 166
166 82
82 95
95 59
59 124
124 31
31 45
45 181
181 187
187 168
168 145
145 183
183 17
17 41
41 49
49 71
71 122
122 102
102 104
104 35
35 115
115 121
121 66
66 138