194
193
0,
1,
2,
3,
4,
5,
6,
7,
8,
9,
10,
11,
12,
13,
14,
15,
16,
17,
18,
19,
20,
21,
22,
23,
24,
25,
26,
27,
28,
29,
30,
31,
32,
33,
34,
35,
36,
37,
38,
39,
40,
41,
42,
43,
44,
45,
46,
47,
48,
49,
50,
51,
52,
53,
54,
55,
56,
57,
58,
59,
60,
61,
62,
63,
64,
65,
66,
67,
68,
69,
70,
71,
72,
73,
74,
75,
76,
77,
78,
79,
80,
81,
82,
83,
84,
85,
86,
87,
88,
89,
90,
91,
92,
93,
94,
95,
96,
97,
98,
99,
100,
101,
102,
103,
104,
105,
106,
107,
108,
109,
110,
111,
112,
113,
114,
115,
116,
117,
118,
119,
120,
121,
122,
123,
124,
125,
126,
127,
128,
129,
130,
131,
132,
133,
134,
135,
136,
137,
138,
139,
140,
141,
142,
143,
144,
145,
146,
147,
148,
149,
150,
151,
152,
153,
154,
155,
156,
157,
158,
159,
160,
161,
162,
163,
164,
165,
166,
167,
168,
169,
170,
171,
172,
173,
174,
175,
176,
177,
178,
179,
180,
181,
182,
183,
184,
185,
186,
187,
188,
189,
190,
191,
192,
193
125 27
27 66
66 0
0 4
4 35
35 112
112 107
107 124
124 115
115 184
184 75
75 86
86 131
131 140
140 64
64 110
110 132
132 181
181 133
133 20
20 153
153 16
16 182
182 95
95 175
175 105
105 144
144 130
130 147
147 26
26 83
83 190
190 65
65 120
120 97
97 109
109 170
170 174
174 117
117 90
90 72
72 188
188 32
32 178
178 161
161 150
150 81
81 186
186 176
176 192
192 154
154 134
134 164
164 15
15 40
40 104
104 93
93 123
123 25
25 99
99 165
165 63
63 169
169 24
24 148
148 100
100 167
167 55
55 145
145 118
118 162
162 101
101 119
119 94
94 54
54 128
128 43
43 141
141 183
183 68
68 5
5 51
51 116
116 59
59 106
106 2
2 160
160 6
6 136
136 127
127 111
111 53
53 29
29 50
50 76
76 48
48 149
149 56
56 102
102 122
122 157
157 179
179 61
61 180
180 78
78 18
18 19
19 45
45 87
87 189
189 135
135 10
10 173
173 89
89 177
177 121
121 57
57 92
92 38
38 139
139 163
163 113
113 155
155 39
39 88
88 193
193 185
185 7
7 28
28 156
156 44
44 129
129 73
73 77
77 108
108 23
23 8
8 158
158 14
14 41
41 79
79 11
11 13
13 80
80 85
85 47
47 74
74 187
187 67
67 21
21 34
34 46
46 70
70 172
172 3
3 12
12 62
62 191
191 146
146 143
143 168
168 31
31 166
166 36
36 37
37 22
22 30
30 69
69 171
171 82
82 84
84 126
126 138
138 42
42 142
142 98
98 9
9 159
159 1
1 17
17 151
151 103
103 33
33 60
60 52
52 91
91 96
96 71
71 137
137 114
114 152
152 58
58 49