195
194
0,
1,
2,
3,
4,
5,
6,
7,
8,
9,
10,
11,
12,
13,
14,
15,
16,
17,
18,
19,
20,
21,
22,
23,
24,
25,
26,
27,
28,
29,
30,
31,
32,
33,
34,
35,
36,
37,
38,
39,
40,
41,
42,
43,
44,
45,
46,
47,
48,
49,
50,
51,
52,
53,
54,
55,
56,
57,
58,
59,
60,
61,
62,
63,
64,
65,
66,
67,
68,
69,
70,
71,
72,
73,
74,
75,
76,
77,
78,
79,
80,
81,
82,
83,
84,
85,
86,
87,
88,
89,
90,
91,
92,
93,
94,
95,
96,
97,
98,
99,
100,
101,
102,
103,
104,
105,
106,
107,
108,
109,
110,
111,
112,
113,
114,
115,
116,
117,
118,
119,
120,
121,
122,
123,
124,
125,
126,
127,
128,
129,
130,
131,
132,
133,
134,
135,
136,
137,
138,
139,
140,
141,
142,
143,
144,
145,
146,
147,
148,
149,
150,
151,
152,
153,
154,
155,
156,
157,
158,
159,
160,
161,
162,
163,
164,
165,
166,
167,
168,
169,
170,
171,
172,
173,
174,
175,
176,
177,
178,
179,
180,
181,
182,
183,
184,
185,
186,
187,
188,
189,
190,
191,
192,
193,
194
159 128
128 85
85 150
150 10
10 86
86 129
129 63
63 96
96 179
179 162
162 158
158 61
61 29
29 108
108 131
131 64
64 109
109 25
25 15
15 192
192 151
151 122
122 175
175 182
182 176
176 24
24 172
172 59
59 116
116 4
4 154
154 17
17 28
28 54
54 152
152 14
14 98
98 138
138 38
38 89
89 52
52 149
149 44
44 23
23 9
9 35
35 124
124 112
112 78
78 103
103 32
32 88
88 50
50 6
6 41
41 65
65 148
148 165
165 156
156 94
94 101
101 146
146 56
56 153
153 57
57 115
115 40
40 48
48 160
160 83
83 105
105 155
155 84
84 81
81 5
5 170
170 174
174 2
2 193
193 8
8 99
99 33
33 102
102 7
7 80
80 133
133 126
126 173
173 91
91 171
171 97
97 110
110 134
134 107
107 100
100 130
130 21
21 194
194 125
125 37
37 60
60 183
183 79
79 13
13 157
157 141
141 168
168 93
93 18
18 169
169 127
127 0
0 189
189 142
142 120
120 77
77 16
16 188
188 186
186 113
113 71
71 22
22 39
39 139
139 30
30 72
72 31
31 132
132 167
167 74
74 95
95 180
180 92
92 42
42 19
19 1
1 68
68 3
3 111
111 121
121 178
178 43
43 67
67 45
45 144
144 27
27 137
137 190
190 51
51 104
104 114
114 70
70 36
36 136
136 75
75 119
119 164
164 143
143 53
53 87
87 106
106 69
69 187
187 47
47 166
166 82
82 181
181 20
20 135
135 62
62 145
145 66
66 12
12 90
90 76
76 177
177 34
34 49
49 46
46 191
191 140
140 185
185 123
123 117
117 147
147 11
11 26
26 184
184 118
118 163
163 161
161 73
73 58
58 55