196
195
0,
1,
2,
3,
4,
5,
6,
7,
8,
9,
10,
11,
12,
13,
14,
15,
16,
17,
18,
19,
20,
21,
22,
23,
24,
25,
26,
27,
28,
29,
30,
31,
32,
33,
34,
35,
36,
37,
38,
39,
40,
41,
42,
43,
44,
45,
46,
47,
48,
49,
50,
51,
52,
53,
54,
55,
56,
57,
58,
59,
60,
61,
62,
63,
64,
65,
66,
67,
68,
69,
70,
71,
72,
73,
74,
75,
76,
77,
78,
79,
80,
81,
82,
83,
84,
85,
86,
87,
88,
89,
90,
91,
92,
93,
94,
95,
96,
97,
98,
99,
100,
101,
102,
103,
104,
105,
106,
107,
108,
109,
110,
111,
112,
113,
114,
115,
116,
117,
118,
119,
120,
121,
122,
123,
124,
125,
126,
127,
128,
129,
130,
131,
132,
133,
134,
135,
136,
137,
138,
139,
140,
141,
142,
143,
144,
145,
146,
147,
148,
149,
150,
151,
152,
153,
154,
155,
156,
157,
158,
159,
160,
161,
162,
163,
164,
165,
166,
167,
168,
169,
170,
171,
172,
173,
174,
175,
176,
177,
178,
179,
180,
181,
182,
183,
184,
185,
186,
187,
188,
189,
190,
191,
192,
193,
194,
195
133 52
52 59
59 172
172 191
191 195
195 112
112 89
89 51
51 73
73 93
93 134
134 193
193 72
72 117
117 2
2 119
119 20
20 49
49 144
144 170
170 152
152 79
79 68
68 26
26 50
50 173
173 118
118 48
48 61
61 18
18 1
1 149
149 160
160 45
45 140
140 151
151 80
80 113
113 129
129 169
169 69
69 94
94 62
62 96
96 138
138 103
103 64
64 175
175 141
141 183
183 154
154 143
143 35
35 95
95 98
98 42
42 11
11 178
178 31
31 63
63 135
135 107
107 66
66 185
185 86
86 131
131 174
174 7
7 102
102 36
36 10
10 187
187 128
128 14
14 190
190 83
83 67
67 24
24 37
37 43
43 153
153 127
127 56
56 130
130 163
163 91
91 21
21 92
92 167
167 161
161 34
34 76
76 27
27 90
90 179
179 105
105 33
33 55
55 189
189 38
38 157
157 165
165 3
3 0
0 71
71 75
75 142
142 44
44 159
159 100
100 181
181 164
164 84
84 155
155 4
4 106
106 114
114 104
104 74
74 30
30 126
126 40
40 125
125 53
53 77
77 23
23 6
6 32
32 70
70 81
81 82
82 132
132 19
19 171
171 184
184 22
22 124
124 150
150 97
97 136
136 188
188 115
115 8
8 192
192 87
87 16
16 39
39 148
148 88
88 12
12 46
46 54
54 108
108 41
41 177
177 85
85 194
194 28
28 139
139 109
109 47
47 58
58 146
146 176
176 122
122 101
101 168
168 15
15 60
60 13
13 145
145 5
5 116
116 156
156 120
120 180
180 29
29 137
137 25
25 121
121 166
166 158
158 65
65 182
182 162
162 57
57 147
147 78
78 186
186 9
9 17
17 123
123 110
110 99
99 111