197
196
0,
1,
2,
3,
4,
5,
6,
7,
8,
9,
10,
11,
12,
13,
14,
15,
16,
17,
18,
19,
20,
21,
22,
23,
24,
25,
26,
27,
28,
29,
30,
31,
32,
33,
34,
35,
36,
37,
38,
39,
40,
41,
42,
43,
44,
45,
46,
47,
48,
49,
50,
51,
52,
53,
54,
55,
56,
57,
58,
59,
60,
61,
62,
63,
64,
65,
66,
67,
68,
69,
70,
71,
72,
73,
74,
75,
76,
77,
78,
79,
80,
81,
82,
83,
84,
85,
86,
87,
88,
89,
90,
91,
92,
93,
94,
95,
96,
97,
98,
99,
100,
101,
102,
103,
104,
105,
106,
107,
108,
109,
110,
111,
112,
113,
114,
115,
116,
117,
118,
119,
120,
121,
122,
123,
124,
125,
126,
127,
128,
129,
130,
131,
132,
133,
134,
135,
136,
137,
138,
139,
140,
141,
142,
143,
144,
145,
146,
147,
148,
149,
150,
151,
152,
153,
154,
155,
156,
157,
158,
159,
160,
161,
162,
163,
164,
165,
166,
167,
168,
169,
170,
171,
172,
173,
174,
175,
176,
177,
178,
179,
180,
181,
182,
183,
184,
185,
186,
187,
188,
189,
190,
191,
192,
193,
194,
195,
196
67 174
174 64
64 3
3 170
170 175
175 28
28 181
181 0
0 103
103 163
163 150
150 162
162 173
173 182
182 124
124 176
176 99
99 44
44 169
169 71
71 116
116 113
113 130
130 122
122 11
11 6
6 34
34 129
129 102
102 160
160 109
109 5
5 36
36 157
157 158
158 161
161 137
137 168
168 115
115 7
7 29
29 2
2 49
49 155
155 91
91 82
82 167
167 164
164 143
143 48
48 149
149 35
35 68
68 107
107 84
84 106
106 21
21 100
100 140
140 69
69 78
78 119
119 128
128 25
25 19
19 63
63 27
27 178
178 37
37 172
172 147
147 22
22 70
70 89
89 18
18 31
31 192
192 51
51 55
55 104
104 57
57 196
196 131
131 141
141 43
43 105
105 153
153 77
77 148
148 144
144 60
60 72
72 12
12 110
110 142
142 146
146 24
24 184
184 33
33 152
152 87
87 114
114 62
62 156
156 23
23 186
186 154
154 183
183 151
151 127
127 65
65 111
111 38
38 88
88 94
94 195
195 180
180 120
120 85
85 179
179 165
165 56
56 10
10 126
126 193
193 16
16 79
79 52
52 45
45 177
177 30
30 93
93 61
61 98
98 188
188 76
76 90
90 134
134 74
74 4
4 17
17 97
97 80
80 145
145 101
101 47
47 185
185 138
138 95
95 26
26 1
1 46
46 92
92 189
189 121
121 66
66 123
123 125
125 96
96 39
39 133
133 136
136 132
132 8
8 58
58 135
135 139
139 108
108 187
187 40
40 54
54 59
59 32
32 190
190 14
14 171
171 81
81 41
41 159
159 53
53 112
112 83
83 75
75 117
117 15
15 118
118 9
9 191
191 194
194 73
73 13
13 166
166 42
42 20
20 86
86 50