198
197
0,
1,
2,
3,
4,
5,
6,
7,
8,
9,
10,
11,
12,
13,
14,
15,
16,
17,
18,
19,
20,
21,
22,
23,
24,
25,
26,
27,
28,
29,
30,
31,
32,
33,
34,
35,
36,
37,
38,
39,
40,
41,
42,
43,
44,
45,
46,
47,
48,
49,
50,
51,
52,
53,
54,
55,
56,
57,
58,
59,
60,
61,
62,
63,
64,
65,
66,
67,
68,
69,
70,
71,
72,
73,
74,
75,
76,
77,
78,
79,
80,
81,
82,
83,
84,
85,
86,
87,
88,
89,
90,
91,
92,
93,
94,
95,
96,
97,
98,
99,
100,
101,
102,
103,
104,
105,
106,
107,
108,
109,
110,
111,
112,
113,
114,
115,
116,
117,
118,
119,
120,
121,
122,
123,
124,
125,
126,
127,
128,
129,
130,
131,
132,
133,
134,
135,
136,
137,
138,
139,
140,
141,
142,
143,
144,
145,
146,
147,
148,
149,
150,
151,
152,
153,
154,
155,
156,
157,
158,
159,
160,
161,
162,
163,
164,
165,
166,
167,
168,
169,
170,
171,
172,
173,
174,
175,
176,
177,
178,
179,
180,
181,
182,
183,
184,
185,
186,
187,
188,
189,
190,
191,
192,
193,
194,
195,
196,
197
60 108
108 120
120 140
140 58
58 139
139 30
30 83
83 181
181 0
0 186
186 17
17 164
164 124
124 88
88 137
137 56
56 59
59 86
86 46
46 27
27 161
161 4
4 158
158 8
8 167
167 149
149 125
125 55
55 173
173 38
38 118
118 72
72 169
169 166
166 179
179 146
146 93
93 177
177 78
78 23
23 192
192 3
3 162
162 98
98 150
150 87
87 32
32 22
22 129
129 74
74 178
178 174
174 92
92 110
110 24
24 133
133 172
172 12
12 189
189 94
94 1
1 91
91 157
157 80
80 119
119 84
84 69
69 66
66 40
40 160
160 51
51 135
135 48
48 31
31 163
163 97
97 171
171 6
6 37
37 47
47 109
109 65
65 70
70 117
117 18
18 25
25 180
180 187
187 153
153 9
9 63
63 116
116 105
105 103
103 193
193 196
196 16
16 39
39 127
127 113
113 102
102 104
104 77
77 67
67 95
95 155
155 89
89 132
132 142
142 85
85 5
5 42
42 15
15 36
36 100
100 44
44 45
45 29
29 145
145 194
194 52
52 21
21 81
81 128
128 43
43 144
144 126
126 114
114 82
82 28
28 13
13 101
101 190
190 175
175 152
152 76
76 122
122 112
112 134
134 19
19 20
20 188
188 159
159 2
2 185
185 130
130 191
191 165
165 64
64 71
71 106
106 35
35 143
143 62
62 61
61 33
33 11
11 184
184 10
10 79
79 73
73 26
26 14
14 183
183 141
141 96
96 111
111 197
197 99
99 107
107 151
151 115
115 148
148 53
53 154
154 176
176 136
136 170
170 168
168 156
156 49
49 68
68 90
90 75
75 131
131 138
138 7
7 57
57 195
195 121
121 182
182 50
50 147
147 41
41 123
123 54
54 34