199
198
0,
1,
2,
3,
4,
5,
6,
7,
8,
9,
10,
11,
12,
13,
14,
15,
16,
17,
18,
19,
20,
21,
22,
23,
24,
25,
26,
27,
28,
29,
30,
31,
32,
33,
34,
35,
36,
37,
38,
39,
40,
41,
42,
43,
44,
45,
46,
47,
48,
49,
50,
51,
52,
53,
54,
55,
56,
57,
58,
59,
60,
61,
62,
63,
64,
65,
66,
67,
68,
69,
70,
71,
72,
73,
74,
75,
76,
77,
78,
79,
80,
81,
82,
83,
84,
85,
86,
87,
88,
89,
90,
91,
92,
93,
94,
95,
96,
97,
98,
99,
100,
101,
102,
103,
104,
105,
106,
107,
108,
109,
110,
111,
112,
113,
114,
115,
116,
117,
118,
119,
120,
121,
122,
123,
124,
125,
126,
127,
128,
129,
130,
131,
132,
133,
134,
135,
136,
137,
138,
139,
140,
141,
142,
143,
144,
145,
146,
147,
148,
149,
150,
151,
152,
153,
154,
155,
156,
157,
158,
159,
160,
161,
162,
163,
164,
165,
166,
167,
168,
169,
170,
171,
172,
173,
174,
175,
176,
177,
178,
179,
180,
181,
182,
183,
184,
185,
186,
187,
188,
189,
190,
191,
192,
193,
194,
195,
196,
197,
198
92 51
51 65
65 145
145 89
89 90
90 11
11 24
24 182
182 15
15 156
156 72
72 29
29 31
31 62
62 10
10 46
46 107
107 152
152 139
139 3
3 193
193 191
191 124
124 134
134 129
129 82
82 155
155 45
45 171
171 83
83 86
86 195
195 133
133 180
180 103
103 71
71 20
20 120
120 142
142 183
183 128
128 192
192 185
185 118
118 9
9 38
38 59
59 111
111 84
84 69
69 178
178 34
34 170
170 172
172 70
70 114
114 55
55 30
30 149
149 109
109 76
76 164
164 19
19 80
80 125
125 116
116 190
190 91
91 54
54 44
44 28
28 75
75 57
57 141
141 33
33 88
88 78
78 119
119 168
168 135
135 101
101 121
121 127
127 47
47 2
2 93
93 0
0 96
96 166
166 117
117 63
63 194
194 60
60 77
77 35
35 39
39 187
187 160
160 43
43 16
16 138
138 132
132 136
136 67
67 99
99 27
27 52
52 74
74 32
32 95
95 64
64 73
73 98
98 106
106 40
40 123
123 115
115 157
157 137
137 110
110 41
41 196
196 8
8 197
197 169
169 26
26 179
179 177
177 151
151 23
23 154
154 6
6 140
140 161
161 165
165 37
37 198
198 66
66 4
4 158
158 81
81 105
105 7
7 85
85 61
61 175
175 184
184 150
150 56
56 173
173 163
163 58
58 181
181 102
102 153
153 25
25 14
14 48
48 97
97 12
12 112
112 42
42 87
87 113
113 5
5 108
108 130
130 22
22 17
17 122
122 186
186 146
146 18
18 49
49 100
100 21
21 176
176 167
167 148
148 188
188 94
94 143
143 174
174 79
79 50
50 36
36 189
189 126
126 53
53 147
147 1
1 131
131 104
104 68
68 162
162 159
159 13
13 144