54
53
0,
1,
2,
3,
4,
5,
6,
7,
8,
9,
10,
11,
12,
13,
14,
15,
16,
17,
18,
19,
20,
21,
22,
23,
24,
25,
26,
27,
28,
29,
30,
31,
32,
33,
34,
35,
36,
37,
38,
39,
40,
41,
42,
43,
44,
45,
46,
47,
48,
49,
50,
51,
52,
53
8 32
32 25
25 31
31 46
46 10
10 30
30 23
23 9
9 29
29 7
7 33
33 11
11 42
42 35
35 51
51 27
27 21
21 50
50 41
41 12
12 52
52 20
20 3
3 26
26 4
4 45
45 40
40 47
47 49
49 24
24 2
2 39
39 53
53 14
14 15
15 37
37 17
17 19
19 18
18 38
38 44
44 34
34 16
16 13
13 36
36 28
28 22
22 48
48 6
6 0
0 5
5 1
1 43