55
54
0,
1,
2,
3,
4,
5,
6,
7,
8,
9,
10,
11,
12,
13,
14,
15,
16,
17,
18,
19,
20,
21,
22,
23,
24,
25,
26,
27,
28,
29,
30,
31,
32,
33,
34,
35,
36,
37,
38,
39,
40,
41,
42,
43,
44,
45,
46,
47,
48,
49,
50,
51,
52,
53,
54
46 11
11 8
8 37
37 14
14 34
34 19
19 48
48 18
18 15
15 45
45 23
23 20
20 40
40 43
43 28
28 47
47 49
49 17
17 13
13 27
27 5
5 22
22 0
0 39
39 9
9 51
51 2
2 38
38 44
44 52
52 29
29 50
50 53
53 21
21 54
54 35
35 4
4 36
36 12
12 6
6 31
31 24
24 3
3 30
30 16
16 25
25 42
42 32
32 7
7 33
33 10
10 26
26 1
1 41
