56
55
0,
1,
2,
3,
4,
5,
6,
7,
8,
9,
10,
11,
12,
13,
14,
15,
16,
17,
18,
19,
20,
21,
22,
23,
24,
25,
26,
27,
28,
29,
30,
31,
32,
33,
34,
35,
36,
37,
38,
39,
40,
41,
42,
43,
44,
45,
46,
47,
48,
49,
50,
51,
52,
53,
54,
55
39 11
11 2
2 5
5 36
36 28
28 12
12 6
6 53
53 14
14 47
47 31
31 43
43 40
40 44
44 15
15 33
33 51
51 4
4 19
19 18
18 24
24 50
50 42
42 37
37 23
23 22
22 0
0 10
10 46
46 55
55 27
27 38
38 1
1 25
25 52
52 41
41 13
13 48
48 7
7 8
8 16
16 32
32 26
26 20
20 3
3 17
17 29
29 54
54 34
34 21
21 35
35 9
9 49
49 45
45 30