57
56
0,
1,
2,
3,
4,
5,
6,
7,
8,
9,
10,
11,
12,
13,
14,
15,
16,
17,
18,
19,
20,
21,
22,
23,
24,
25,
26,
27,
28,
29,
30,
31,
32,
33,
34,
35,
36,
37,
38,
39,
40,
41,
42,
43,
44,
45,
46,
47,
48,
49,
50,
51,
52,
53,
54,
55,
56
53 42
42 23
23 6
6 11
11 44
44 39
39 52
52 41
41 33
33 2
2 5
5 14
14 38
38 18
18 8
8 54
54 1
1 40
40 22
22 31
31 26
26 28
28 56
56 34
34 50
50 45
45 15
15 16
16 3
3 24
24 55
55 30
30 49
49 17
17 20
20 4
4 47
47 21
21 10
10 12
12 32
32 29
29 36
36 51
51 0
0 9
9 25
25 13
13 46
46 37
37 19
19 35
35 7
7 43
43 27
27 48