58
57
0,
1,
2,
3,
4,
5,
6,
7,
8,
9,
10,
11,
12,
13,
14,
15,
16,
17,
18,
19,
20,
21,
22,
23,
24,
25,
26,
27,
28,
29,
30,
31,
32,
33,
34,
35,
36,
37,
38,
39,
40,
41,
42,
43,
44,
45,
46,
47,
48,
49,
50,
51,
52,
53,
54,
55,
56,
57
27 24
24 10
10 30
30 12
12 57
57 22
22 41
41 33
33 44
44 1
1 9
9 11
11 15
15 56
56 32
32 14
14 49
49 16
16 23
23 4
4 43
43 25
25 54
54 52
52 50
50 46
46 47
47 17
17 18
18 53
53 55
55 6
6 37
37 26
26 19
19 8
8 0
0 45
45 51
51 28
28 20
20 40
40 7
7 21
21 35
35 42
42 36
36 38
38 29
29 48
48 34
34 39
39 2
2 13
13 5
5 3
3 31