59
58
0,
1,
2,
3,
4,
5,
6,
7,
8,
9,
10,
11,
12,
13,
14,
15,
16,
17,
18,
19,
20,
21,
22,
23,
24,
25,
26,
27,
28,
29,
30,
31,
32,
33,
34,
35,
36,
37,
38,
39,
40,
41,
42,
43,
44,
45,
46,
47,
48,
49,
50,
51,
52,
53,
54,
55,
56,
57,
58
15 51
51 5
5 56
56 26
26 37
37 28
28 32
32 13
13 4
4 53
53 29
29 0
0 23
23 27
27 40
40 50
50 7
7 12
12 36
36 57
57 18
18 38
38 46
46 17
17 19
19 16
16 54
54 55
55 30
30 25
25 35
35 39
39 8
8 24
24 45
45 9
9 2
2 58
58 14
14 34
34 42
42 43
43 31
31 6
6 41
41 48
48 49
49 22
22 1
1 20
20 47
47 10
10 21
21 11
11 44
44 33
33 52
52 3