60
59
0,
1,
2,
3,
4,
5,
6,
7,
8,
9,
10,
11,
12,
13,
14,
15,
16,
17,
18,
19,
20,
21,
22,
23,
24,
25,
26,
27,
28,
29,
30,
31,
32,
33,
34,
35,
36,
37,
38,
39,
40,
41,
42,
43,
44,
45,
46,
47,
48,
49,
50,
51,
52,
53,
54,
55,
56,
57,
58,
59
8 57
57 48
48 53
53 19
19 30
30 40
40 13
13 44
44 47
47 41
41 42
42 3
3 12
12 6
6 54
54 50
50 37
37 20
20 17
17 34
34 15
15 22
22 32
32 49
49 39
39 35
35 43
43 4
4 51
51 21
21 31
31 56
56 55
55 29
29 5
5 23
23 9
9 36
36 16
16 38
38 7
7 10
10 18
18 2
2 27
27 33
33 11
11 46
46 52
52 26
26 25
25 24
24 28
28 58
58 45
45 1
1 14
14 0
0 59