61
60
0,
1,
2,
3,
4,
5,
6,
7,
8,
9,
10,
11,
12,
13,
14,
15,
16,
17,
18,
19,
20,
21,
22,
23,
24,
25,
26,
27,
28,
29,
30,
31,
32,
33,
34,
35,
36,
37,
38,
39,
40,
41,
42,
43,
44,
45,
46,
47,
48,
49,
50,
51,
52,
53,
54,
55,
56,
57,
58,
59,
60
34 19
19 11
11 39
39 22
22 31
31 4
4 5
5 9
9 1
1 50
50 21
21 45
45 41
41 57
57 7
7 3
3 12
12 60
60 43
43 38
38 36
36 54
54 33
33 29
29 14
14 51
51 55
55 32
32 10
10 20
20 13
13 49
49 37
37 59
59 48
48 18
18 56
56 17
17 25
25 27
27 0
0 53
53 23
23 15
15 42
42 26
26 24
24 6
6 52
52 8
8 2
2 35
35 16
16 40
40 44
44 30
30 47
47 28
28 58
58 46