62
61
0,
1,
2,
3,
4,
5,
6,
7,
8,
9,
10,
11,
12,
13,
14,
15,
16,
17,
18,
19,
20,
21,
22,
23,
24,
25,
26,
27,
28,
29,
30,
31,
32,
33,
34,
35,
36,
37,
38,
39,
40,
41,
42,
43,
44,
45,
46,
47,
48,
49,
50,
51,
52,
53,
54,
55,
56,
57,
58,
59,
60,
61
41 11
11 46
46 18
18 30
30 34
34 21
21 39
39 0
0 22
22 43
43 37
37 12
12 40
40 1
1 14
14 24
24 7
7 32
32 45
45 36
36 10
10 5
5 59
59 31
31 8
8 9
9 38
38 16
16 50
50 2
2 17
17 28
28 47
47 54
54 26
26 61
61 25
25 42
42 33
33 29
29 60
60 13
13 44
44 6
6 3
3 52
52 55
55 51
51 57
57 48
48 15
15 56
56 27
27 49
49 53
53 23
23 35
35 20
20 19
19 4
4 58