63
62
0,
1,
2,
3,
4,
5,
6,
7,
8,
9,
10,
11,
12,
13,
14,
15,
16,
17,
18,
19,
20,
21,
22,
23,
24,
25,
26,
27,
28,
29,
30,
31,
32,
33,
34,
35,
36,
37,
38,
39,
40,
41,
42,
43,
44,
45,
46,
47,
48,
49,
50,
51,
52,
53,
54,
55,
56,
57,
58,
59,
60,
61,
62
39 40
40 52
52 15
15 1
1 36
36 5
5 20
20 7
7 55
55 51
51 57
57 22
22 56
56 14
14 8
8 16
16 29
29 18
18 9
9 60
60 3
3 12
12 47
47 6
6 25
25 27
27 37
37 54
54 0
0 41
41 38
38 33
33 21
21 44
44 32
32 43
43 19
19 45
45 28
28 11
11 49
49 23
23 24
24 48
48 17
17 50
50 10
10 31
31 62
62 26
26 46
46 30
30 4
4 34
34 13
13 2
2 59
59 61
61 42
42 58
58 53
53 35