64
63
0,
1,
2,
3,
4,
5,
6,
7,
8,
9,
10,
11,
12,
13,
14,
15,
16,
17,
18,
19,
20,
21,
22,
23,
24,
25,
26,
27,
28,
29,
30,
31,
32,
33,
34,
35,
36,
37,
38,
39,
40,
41,
42,
43,
44,
45,
46,
47,
48,
49,
50,
51,
52,
53,
54,
55,
56,
57,
58,
59,
60,
61,
62,
63
24 11
11 62
62 1
1 20
20 59
59 58
58 12
12 14
14 55
55 56
56 57
57 9
9 17
17 34
34 43
43 32
32 45
45 35
35 30
30 27
27 22
22 37
37 31
31 38
38 33
33 54
54 23
23 4
4 48
48 47
47 60
60 36
36 50
50 10
10 19
19 61
61 5
5 3
3 63
63 8
8 53
53 16
16 49
49 39
39 28
28 0
0 40
40 44
44 21
21 13
13 41
41 26
26 29
29 42
42 2
2 7
7 51
51 15
15 46
46 52
52 18
18 6
6 25