65
64
0,
1,
2,
3,
4,
5,
6,
7,
8,
9,
10,
11,
12,
13,
14,
15,
16,
17,
18,
19,
20,
21,
22,
23,
24,
25,
26,
27,
28,
29,
30,
31,
32,
33,
34,
35,
36,
37,
38,
39,
40,
41,
42,
43,
44,
45,
46,
47,
48,
49,
50,
51,
52,
53,
54,
55,
56,
57,
58,
59,
60,
61,
62,
63,
64
47 36
36 43
43 7
7 51
51 27
27 13
13 54
54 41
41 1
1 23
23 3
3 30
30 49
49 59
59 52
52 37
37 44
44 45
45 32
32 62
62 28
28 16
16 40
40 35
35 61
61 17
17 38
38 34
34 8
8 4
4 39
39 9
9 42
42 55
55 2
2 11
11 63
63 24
24 22
22 26
26 5
5 6
6 58
58 10
10 56
56 14
14 31
31 64
64 18
18 46
46 33
33 21
21 19
19 29
29 0
0 57
57 12
12 60
60 53
53 50
50 48
48 25
25 20
20 15