66
65
0,
1,
2,
3,
4,
5,
6,
7,
8,
9,
10,
11,
12,
13,
14,
15,
16,
17,
18,
19,
20,
21,
22,
23,
24,
25,
26,
27,
28,
29,
30,
31,
32,
33,
34,
35,
36,
37,
38,
39,
40,
41,
42,
43,
44,
45,
46,
47,
48,
49,
50,
51,
52,
53,
54,
55,
56,
57,
58,
59,
60,
61,
62,
63,
64,
65
10 52
52 56
56 26
26 64
64 47
47 18
18 48
48 2
2 38
38 37
37 50
50 14
14 25
25 7
7 5
5 65
65 23
23 40
40 20
20 16
16 13
13 34
34 45
45 8
8 49
49 29
29 59
59 1
1 43
43 12
12 55
55 0
0 30
30 22
22 63
63 17
17 54
54 35
35 33
33 27
27 19
19 46
46 3
3 41
41 11
11 60
60 58
58 15
15 21
21 57
57 28
28 31
31 36
36 39
39 24
24 42
42 9
9 61
61 62
62 44
44 51
51 53
53 6
6 32
32 4