67
66
0,
1,
2,
3,
4,
5,
6,
7,
8,
9,
10,
11,
12,
13,
14,
15,
16,
17,
18,
19,
20,
21,
22,
23,
24,
25,
26,
27,
28,
29,
30,
31,
32,
33,
34,
35,
36,
37,
38,
39,
40,
41,
42,
43,
44,
45,
46,
47,
48,
49,
50,
51,
52,
53,
54,
55,
56,
57,
58,
59,
60,
61,
62,
63,
64,
65,
66
49 29
29 59
59 51
51 55
55 52
52 24
24 5
5 65
65 16
16 21
21 53
53 9
9 6
6 62
62 58
58 19
19 28
28 27
27 45
45 36
36 40
40 7
7 63
63 23
23 3
3 11
11 46
46 32
32 1
1 56
56 42
42 8
8 17
17 26
26 10
10 38
38 39
39 34
34 43
43 20
20 18
18 61
61 48
48 35
35 47
47 50
50 44
44 33
33 0
0 14
14 57
57 41
41 31
31 30
30 54
54 12
12 22
22 15
15 25
25 66
66 13
13 2
2 60
60 4
4 64
64 37