68
67
0,
1,
2,
3,
4,
5,
6,
7,
8,
9,
10,
11,
12,
13,
14,
15,
16,
17,
18,
19,
20,
21,
22,
23,
24,
25,
26,
27,
28,
29,
30,
31,
32,
33,
34,
35,
36,
37,
38,
39,
40,
41,
42,
43,
44,
45,
46,
47,
48,
49,
50,
51,
52,
53,
54,
55,
56,
57,
58,
59,
60,
61,
62,
63,
64,
65,
66,
67
58 64
64 45
45 38
38 41
41 65
65 17
17 54
54 27
27 36
36 24
24 55
55 11
11 5
5 7
7 12
12 40
40 14
14 43
43 31
31 19
19 3
3 47
47 32
32 60
60 56
56 53
53 33
33 42
42 20
20 0
0 34
34 4
4 50
50 67
67 63
63 49
49 39
39 37
37 28
28 22
22 46
46 18
18 23
23 66
66 1
1 8
8 29
29 13
13 61
61 16
16 44
44 30
30 62
62 57
57 48
48 21
21 2
2 51
51 35
35 10
10 52
52 9
9 59
59 15
15 26
26 25
25 6