69
68
0,
1,
2,
3,
4,
5,
6,
7,
8,
9,
10,
11,
12,
13,
14,
15,
16,
17,
18,
19,
20,
21,
22,
23,
24,
25,
26,
27,
28,
29,
30,
31,
32,
33,
34,
35,
36,
37,
38,
39,
40,
41,
42,
43,
44,
45,
46,
47,
48,
49,
50,
51,
52,
53,
54,
55,
56,
57,
58,
59,
60,
61,
62,
63,
64,
65,
66,
67,
68
58 11
11 20
20 5
5 56
56 51
51 52
52 28
28 23
23 48
48 19
19 0
0 67
67 3
3 31
31 7
7 25
25 46
46 36
36 59
59 53
53 49
49 13
13 57
57 9
9 44
44 18
18 24
24 30
30 64
64 47
47 66
66 15
15 63
63 32
32 38
38 16
16 33
33 8
8 29
29 39
39 62
62 4
4 1
1 14
14 35
35 61
61 54
54 50
50 45
45 26
26 65
65 34
34 27
27 40
40 60
60 21
21 22
22 37
37 42
42 2
2 43
43 41
41 68
68 6
6 17
17 55
55 12
12 10