70
69
0,
1,
2,
3,
4,
5,
6,
7,
8,
9,
10,
11,
12,
13,
14,
15,
16,
17,
18,
19,
20,
21,
22,
23,
24,
25,
26,
27,
28,
29,
30,
31,
32,
33,
34,
35,
36,
37,
38,
39,
40,
41,
42,
43,
44,
45,
46,
47,
48,
49,
50,
51,
52,
53,
54,
55,
56,
57,
58,
59,
60,
61,
62,
63,
64,
65,
66,
67,
68,
69
13 4
4 65
65 38
38 62
62 50
50 10
10 56
56 35
35 51
51 58
58 24
24 53
53 25
25 29
29 27
27 21
21 47
47 14
14 2
2 42
42 9
9 5
5 33
33 30
30 52
52 16
16 17
17 41
41 48
48 34
34 46
46 39
39 8
8 63
63 12
12 23
23 44
44 15
15 57
57 64
64 69
69 3
3 59
59 60
60 19
19 31
31 66
66 40
40 6
6 20
20 37
37 36
36 1
1 55
55 28
28 43
43 67
67 7
7 22
22 68
68 61
61 18
18 45
45 11
11 26
26 0
0 54
54 32
32 49