71
70
0,
1,
2,
3,
4,
5,
6,
7,
8,
9,
10,
11,
12,
13,
14,
15,
16,
17,
18,
19,
20,
21,
22,
23,
24,
25,
26,
27,
28,
29,
30,
31,
32,
33,
34,
35,
36,
37,
38,
39,
40,
41,
42,
43,
44,
45,
46,
47,
48,
49,
50,
51,
52,
53,
54,
55,
56,
57,
58,
59,
60,
61,
62,
63,
64,
65,
66,
67,
68,
69,
70
68 27
27 61
61 56
56 23
23 48
48 29
29 12
12 50
50 0
0 10
10 46
46 20
20 15
15 57
57 5
5 38
38 11
11 55
55 47
47 9
9 36
36 45
45 28
28 37
37 35
35 4
4 53
53 42
42 54
54 8
8 66
66 32
32 33
33 39
39 69
69 3
3 44
44 17
17 43
43 58
58 14
14 21
21 40
40 24
24 30
30 41
41 16
16 60
60 26
26 7
7 64
64 19
19 2
2 18
18 34
34 49
49 62
62 51
51 13
13 70
70 59
59 6
6 52
52 67
67 63
63 65
65 1
1 25
25 22
22 31