72
71
0,
1,
2,
3,
4,
5,
6,
7,
8,
9,
10,
11,
12,
13,
14,
15,
16,
17,
18,
19,
20,
21,
22,
23,
24,
25,
26,
27,
28,
29,
30,
31,
32,
33,
34,
35,
36,
37,
38,
39,
40,
41,
42,
43,
44,
45,
46,
47,
48,
49,
50,
51,
52,
53,
54,
55,
56,
57,
58,
59,
60,
61,
62,
63,
64,
65,
66,
67,
68,
69,
70,
71
29 52
52 53
53 54
54 68
68 36
36 35
35 19
19 57
57 14
14 42
42 47
47 55
55 46
46 20
20 24
24 65
65 31
31 2
2 64
64 7
7 1
1 34
34 48
48 3
3 22
22 26
26 37
37 18
18 28
28 10
10 17
17 71
71 60
60 59
59 0
0 45
45 61
61 56
56 11
11 38
38 39
39 16
16 21
21 33
33 66
66 8
8 23
23 63
63 9
9 32
32 27
27 69
69 44
44 58
58 62
62 6
6 30
30 15
15 25
25 5
5 51
51 49
49 13
13 40
40 4
4 70
70 67
67 43
43 41
41 50
50 12