73
72
0,
1,
2,
3,
4,
5,
6,
7,
8,
9,
10,
11,
12,
13,
14,
15,
16,
17,
18,
19,
20,
21,
22,
23,
24,
25,
26,
27,
28,
29,
30,
31,
32,
33,
34,
35,
36,
37,
38,
39,
40,
41,
42,
43,
44,
45,
46,
47,
48,
49,
50,
51,
52,
53,
54,
55,
56,
57,
58,
59,
60,
61,
62,
63,
64,
65,
66,
67,
68,
69,
70,
71,
72
4 37
37 69
69 31
31 47
47 8
8 72
72 53
53 38
38 16
16 49
49 64
64 20
20 66
66 17
17 14
14 56
56 29
29 57
57 3
3 39
39 0
0 65
65 52
52 34
34 71
71 7
7 63
63 54
54 48
48 59
59 24
24 9
9 40
40 51
51 61
61 2
2 5
5 22
22 11
11 26
26 42
42 58
58 27
27 36
36 44
44 60
60 55
55 21
21 13
13 6
6 45
45 33
33 46
46 23
23 19
19 15
15 10
10 43
43 32
32 25
25 41
41 30
30 12
12 67
67 50
50 1
1 68
68 70
70 18
18 28
28 62
62 35