74
73
0,
1,
2,
3,
4,
5,
6,
7,
8,
9,
10,
11,
12,
13,
14,
15,
16,
17,
18,
19,
20,
21,
22,
23,
24,
25,
26,
27,
28,
29,
30,
31,
32,
33,
34,
35,
36,
37,
38,
39,
40,
41,
42,
43,
44,
45,
46,
47,
48,
49,
50,
51,
52,
53,
54,
55,
56,
57,
58,
59,
60,
61,
62,
63,
64,
65,
66,
67,
68,
69,
70,
71,
72,
73
10 18
18 67
67 53
53 49
49 36
36 48
48 61
61 23
23 29
29 39
39 15
15 17
17 42
42 19
19 68
68 16
16 38
38 21
21 12
12 52
52 9
9 8
8 55
55 50
50 73
73 4
4 35
35 0
0 62
62 59
59 31
31 60
60 34
34 44
44 72
72 30
30 40
40 6
6 57
57 63
63 46
46 47
47 66
66 71
71 25
25 14
14 69
69 22
22 65
65 2
2 13
13 28
28 11
11 7
7 64
64 41
41 1
1 5
5 56
56 33
33 51
51 32
32 3
3 26
26 37
37 54
54 24
24 27
27 43
43 70
70 45
45 20
20 58