75
74
0,
1,
2,
3,
4,
5,
6,
7,
8,
9,
10,
11,
12,
13,
14,
15,
16,
17,
18,
19,
20,
21,
22,
23,
24,
25,
26,
27,
28,
29,
30,
31,
32,
33,
34,
35,
36,
37,
38,
39,
40,
41,
42,
43,
44,
45,
46,
47,
48,
49,
50,
51,
52,
53,
54,
55,
56,
57,
58,
59,
60,
61,
62,
63,
64,
65,
66,
67,
68,
69,
70,
71,
72,
73,
74
3 73
73 22
22 0
0 4
4 9
9 11
11 33
33 63
63 43
43 38
38 18
18 37
37 16
16 58
58 12
12 74
74 72
72 47
47 51
51 34
34 49
49 41
41 64
64 26
26 36
36 1
1 13
13 44
44 29
29 32
32 10
10 55
55 57
57 40
40 30
30 71
71 7
7 15
15 25
25 19
19 23
23 61
61 60
60 54
54 66
66 2
2 17
17 67
67 46
46 65
65 24
24 20
20 28
28 70
70 14
14 6
6 21
21 59
59 50
50 52
52 42
42 62
62 68
68 8
8 39
39 45
45 69
69 31
31 27
27 5
5 35
35 48
48 56
56 53