76
75
0,
1,
2,
3,
4,
5,
6,
7,
8,
9,
10,
11,
12,
13,
14,
15,
16,
17,
18,
19,
20,
21,
22,
23,
24,
25,
26,
27,
28,
29,
30,
31,
32,
33,
34,
35,
36,
37,
38,
39,
40,
41,
42,
43,
44,
45,
46,
47,
48,
49,
50,
51,
52,
53,
54,
55,
56,
57,
58,
59,
60,
61,
62,
63,
64,
65,
66,
67,
68,
69,
70,
71,
72,
73,
74,
75
72 15
15 52
52 6
6 42
42 43
43 60
60 33
33 34
34 7
7 3
3 66
66 64
64 71
71 12
12 63
63 32
32 22
22 14
14 5
5 48
48 59
59 9
9 11
11 18
18 44
44 27
27 4
4 55
55 29
29 58
58 19
19 45
45 17
17 67
67 30
30 37
37 53
53 31
31 41
41 50
50 68
68 70
70 47
47 54
54 49
49 16
16 75
75 0
0 51
51 23
23 46
46 56
56 35
35 74
74 1
1 10
10 25
25 38
38 8
8 39
39 26
26 13
13 65
65 28
28 2
2 24
24 36
36 62
62 73
73 20
20 40
40 21
21 57
57 69
69 61