77
76
0,
1,
2,
3,
4,
5,
6,
7,
8,
9,
10,
11,
12,
13,
14,
15,
16,
17,
18,
19,
20,
21,
22,
23,
24,
25,
26,
27,
28,
29,
30,
31,
32,
33,
34,
35,
36,
37,
38,
39,
40,
41,
42,
43,
44,
45,
46,
47,
48,
49,
50,
51,
52,
53,
54,
55,
56,
57,
58,
59,
60,
61,
62,
63,
64,
65,
66,
67,
68,
69,
70,
71,
72,
73,
74,
75,
76
51 42
42 24
24 6
6 22
22 73
73 26
26 58
58 38
38 49
49 44
44 17
17 75
75 74
74 11
11 52
52 43
43 16
16 10
10 72
72 59
59 5
5 4
4 70
70 71
71 7
7 46
46 53
53 65
65 57
57 12
12 2
2 56
56 32
32 29
29 39
39 23
23 64
64 21
21 36
36 69
69 62
62 63
63 27
27 13
13 48
48 76
76 1
1 55
55 40
40 54
54 33
33 31
31 18
18 14
14 35
35 8
8 60
60 67
67 30
30 41
41 68
68 0
0 47
47 9
9 20
20 37
37 61
61 28
28 34
34 66
66 25
25 19
19 45
45 3
3 15
15 50