78
77
0,
1,
2,
3,
4,
5,
6,
7,
8,
9,
10,
11,
12,
13,
14,
15,
16,
17,
18,
19,
20,
21,
22,
23,
24,
25,
26,
27,
28,
29,
30,
31,
32,
33,
34,
35,
36,
37,
38,
39,
40,
41,
42,
43,
44,
45,
46,
47,
48,
49,
50,
51,
52,
53,
54,
55,
56,
57,
58,
59,
60,
61,
62,
63,
64,
65,
66,
67,
68,
69,
70,
71,
72,
73,
74,
75,
76,
77
7 67
67 60
60 72
72 74
74 39
39 0
0 26
26 6
6 24
24 34
34 55
55 52
52 43
43 45
45 21
21 27
27 50
50 3
3 37
37 23
23 22
22 73
73 17
17 76
76 2
2 46
46 11
11 12
12 13
13 57
57 63
63 69
69 51
51 40
40 36
36 71
71 15
15 61
61 18
18 64
64 25
25 10
10 8
8 1
1 9
9 47
47 14
14 54
54 5
5 48
48 59
59 68
68 77
77 66
66 58
58 16
16 19
19 70
70 30
30 35
35 56
56 42
42 44
44 20
20 29
29 62
62 4
4 49
49 65
65 41
41 31
31 32
32 33
33 28
28 75
75 53
53 38