79
78
0,
1,
2,
3,
4,
5,
6,
7,
8,
9,
10,
11,
12,
13,
14,
15,
16,
17,
18,
19,
20,
21,
22,
23,
24,
25,
26,
27,
28,
29,
30,
31,
32,
33,
34,
35,
36,
37,
38,
39,
40,
41,
42,
43,
44,
45,
46,
47,
48,
49,
50,
51,
52,
53,
54,
55,
56,
57,
58,
59,
60,
61,
62,
63,
64,
65,
66,
67,
68,
69,
70,
71,
72,
73,
74,
75,
76,
77,
78
2 8
8 1
1 40
40 31
31 58
58 61
61 63
63 37
37 3
3 20
20 10
10 45
45 54
54 16
16 28
28 72
72 33
33 75
75 74
74 55
55 51
51 19
19 65
65 18
18 70
70 66
66 25
25 49
49 5
5 73
73 39
39 13
13 71
71 69
69 50
50 6
6 29
29 35
35 4
4 47
47 34
34 17
17 41
41 43
43 62
62 60
60 7
7 32
32 24
24 67
67 57
57 77
77 48
48 21
21 36
36 46
46 42
42 68
68 11
11 12
12 56
56 44
44 38
38 78
78 27
27 0
0 52
52 15
15 59
59 64
64 14
14 9
9 22
22 53
53 26
26 23
23 76
76 30