80
79
0,
1,
2,
3,
4,
5,
6,
7,
8,
9,
10,
11,
12,
13,
14,
15,
16,
17,
18,
19,
20,
21,
22,
23,
24,
25,
26,
27,
28,
29,
30,
31,
32,
33,
34,
35,
36,
37,
38,
39,
40,
41,
42,
43,
44,
45,
46,
47,
48,
49,
50,
51,
52,
53,
54,
55,
56,
57,
58,
59,
60,
61,
62,
63,
64,
65,
66,
67,
68,
69,
70,
71,
72,
73,
74,
75,
76,
77,
78,
79
36 8
8 5
5 6
6 31
31 48
48 39
39 73
73 70
70 23
23 44
44 30
30 29
29 57
57 59
59 7
7 33
33 10
10 21
21 0
0 60
60 46
46 26
26 58
58 35
35 47
47 15
15 32
32 54
54 13
13 66
66 53
53 38
38 71
71 61
61 14
14 12
12 69
69 37
37 79
79 62
62 63
63 78
78 55
55 43
43 40
40 22
22 64
64 24
24 3
3 28
28 42
42 4
4 77
77 16
16 1
1 75
75 27
27 41
41 11
11 65
65 72
72 17
17 25
25 49
49 52
52 76
76 20
20 68
68 51
51 74
74 18
18 45
45 50
50 2
2 19
19 67
67 9
9 34
34 56