81
80
0,
1,
2,
3,
4,
5,
6,
7,
8,
9,
10,
11,
12,
13,
14,
15,
16,
17,
18,
19,
20,
21,
22,
23,
24,
25,
26,
27,
28,
29,
30,
31,
32,
33,
34,
35,
36,
37,
38,
39,
40,
41,
42,
43,
44,
45,
46,
47,
48,
49,
50,
51,
52,
53,
54,
55,
56,
57,
58,
59,
60,
61,
62,
63,
64,
65,
66,
67,
68,
69,
70,
71,
72,
73,
74,
75,
76,
77,
78,
79,
80
73 28
28 68
68 5
5 47
47 15
15 4
4 50
50 65
65 57
57 8
8 38
38 61
61 6
6 76
76 80
80 35
35 62
62 48
48 56
56 33
33 12
12 78
78 21
21 3
3 64
64 9
9 58
58 53
53 55
55 22
22 13
13 24
24 45
45 17
17 7
7 31
31 71
71 37
37 20
20 16
16 32
32 44
44 49
49 52
52 19
19 60
60 23
23 39
39 30
30 29
29 41
41 27
27 34
34 25
25 0
0 66
66 42
42 63
63 54
54 18
18 40
40 69
69 79
79 74
74 10
10 72
72 1
1 77
77 2
2 11
11 36
36 43
43 75
75 70
70 51
51 67
67 46
46 26
26 14
14 59