82
81
0,
1,
2,
3,
4,
5,
6,
7,
8,
9,
10,
11,
12,
13,
14,
15,
16,
17,
18,
19,
20,
21,
22,
23,
24,
25,
26,
27,
28,
29,
30,
31,
32,
33,
34,
35,
36,
37,
38,
39,
40,
41,
42,
43,
44,
45,
46,
47,
48,
49,
50,
51,
52,
53,
54,
55,
56,
57,
58,
59,
60,
61,
62,
63,
64,
65,
66,
67,
68,
69,
70,
71,
72,
73,
74,
75,
76,
77,
78,
79,
80,
81
47 46
46 23
23 16
16 14
14 24
24 75
75 34
34 77
77 68
68 62
62 32
32 72
72 74
74 58
58 0
0 2
2 78
78 30
30 56
56 51
51 22
22 73
73 81
81 20
20 64
64 39
39 17
17 12
12 49
49 28
28 36
36 21
21 63
63 79
79 70
70 55
55 57
57 37
37 33
33 43
43 60
60 7
7 26
26 3
3 61
61 54
54 38
38 48
48 10
10 41
41 35
35 76
76 44
44 9
9 45
45 19
19 65
65 29
29 31
31 69
69 4
4 25
25 53
53 6
6 67
67 18
18 42
42 80
80 50
50 52
52 15
15 13
13 1
1 71
71 11
11 27
27 8
8 66
66 40
40 5
5 59