83
82
0,
1,
2,
3,
4,
5,
6,
7,
8,
9,
10,
11,
12,
13,
14,
15,
16,
17,
18,
19,
20,
21,
22,
23,
24,
25,
26,
27,
28,
29,
30,
31,
32,
33,
34,
35,
36,
37,
38,
39,
40,
41,
42,
43,
44,
45,
46,
47,
48,
49,
50,
51,
52,
53,
54,
55,
56,
57,
58,
59,
60,
61,
62,
63,
64,
65,
66,
67,
68,
69,
70,
71,
72,
73,
74,
75,
76,
77,
78,
79,
80,
81,
82
62 14
14 71
71 33
33 78
78 15
15 21
21 68
68 39
39 75
75 37
37 40
40 29
29 8
8 72
72 11
11 49
49 27
27 53
53 16
16 12
12 70
70 52
52 81
81 61
61 23
23 60
60 55
55 41
41 80
80 82
82 76
76 74
74 77
77 13
13 1
1 46
46 22
22 30
30 20
20 34
34 31
31 9
9 47
47 64
64 79
79 58
58 50
50 6
6 25
25 2
2 65
65 26
26 5
5 54
54 67
67 38
38 32
32 35
35 28
28 17
17 10
10 4
4 45
45 48
48 63
63 42
42 73
73 51
51 57
57 7
7 19
19 18
18 66
66 43
43 44
44 36
36 3
3 69
69 56
56 59
59 0
0 24