84
83
0,
1,
2,
3,
4,
5,
6,
7,
8,
9,
10,
11,
12,
13,
14,
15,
16,
17,
18,
19,
20,
21,
22,
23,
24,
25,
26,
27,
28,
29,
30,
31,
32,
33,
34,
35,
36,
37,
38,
39,
40,
41,
42,
43,
44,
45,
46,
47,
48,
49,
50,
51,
52,
53,
54,
55,
56,
57,
58,
59,
60,
61,
62,
63,
64,
65,
66,
67,
68,
69,
70,
71,
72,
73,
74,
75,
76,
77,
78,
79,
80,
81,
82,
83
26 1
1 14
14 39
39 43
43 24
24 15
15 12
12 72
72 21
21 53
53 61
61 73
73 69
69 23
23 58
58 83
83 33
33 52
52 29
29 17
17 42
42 64
64 65
65 57
57 11
11 32
32 41
41 2
2 55
55 36
36 63
63 56
56 78
78 6
6 71
71 67
67 31
31 28
28 60
60 19
19 40
40 59
59 70
70 50
50 49
49 10
10 13
13 45
45 3
3 27
27 0
0 62
62 75
75 51
51 74
74 38
38 80
80 34
34 16
16 46
46 77
77 9
9 47
47 68
68 44
44 35
35 48
48 25
25 66
66 79
79 54
54 4
4 18
18 7
7 76
76 22
22 20
20 37
37 30
30 8
8 5
5 81
81 82