85
84
0,
1,
2,
3,
4,
5,
6,
7,
8,
9,
10,
11,
12,
13,
14,
15,
16,
17,
18,
19,
20,
21,
22,
23,
24,
25,
26,
27,
28,
29,
30,
31,
32,
33,
34,
35,
36,
37,
38,
39,
40,
41,
42,
43,
44,
45,
46,
47,
48,
49,
50,
51,
52,
53,
54,
55,
56,
57,
58,
59,
60,
61,
62,
63,
64,
65,
66,
67,
68,
69,
70,
71,
72,
73,
74,
75,
76,
77,
78,
79,
80,
81,
82,
83,
84
52 67
67 29
29 28
28 16
16 43
43 45
45 35
35 79
79 62
62 71
71 4
4 27
27 76
76 51
51 0
0 47
47 49
49 74
74 14
14 22
22 69
69 13
13 50
50 55
55 38
38 54
54 18
18 32
32 26
26 75
75 23
23 37
37 81
81 1
1 59
59 6
6 53
53 10
10 58
58 19
19 8
8 44
44 61
61 48
48 36
36 31
31 17
17 42
42 11
11 21
21 40
40 82
82 5
5 20
20 3
3 84
84 72
72 83
83 30
30 2
2 68
68 77
77 15
15 46
46 73
73 34
34 63
63 64
64 78
78 7
7 9
9 33
33 56
56 66
66 12
12 65
65 25
25 60
60 39
39 70
70 80
80 24
24 41
41 57