86
85
0,
1,
2,
3,
4,
5,
6,
7,
8,
9,
10,
11,
12,
13,
14,
15,
16,
17,
18,
19,
20,
21,
22,
23,
24,
25,
26,
27,
28,
29,
30,
31,
32,
33,
34,
35,
36,
37,
38,
39,
40,
41,
42,
43,
44,
45,
46,
47,
48,
49,
50,
51,
52,
53,
54,
55,
56,
57,
58,
59,
60,
61,
62,
63,
64,
65,
66,
67,
68,
69,
70,
71,
72,
73,
74,
75,
76,
77,
78,
79,
80,
81,
82,
83,
84,
85
48 67
67 32
32 82
82 56
56 15
15 81
81 4
4 36
36 28
28 26
26 19
19 38
38 23
23 14
14 50
50 55
55 20
20 16
16 1
1 29
29 72
72 6
6 76
76 63
63 18
18 83
83 77
77 44
44 46
46 40
40 49
49 39
39 71
71 52
52 30
30 34
34 21
21 58
58 75
75 11
11 62
62 66
66 9
9 61
61 33
33 42
42 24
24 37
37 27
27 43
43 25
25 54
54 2
2 31
31 0
0 12
12 65
65 85
85 7
7 78
78 80
80 53
53 22
22 73
73 47
47 35
35 59
59 79
79 45
45 74
74 13
13 5
5 64
64 51
51 10
10 60
60 84
84 41
41 17
17 69
69 8
8 57
57 3
3 70
70 68