87
86
0,
1,
2,
3,
4,
5,
6,
7,
8,
9,
10,
11,
12,
13,
14,
15,
16,
17,
18,
19,
20,
21,
22,
23,
24,
25,
26,
27,
28,
29,
30,
31,
32,
33,
34,
35,
36,
37,
38,
39,
40,
41,
42,
43,
44,
45,
46,
47,
48,
49,
50,
51,
52,
53,
54,
55,
56,
57,
58,
59,
60,
61,
62,
63,
64,
65,
66,
67,
68,
69,
70,
71,
72,
73,
74,
75,
76,
77,
78,
79,
80,
81,
82,
83,
84,
85,
86
20 17
17 84
84 79
79 38
38 41
41 12
12 40
40 70
70 30
30 33
33 65
65 24
24 13
13 50
50 3
3 31
31 42
42 4
4 32
32 37
37 57
57 61
61 49
49 55
55 11
11 22
22 19
19 86
86 73
73 26
26 10
10 85
85 15
15 27
27 47
47 25
25 83
83 2
2 62
62 7
7 75
75 63
63 35
35 72
72 21
21 36
36 54
54 34
34 18
18 5
5 53
53 82
82 39
39 45
45 48
48 67
67 14
14 66
66 1
1 28
28 77
77 16
16 51
51 64
64 69
69 9
9 74
74 60
60 44
44 43
43 59
59 81
81 29
29 23
23 78
78 46
46 58
58 6
6 52
52 71
71 8
8 76
76 0
0 80
80 56
56 68