88
87
0,
1,
2,
3,
4,
5,
6,
7,
8,
9,
10,
11,
12,
13,
14,
15,
16,
17,
18,
19,
20,
21,
22,
23,
24,
25,
26,
27,
28,
29,
30,
31,
32,
33,
34,
35,
36,
37,
38,
39,
40,
41,
42,
43,
44,
45,
46,
47,
48,
49,
50,
51,
52,
53,
54,
55,
56,
57,
58,
59,
60,
61,
62,
63,
64,
65,
66,
67,
68,
69,
70,
71,
72,
73,
74,
75,
76,
77,
78,
79,
80,
81,
82,
83,
84,
85,
86,
87
69 37
37 74
74 77
77 66
66 40
40 36
36 52
52 45
45 6
6 43
43 85
85 38
38 27
27 65
65 26
26 49
49 0
0 1
1 20
20 75
75 80
80 34
34 86
86 84
84 46
46 16
16 71
71 78
78 2
2 83
83 9
9 32
32 15
15 42
42 22
22 14
14 62
62 18
18 70
70 63
63 19
19 47
47 79
79 68
68 23
23 55
55 35
35 56
56 73
73 60
60 3
3 30
30 51
51 7
7 44
44 39
39 50
50 59
59 11
11 72
72 41
41 54
54 53
53 31
31 82
82 81
81 76
76 29
29 24
24 67
67 12
12 13
13 61
61 64
64 48
48 25
25 4
4 33
33 58
58 5
5 8
8 87
87 10
10 57
57 17
17 21
21 28