89
88
0,
1,
2,
3,
4,
5,
6,
7,
8,
9,
10,
11,
12,
13,
14,
15,
16,
17,
18,
19,
20,
21,
22,
23,
24,
25,
26,
27,
28,
29,
30,
31,
32,
33,
34,
35,
36,
37,
38,
39,
40,
41,
42,
43,
44,
45,
46,
47,
48,
49,
50,
51,
52,
53,
54,
55,
56,
57,
58,
59,
60,
61,
62,
63,
64,
65,
66,
67,
68,
69,
70,
71,
72,
73,
74,
75,
76,
77,
78,
79,
80,
81,
82,
83,
84,
85,
86,
87,
88
19 82
82 38
38 77
77 32
32 15
15 3
3 58
58 64
64 45
45 68
68 21
21 2
2 54
54 36
36 37
37 76
76 66
66 41
41 67
67 57
57 50
50 20
20 14
14 28
28 29
29 79
79 60
60 17
17 9
9 10
10 34
34 39
39 22
22 43
43 86
86 69
69 33
33 24
24 56
56 71
71 7
7 26
26 59
59 18
18 6
6 47
47 16
16 4
4 78
78 48
48 87
87 0
0 35
35 25
25 23
23 13
13 80
80 88
88 74
74 85
85 62
62 49
49 61
61 42
42 83
83 55
55 75
75 31
31 11
11 53
53 70
70 40
40 73
73 12
12 30
30 51
51 65
65 46
46 1
1 5
5 63
63 81
81 44
44 8
8 84
84 52
52 72
72 27