90
89
0,
1,
2,
3,
4,
5,
6,
7,
8,
9,
10,
11,
12,
13,
14,
15,
16,
17,
18,
19,
20,
21,
22,
23,
24,
25,
26,
27,
28,
29,
30,
31,
32,
33,
34,
35,
36,
37,
38,
39,
40,
41,
42,
43,
44,
45,
46,
47,
48,
49,
50,
51,
52,
53,
54,
55,
56,
57,
58,
59,
60,
61,
62,
63,
64,
65,
66,
67,
68,
69,
70,
71,
72,
73,
74,
75,
76,
77,
78,
79,
80,
81,
82,
83,
84,
85,
86,
87,
88,
89
86 41
41 37
37 48
48 5
5 27
27 61
61 79
79 54
54 88
88 69
69 40
40 17
17 53
53 29
29 47
47 85
85 50
50 26
26 80
80 1
1 0
0 83
83 14
14 34
34 81
81 25
25 23
23 21
21 38
38 75
75 65
65 56
56 8
8 77
77 59
59 89
89 10
10 87
87 52
52 42
42 3
3 67
67 39
39 66
66 24
24 11
11 35
35 6
6 28
28 31
31 64
64 63
63 70
70 30
30 19
19 4
4 55
55 68
68 45
45 57
57 71
71 13
13 18
18 73
73 78
78 82
82 84
84 16
16 44
44 51
51 60
60 9
9 32
32 2
2 22
22 36
36 7
7 72
72 62
62 74
74 15
15 58
58 12
12 33
33 76
76 20
20 46
46 49
49 43