91
90
0,
1,
2,
3,
4,
5,
6,
7,
8,
9,
10,
11,
12,
13,
14,
15,
16,
17,
18,
19,
20,
21,
22,
23,
24,
25,
26,
27,
28,
29,
30,
31,
32,
33,
34,
35,
36,
37,
38,
39,
40,
41,
42,
43,
44,
45,
46,
47,
48,
49,
50,
51,
52,
53,
54,
55,
56,
57,
58,
59,
60,
61,
62,
63,
64,
65,
66,
67,
68,
69,
70,
71,
72,
73,
74,
75,
76,
77,
78,
79,
80,
81,
82,
83,
84,
85,
86,
87,
88,
89,
90
6 22
22 59
59 1
1 88
88 63
63 61
61 45
45 52
52 65
65 10
10 55
55 58
58 81
81 54
54 30
30 34
34 48
48 4
4 3
3 62
62 27
27 9
9 71
71 43
43 56
56 83
83 17
17 47
47 20
20 35
35 76
76 40
40 24
24 38
38 21
21 33
33 11
11 79
79 12
12 70
70 28
28 82
82 39
39 68
68 89
89 23
23 26
26 36
36 14
14 74
74 44
44 90
90 8
8 87
87 0
0 64
64 60
60 16
16 7
7 85
85 29
29 49
49 5
5 57
57 86
86 67
67 32
32 66
66 78
78 15
15 19
19 31
31 73
73 41
41 2
2 13
13 50
50 77
77 53
53 72
72 42
42 69
69 25
25 80
80 84
84 37
37 18
18 51
51 75
75 46