92
91
0,
1,
2,
3,
4,
5,
6,
7,
8,
9,
10,
11,
12,
13,
14,
15,
16,
17,
18,
19,
20,
21,
22,
23,
24,
25,
26,
27,
28,
29,
30,
31,
32,
33,
34,
35,
36,
37,
38,
39,
40,
41,
42,
43,
44,
45,
46,
47,
48,
49,
50,
51,
52,
53,
54,
55,
56,
57,
58,
59,
60,
61,
62,
63,
64,
65,
66,
67,
68,
69,
70,
71,
72,
73,
74,
75,
76,
77,
78,
79,
80,
81,
82,
83,
84,
85,
86,
87,
88,
89,
90,
91
58 83
83 46
46 51
51 63
63 6
6 12
12 72
72 47
47 42
42 82
82 65
65 22
22 79
79 87
87 66
66 5
5 18
18 52
52 43
43 26
26 40
40 59
59 9
9 62
62 80
80 27
27 67
67 36
36 15
15 77
77 49
49 69
69 33
33 31
31 78
78 68
68 56
56 91
91 8
8 2
2 50
50 39
39 60
60 41
41 71
71 3
3 44
44 20
20 74
74 19
19 48
48 61
61 37
37 34
34 30
30 88
88 38
38 23
23 75
75 54
54 11
11 16
16 76
76 17
17 14
14 86
86 89
89 85
85 70
70 10
10 21
21 57
57 4
4 53
53 24
24 81
81 28
28 0
0 1
1 13
13 35
35 64
64 29
29 45
45 7
7 90
90 84
84 55
55 32
32 25
25 73