93
92
0,
1,
2,
3,
4,
5,
6,
7,
8,
9,
10,
11,
12,
13,
14,
15,
16,
17,
18,
19,
20,
21,
22,
23,
24,
25,
26,
27,
28,
29,
30,
31,
32,
33,
34,
35,
36,
37,
38,
39,
40,
41,
42,
43,
44,
45,
46,
47,
48,
49,
50,
51,
52,
53,
54,
55,
56,
57,
58,
59,
60,
61,
62,
63,
64,
65,
66,
67,
68,
69,
70,
71,
72,
73,
74,
75,
76,
77,
78,
79,
80,
81,
82,
83,
84,
85,
86,
87,
88,
89,
90,
91,
92
16 49
49 53
53 47
47 64
64 80
80 79
79 10
10 1
1 41
41 86
86 30
30 21
21 26
26 7
7 19
19 83
83 74
74 85
85 2
2 71
71 88
88 32
32 5
5 60
60 65
65 43
43 24
24 38
38 4
4 90
90 9
9 82
82 40
40 0
0 27
27 6
6 62
62 11
11 51
51 45
45 20
20 14
14 34
34 13
13 57
57 73
73 37
37 23
23 44
44 81
81 54
54 50
50 8
8 92
92 28
28 70
70 56
56 12
12 59
59 76
76 89
89 91
91 84
84 17
17 36
36 63
63 33
33 52
52 68
68 78
78 29
29 35
35 72
72 39
39 66
66 55
55 61
61 25
25 87
87 42
42 75
75 58
58 18
18 67
67 48
48 3
3 31
31 15
15 69
69 22
22 46
46 77