94
93
0,
1,
2,
3,
4,
5,
6,
7,
8,
9,
10,
11,
12,
13,
14,
15,
16,
17,
18,
19,
20,
21,
22,
23,
24,
25,
26,
27,
28,
29,
30,
31,
32,
33,
34,
35,
36,
37,
38,
39,
40,
41,
42,
43,
44,
45,
46,
47,
48,
49,
50,
51,
52,
53,
54,
55,
56,
57,
58,
59,
60,
61,
62,
63,
64,
65,
66,
67,
68,
69,
70,
71,
72,
73,
74,
75,
76,
77,
78,
79,
80,
81,
82,
83,
84,
85,
86,
87,
88,
89,
90,
91,
92,
93
42 76
76 45
45 89
89 77
77 64
64 62
62 75
75 44
44 19
19 36
36 73
73 87
87 18
18 8
8 85
85 29
29 37
37 59
59 91
91 93
93 35
35 11
11 39
39 72
72 80
80 88
88 49
49 22
22 60
60 3
3 24
24 74
74 82
82 16
16 30
30 71
71 86
86 2
2 4
4 17
17 48
48 43
43 0
0 6
6 15
15 41
41 12
12 7
7 61
61 83
83 68
68 50
50 34
34 81
81 70
70 63
63 28
28 54
54 78
78 10
10 14
14 57
57 13
13 55
55 46
46 53
53 38
38 32
32 27
27 25
25 52
52 33
33 79
79 1
1 56
56 66
66 20
20 47
47 92
92 65
65 23
23 58
58 51
51 84
84 21
21 90
90 69
69 67
67 31
31 5
5 9
9 26
26 40