95
94
0,
1,
2,
3,
4,
5,
6,
7,
8,
9,
10,
11,
12,
13,
14,
15,
16,
17,
18,
19,
20,
21,
22,
23,
24,
25,
26,
27,
28,
29,
30,
31,
32,
33,
34,
35,
36,
37,
38,
39,
40,
41,
42,
43,
44,
45,
46,
47,
48,
49,
50,
51,
52,
53,
54,
55,
56,
57,
58,
59,
60,
61,
62,
63,
64,
65,
66,
67,
68,
69,
70,
71,
72,
73,
74,
75,
76,
77,
78,
79,
80,
81,
82,
83,
84,
85,
86,
87,
88,
89,
90,
91,
92,
93,
94
72 34
34 87
87 85
85 31
31 57
57 83
83 27
27 25
25 52
52 45
45 29
29 81
81 7
7 54
54 44
44 84
84 33
33 15
15 24
24 68
68 74
74 20
20 48
48 56
56 37
37 73
73 78
78 64
64 39
39 53
53 43
43 13
13 86
86 59
59 58
58 55
55 70
70 10
10 23
23 14
14 63
63 12
12 90
90 46
46 76
76 79
79 89
89 18
18 19
19 38
38 93
93 94
94 67
67 60
60 0
0 51
51 5
5 36
36 42
42 30
30 80
80 77
77 35
35 88
88 92
92 22
22 17
17 41
41 6
6 2
2 16
16 62
62 69
69 1
1 71
71 47
47 11
11 82
82 91
91 3
3 50
50 4
4 9
9 61
61 65
65 40
40 49
49 28
28 66
66 75
75 21
21 32
32 26
26 8