96
95
0,
1,
2,
3,
4,
5,
6,
7,
8,
9,
10,
11,
12,
13,
14,
15,
16,
17,
18,
19,
20,
21,
22,
23,
24,
25,
26,
27,
28,
29,
30,
31,
32,
33,
34,
35,
36,
37,
38,
39,
40,
41,
42,
43,
44,
45,
46,
47,
48,
49,
50,
51,
52,
53,
54,
55,
56,
57,
58,
59,
60,
61,
62,
63,
64,
65,
66,
67,
68,
69,
70,
71,
72,
73,
74,
75,
76,
77,
78,
79,
80,
81,
82,
83,
84,
85,
86,
87,
88,
89,
90,
91,
92,
93,
94,
95
91 75
75 0
0 41
41 42
42 5
5 84
84 35
35 33
33 21
21 69
69 32
32 51
51 11
11 60
60 16
16 90
90 25
25 80
80 79
79 8
8 62
62 38
38 68
68 19
19 7
7 70
70 30
30 10
10 20
20 26
26 47
47 54
54 87
87 65
65 82
82 92
92 39
39 94
94 13
13 58
58 74
74 77
77 78
78 45
45 1
1 72
72 81
81 31
31 37
37 61
61 22
22 89
89 4
4 44
44 50
50 27
27 17
17 23
23 88
88 76
76 64
64 71
71 46
46 63
63 6
6 57
57 53
53 2
2 28
28 67
67 40
40 59
59 9
9 49
49 18
18 95
95 52
52 34
34 85
85 24
24 15
15 29
29 93
93 66
66 55
55 3
3 48
48 43
43 36
36 14
14 83
83 12
12 56
56 86
86 73