97
96
0,
1,
2,
3,
4,
5,
6,
7,
8,
9,
10,
11,
12,
13,
14,
15,
16,
17,
18,
19,
20,
21,
22,
23,
24,
25,
26,
27,
28,
29,
30,
31,
32,
33,
34,
35,
36,
37,
38,
39,
40,
41,
42,
43,
44,
45,
46,
47,
48,
49,
50,
51,
52,
53,
54,
55,
56,
57,
58,
59,
60,
61,
62,
63,
64,
65,
66,
67,
68,
69,
70,
71,
72,
73,
74,
75,
76,
77,
78,
79,
80,
81,
82,
83,
84,
85,
86,
87,
88,
89,
90,
91,
92,
93,
94,
95,
96
93 20
20 47
47 32
32 36
36 88
88 43
43 24
24 44
44 65
65 39
39 59
59 82
82 41
41 83
83 80
80 67
67 42
42 8
8 58
58 61
61 17
17 68
68 66
66 92
92 3
3 87
87 25
25 31
31 73
73 50
50 89
89 55
55 64
64 86
86 77
77 94
94 45
45 53
53 95
95 62
62 75
75 14
14 71
71 70
70 40
40 12
12 90
90 79
79 23
23 0
0 46
46 91
91 10
10 52
52 37
37 51
51 29
29 21
21 69
69 26
26 85
85 49
49 34
34 22
22 54
54 18
18 48
48 15
15 1
1 60
60 81
81 96
96 57
57 19
19 13
13 2
2 4
4 56
56 72
72 84
84 76
76 16
16 74
74 9
9 78
78 63
63 35
35 7
7 38
38 5
5 33
33 6
6 11
11 30
30 28
28 27