98
97
0,
1,
2,
3,
4,
5,
6,
7,
8,
9,
10,
11,
12,
13,
14,
15,
16,
17,
18,
19,
20,
21,
22,
23,
24,
25,
26,
27,
28,
29,
30,
31,
32,
33,
34,
35,
36,
37,
38,
39,
40,
41,
42,
43,
44,
45,
46,
47,
48,
49,
50,
51,
52,
53,
54,
55,
56,
57,
58,
59,
60,
61,
62,
63,
64,
65,
66,
67,
68,
69,
70,
71,
72,
73,
74,
75,
76,
77,
78,
79,
80,
81,
82,
83,
84,
85,
86,
87,
88,
89,
90,
91,
92,
93,
94,
95,
96,
97
50 1
1 72
72 57
57 11
11 6
6 18
18 95
95 92
92 96
96 13
13 67
67 10
10 55
55 84
84 90
90 93
93 49
49 76
76 81
81 32
32 33
33 63
63 17
17 15
15 51
51 54
54 52
52 97
97 70
70 29
29 71
71 66
66 80
80 25
25 39
39 82
82 3
3 42
42 22
22 44
44 73
73 26
26 46
46 31
31 16
16 8
8 74
74 2
2 7
7 28
28 19
19 88
88 24
24 23
23 30
30 43
43 58
58 47
47 9
9 69
69 53
53 20
20 86
86 56
56 85
85 41
41 87
87 40
40 12
12 77
77 91
91 4
4 75
75 65
65 89
89 21
21 68
68 36
36 5
5 64
64 79
79 35
35 45
45 83
83 62
62 78
78 27
27 59
59 34
34 38
38 60
60 37
37 14
14 94
94 0
0 61
61 48