99
98
0,
1,
2,
3,
4,
5,
6,
7,
8,
9,
10,
11,
12,
13,
14,
15,
16,
17,
18,
19,
20,
21,
22,
23,
24,
25,
26,
27,
28,
29,
30,
31,
32,
33,
34,
35,
36,
37,
38,
39,
40,
41,
42,
43,
44,
45,
46,
47,
48,
49,
50,
51,
52,
53,
54,
55,
56,
57,
58,
59,
60,
61,
62,
63,
64,
65,
66,
67,
68,
69,
70,
71,
72,
73,
74,
75,
76,
77,
78,
79,
80,
81,
82,
83,
84,
85,
86,
87,
88,
89,
90,
91,
92,
93,
94,
95,
96,
97,
98
58 18
18 89
89 98
98 74
74 46
46 9
9 26
26 45
45 56
56 25
25 70
70 96
96 0
0 93
93 44
44 69
69 8
8 87
87 7
7 24
24 43
43 14
14 21
21 50
50 5
5 73
73 76
76 91
91 10
10 92
92 97
97 82
82 15
15 22
22 78
78 31
31 13
13 16
16 72
72 36
36 28
28 66
66 51
51 71
71 65
65 67
67 30
30 1
1 47
47 55
55 83
83 42
42 75
75 85
85 90
90 63
63 2
2 53
53 61
61 80
80 38
38 29
29 64
64 79
79 84
84 4
4 39
39 17
17 19
19 62
62 37
37 41
41 12
12 35
35 23
23 20
20 95
95 59
59 77
77 34
34 3
3 27
27 40
40 88
88 54
54 33
33 52
52 86
86 49
49 6
6 57
57 81
81 60
60 11
11 48
48 68
68 32
32 94