100
99
0,
1,
2,
3,
4,
5,
6,
7,
8,
9,
10,
11,
12,
13,
14,
15,
16,
17,
18,
19,
20,
21,
22,
23,
24,
25,
26,
27,
28,
29,
30,
31,
32,
33,
34,
35,
36,
37,
38,
39,
40,
41,
42,
43,
44,
45,
46,
47,
48,
49,
50,
51,
52,
53,
54,
55,
56,
57,
58,
59,
60,
61,
62,
63,
64,
65,
66,
67,
68,
69,
70,
71,
72,
73,
74,
75,
76,
77,
78,
79,
80,
81,
82,
83,
84,
85,
86,
87,
88,
89,
90,
91,
92,
93,
94,
95,
96,
97,
98,
99
99 17
17 89
89 30
30 15
15 69
69 57
57 39
39 64
64 16
16 61
61 25
25 40
40 42
42 24
24 13
13 67
67 85
85 72
72 92
92 87
87 19
19 94
94 56
56 82
82 63
63 76
76 86
86 80
80 50
50 4
4 51
51 95
95 70
70 2
2 10
10 91
91 98
98 93
93 21
21 71
71 62
62 33
33 54
54 44
44 79
79 37
37 35
35 74
74 88
88 75
75 9
9 52
52 31
31 45
45 55
55 59
59 83
83 90
90 18
18 23
23 7
7 20
20 8
8 1
1 14
14 73
73 68
68 48
48 6
6 27
27 32
32 12
12 46
46 53
53 0
0 43
43 26
26 65
65 11
11 38
38 58
58 3
3 77
77 47
47 49
49 81
81 5
5 41
41 84
84 36
36 66
66 78
78 34
34 97
97 22
22 28
28 29
29 60
60 96