102
101
0,
1,
2,
3,
4,
5,
6,
7,
8,
9,
10,
11,
12,
13,
14,
15,
16,
17,
18,
19,
20,
21,
22,
23,
24,
25,
26,
27,
28,
29,
30,
31,
32,
33,
34,
35,
36,
37,
38,
39,
40,
41,
42,
43,
44,
45,
46,
47,
48,
49,
50,
51,
52,
53,
54,
55,
56,
57,
58,
59,
60,
61,
62,
63,
64,
65,
66,
67,
68,
69,
70,
71,
72,
73,
74,
75,
76,
77,
78,
79,
80,
81,
82,
83,
84,
85,
86,
87,
88,
89,
90,
91,
92,
93,
94,
95,
96,
97,
98,
99,
100,
101
88 79
79 4
4 16
16 97
97 42
42 29
29 30
30 82
82 45
45 58
58 7
7 25
25 41
41 38
38 86
86 24
24 13
13 66
66 59
59 78
78 93
93 19
19 21
21 18
18 76
76 54
54 47
47 90
90 37
37 70
70 101
101 95
95 62
62 35
35 100
100 50
50 36
36 9
9 96
96 73
73 77
77 48
48 6
6 99
99 34
34 94
94 27
27 22
22 51
51 67
67 1
1 28
28 89
89 56
56 52
52 55
55 15
15 2
2 31
31 65
65 74
74 20
20 43
43 81
81 68
68 11
11 64
64 72
72 71
71 75
75 92
92 33
33 69
69 32
32 26
26 91
91 49
49 10
10 3
3 12
12 83
83 98
98 14
14 40
40 46
46 84
84 5
5 63
63 17
17 23
23 60
60 87
87 80
80 57
57 8
8 44
44 53
53 61
61 85
85 39
39 0