103
102
0,
1,
2,
3,
4,
5,
6,
7,
8,
9,
10,
11,
12,
13,
14,
15,
16,
17,
18,
19,
20,
21,
22,
23,
24,
25,
26,
27,
28,
29,
30,
31,
32,
33,
34,
35,
36,
37,
38,
39,
40,
41,
42,
43,
44,
45,
46,
47,
48,
49,
50,
51,
52,
53,
54,
55,
56,
57,
58,
59,
60,
61,
62,
63,
64,
65,
66,
67,
68,
69,
70,
71,
72,
73,
74,
75,
76,
77,
78,
79,
80,
81,
82,
83,
84,
85,
86,
87,
88,
89,
90,
91,
92,
93,
94,
95,
96,
97,
98,
99,
100,
101,
102
6 56
56 68
68 83
83 3
3 64
64 47
47 55
55 86
86 60
60 97
97 51
51 82
82 85
85 49
49 1
1 16
16 63
63 89
89 40
40 45
45 20
20 94
94 0
0 42
42 7
7 70
70 77
77 33
33 44
44 43
43 50
50 54
54 78
78 61
61 5
5 65
65 18
18 75
75 59
59 53
53 92
92 88
88 17
17 98
98 73
73 48
48 24
24 21
21 9
9 62
62 27
27 71
71 67
67 23
23 84
84 90
90 100
100 87
87 22
22 96
96 8
8 29
29 25
25 30
30 69
69 52
52 37
37 15
15 36
36 99
99 38
38 32
32 41
41 58
58 19
19 74
74 81
81 72
72 10
10 66
66 26
26 12
12 95
95 11
11 101
101 102
102 80
80 93
93 57
57 46
46 4
4 13
13 28
28 91
91 14
14 2
2 39
39 31
31 76
76 34
34 79
79 35