104
103
0,
1,
2,
3,
4,
5,
6,
7,
8,
9,
10,
11,
12,
13,
14,
15,
16,
17,
18,
19,
20,
21,
22,
23,
24,
25,
26,
27,
28,
29,
30,
31,
32,
33,
34,
35,
36,
37,
38,
39,
40,
41,
42,
43,
44,
45,
46,
47,
48,
49,
50,
51,
52,
53,
54,
55,
56,
57,
58,
59,
60,
61,
62,
63,
64,
65,
66,
67,
68,
69,
70,
71,
72,
73,
74,
75,
76,
77,
78,
79,
80,
81,
82,
83,
84,
85,
86,
87,
88,
89,
90,
91,
92,
93,
94,
95,
96,
97,
98,
99,
100,
101,
102,
103
59 99
99 53
53 21
21 36
36 19
19 63
63 66
66 6
6 24
24 68
68 51
51 10
10 25
25 93
93 74
74 47
47 60
60 15
15 103
103 16
16 87
87 46
46 54
54 72
72 83
83 32
32 67
67 64
64 98
98 55
55 61
61 2
2 12
12 94
94 18
18 97
97 90
90 14
14 33
33 81
81 62
62 39
39 89
89 45
45 71
71 44
44 56
56 76
76 29
29 9
9 28
28 26
26 13
13 88
88 70
70 85
85 79
79 4
4 41
41 5
5 91
91 42
42 58
58 22
22 78
78 1
1 35
35 27
27 0
0 48
48 38
38 101
101 40
40 96
96 84
84 77
77 92
92 31
31 82
82 8
8 43
43 69
69 17
17 50
50 7
7 73
73 11
11 57
57 95
95 34
34 3
3 75
75 80
80 30
30 52
52 37
37 23
23 49
49 100
100 102
102 86
86 65
65 20