110
549
0,
1,
2,
3,
4,
5,
6,
7,
8,
9,
10,
11,
12,
13,
14,
15,
16,
17,
18,
19,
20,
21,
22,
23,
24,
25,
26,
27,
28,
29,
30,
31,
32,
33,
34,
35,
36,
37,
38,
39,
40,
41,
42,
43,
44,
45,
46,
47,
48,
49,
50,
51,
52,
53,
54,
55,
56,
57,
58,
59,
60,
61,
62,
63,
64,
65,
66,
67,
68,
69,
70,
71,
72,
73,
74,
75,
76,
77,
78,
79,
80,
81,
82,
83,
84,
85,
86,
87,
88,
89,
90,
91,
92,
93,
94,
95,
96,
97,
98,
99,
100,
101,
102,
103,
104,
105,
106,
107,
108,
109
5 56
56 25
25 23
23 81
81 19
19 89
89 15
15 67
67 16
16 39
39 66
66 38
38 77
77 46
46 11
11 102
102 91
91 78
78 53
53 6
6 55
55 17
17 105
105 26
26 45
45 8
8 51
51 13
13 35
35 104
104 4
4 31
31 63
63 79
79 109
109 71
71 92
92 48
48 107
107 20
20 18
18 85
85 2
2 40
40 82
82 72
72 3
3 14
14 9
9 69
69 7
7 44
44 47
47 37
37 12
12 28
28 68
68 49
49 64
64 103
103 36
36 59
59 95
95 65
65 22
22 100
100 50
50 73
73 62
62 74
74 99
99 90
90 97
97 87
87 60
60 54
54 94
94 0
0 21
21 93
93 41
41 1
1 83
83 98
98 108
108 42
42 10
10 106
106 76
76 96
96 61
61 86
86 101
101 34
34 27
27 33
33 75
75 88
88 80
80 70
70 32
32 84
84 52
52 30
30 58
58 29
29 24
24 43
43 57
109 12
100 6
65 48
42 60
13 60
103 8
80 58
20 33
97 39
4 95
33 109
107 58
8 71
87 52
99 91
26 62
28 10
87 30
83 88
37 15
21 12
56 18
0 9
15 49
66 45
55 104
34 54
63 59
104 36
10 76
100 84
43 75
79 94
45 15
22 41
104 62
4 37
97 85
2 13
24 14
14 93
72 94
6 6
47 46
20 39
95 99
71 78
95 82
88 79
58 42
1 58
3 66
0 17
82 48
20 18
47 41
85 86
82 8
18 109
77 48
75 12
93 70
94 41
16 61
85 56
105 73
94 9
99 46
32 15
51 63
39 96
44 109
44 12
39 33
5 59
103 103
0 3
93 38
84 19
39 90
62 88
3 28
33 58
71 11
84 76
53 84
31 78
19 49
81 0
97 20
41 62
55 22
51 77
39 7
73 14
8 66
29 51
51 88
102 52
65 69
80 63
107 90
74 40
89 97
1 100
1 71
16 51
22 40
37 52
87 68
64 32
88 53
73 59
105 107
5 93
67 42
82 44
97 59
16 39
93 16
57 3
46 5
40 74
60 99
105 15
66 26
53 45
20 61
42 40
60 80
67 61
41 94
99 55
95 9
74 99
1 65
28 55
105 48
31 58
32 79
88 42
74 11
34 60
34 34
57 73
83 103
48 14
44 42
39 45
5 79
19 77
42 99
66 51
36 109
88 31
29 54
8 90
12 50
72 11
83 81
20 55
10 9
78 4
63 53
100 49
92 19
54 3
14 6
74 36
1 39
84 2
13 102
12 93
56 81
75 67
94 75
85 92
99 43
82 43
47 58
36 102
89 24
71 106
53 1
87 80
19 17
100 6
93 61
72 26
69 3
84 93
15 67
39 43
29 106
33 47
9 26
7 64
86 95
52 55
15 38
99 51
67 51
23 79
27 9
70 25
57 32
52 31
56 106
9 31
21 13
75 92
68 109
103 37
61 2
57 23
22 104
86 41
96 5
40 23
88 26
95 13
65 14
12 1
73 77
105 8
2 83
6 29
76 41
18 94
97 28
19 70
24 95
68 28
58 47
1 54
24 15
75 85
104 58
49 44
21 50
43 77
46 95
31 63
78 59
101 19
47 42
38 99
71 57
27 28
83 26
71 61
11 30
84 36
62 63
45 51
82 33
98 22
36 39
10 88
87 12
99 8
34 44
49 107
109 79
10 19
59 106
109 42
80 6
3 32
105 76
90 17
23 79
39 65
51 84
79 109
52 50
27 1
5 26
4 97
105 82
22 103
104 24
46 46
37 23
52 51
50 70
52 13
97 11
55 69
34 27
24 98
49 52
36 17
23 33
46 107
83 23
72 95
33 105
6 26
3 81
101 36
34 26
107 5
0 15
5 59
42 60
96 45
14 3
80 97
10 24
94 93
38 21
50 17
8 3
65 50
66 88
6 46
26 104
75 107
26 45
47 101
86 47
96 64
96 98
90 83
26 89
96 66
76 80
27 27
68 81
37 65
107 88
107 17
10 104
76 5
49 108
6 45
97 32
57 59
21 14
99 74
97 28
3 19
42 49
17 77
103 26
2 22
6 65
82 81
42 105
40 45
39 104
14 42
66 56
0 96
46 46
100 79
79 47
87 32
92 55
56 4
79 20
60 60
13 45
53 23
27 95
89 7
99 8
84 44
19 74
13 38
80 88
101 22
106 59
1 91
70 13
6 57
68 89
94 105
30 68
73 105
54 12
53 38
58 84
72 7
60 44
63 11
95 4
2 86
14 70
91 23
29 63
12 81
70 50
27 10
61 93
67 57
27 71
57 76
62 40
41 102
28 1
55 86
50 21
98 87
66 77
83 91
57 74
46 92
24 77
93 108
85 94
50 46
53 59
73 91
81 82
71 68
96 15
73 82
51 84
29 45
19 67
88 100
39 102
22 15
54 7
107 30
55 106
62 101
86 16
105 86
104 26
5 33
87 104
5 46
70 102
43 75
43 45
102 52
72 102