160
799
0,
1,
2,
3,
4,
5,
6,
7,
8,
9,
10,
11,
12,
13,
14,
15,
16,
17,
18,
19,
20,
21,
22,
23,
24,
25,
26,
27,
28,
29,
30,
31,
32,
33,
34,
35,
36,
37,
38,
39,
40,
41,
42,
43,
44,
45,
46,
47,
48,
49,
50,
51,
52,
53,
54,
55,
56,
57,
58,
59,
60,
61,
62,
63,
64,
65,
66,
67,
68,
69,
70,
71,
72,
73,
74,
75,
76,
77,
78,
79,
80,
81,
82,
83,
84,
85,
86,
87,
88,
89,
90,
91,
92,
93,
94,
95,
96,
97,
98,
99,
100,
101,
102,
103,
104,
105,
106,
107,
108,
109,
110,
111,
112,
113,
114,
115,
116,
117,
118,
119,
120,
121,
122,
123,
124,
125,
126,
127,
128,
129,
130,
131,
132,
133,
134,
135,
136,
137,
138,
139,
140,
141,
142,
143,
144,
145,
146,
147,
148,
149,
150,
151,
152,
153,
154,
155,
156,
157,
158,
159
133 134
134 112
112 144
144 146
146 118
118 142
142 153
153 29
29 34
34 25
25 70
70 89
89 155
155 33
33 149
149 3
3 72
72 114
114 92
92 13
13 38
38 51
51 147
147 99
99 15
15 26
26 31
31 68
68 98
98 37
37 117
117 47
47 1
1 135
135 62
62 69
69 152
152 76
76 102
102 94
94 5
5 39
39 2
2 97
97 145
145 125
125 48
48 22
22 88
88 119
119 87
87 81
81 140
140 78
78 158
158 11
11 154
154 96
96 131
131 46
46 17
17 79
79 21
21 58
58 10
10 75
75 19
19 35
35 86
86 71
71 42
42 53
53 156
156 63
63 36
36 77
77 151
151 85
85 127
127 55
55 54
54 95
95 49
49 64
64 139
139 23
23 32
32 82
82 90
90 74
74 4
4 66
66 56
56 44
44 50
50 116
116 120
120 108
108 121
121 65
65 41
41 20
20 129
129 138
138 59
59 132
132 105
105 8
8 100
100 0
0 9
9 24
24 27
27 7
7 12
12 141
141 28
28 84
84 14
14 122
122 107
107 40
40 43
43 57
57 52
52 18
18 16
16 124
124 159
159 60
60 115
115 111
111 83
83 143
143 109
109 148
148 137
137 136
136 104
104 61
61 103
103 128
128 130
130 45
45 93
93 101
101 73
73 157
157 110
110 126
126 30
30 150
150 113
113 67
67 123
123 91
91 80
80 6
6 106
86 20
50 21
24 32
148 104
29 44
40 93
42 54
62 7
37 91
69 91
151 154
54 141
81 149
21 50
156 102
101 114
40 11
133 53
86 83
10 137
143 86
38 15
76 118
94 98
80 121
60 42
129 134
131 10
127 81
40 83
29 24
17 121
67 100
45 86
131 21
0 62
23 43
1 152
72 42
68 36
124 32
10 123
131 142
137 124
145 154
82 121
113 116
44 22
104 91
121 94
94 149
58 123
94 120
29 97
56 21
103 68
34 130
71 92
19 70
143 149
120 119
13 62
101 11
8 152
11 131
59 105
69 142
47 118
14 17
99 26
142 29
121 7
77 90
24 64
31 95
82 47
12 22
48 4
132 130
117 135
108 32
5 76
5 36
24 52
149 59
152 112
37 77
96 149
128 22
22 7
30 53
101 57
104 158
63 51
3 37
78 131
112 29
107 80
129 35
98 126
96 23
70 36
107 4
53 142
97 97
79 10
120 105
1 61
135 82
91 32
30 87
33 107
93 17
9 28
51 69
29 98
94 73
97 53
127 153
93 9
34 136
30 40
126 113
133 119
122 67
136 103
13 82
62 10
155 140
131 44
14 120
40 79
12 158
105 73
65 61
153 136
124 96
68 113
145 41
102 33
118 113
131 64
97 45
10 82
131 42
7 26
145 75
60 87
132 23
109 85
102 41
51 12
144 142
66 126
86 89
136 10
28 63
53 132
65 154
97 37
32 26
136 122
158 74
124 41
145 129
76 85
20 38
127 82
74 88
52 93
100 40
148 75
24 151
155 16
93 140
62 152
17 39
80 57
71 102
18 11
80 93
63 144
140 40
19 121
48 44
96 110
34 84
137 101
58 113
47 50
51 158
125 12
152 104
75 145
158 98
51 111
64 25
27 50
103 129
127 149
152 46
115 144
57 126
114 78
123 57
94 7
159 120
6 67
26 13
154 31
117 1
78 52
48 40
20 80
23 122
106 48
66 13
100 24
52 15
120 62
155 33
89 0
148 67
33 98
105 156
98 103
44 126
137 137
82 139
148 108
96 106
35 110
44 126
87 139
85 70
20 144
99 72
52 69
87 143
10 119
32 34
77 38
70 105
50 22
45 8
91 16
41 153
10 69
0 146
89 61
87 84
112 127
29 28
75 41
51 154
14 107
78 43
73 73
51 112
31 11
51 105
18 72
44 120
37 108
142 113
110 86
82 140
1 10
61 55
98 89
21 27
104 150
33 109
50 156
21 130
101 1
37 81
149 58
22 20
149 67
25 134
112 65
40 53
116 47
156 115
36 159
143 60
123 111
48 15
114 130
24 77
135 4
158 46
71 64
117 42
73 83
41 101
20 25
30 53
150 27
86 70
104 75
115 68
106 154
105 126
52 70
119 92
139 27
57 95
51 120
107 151
63 135
55 126
82 27
51 55
12 114
100 110
156 72
51 95
132 150
107 15
116 94
74 80
150 45
73 32
134 139
156 117
44 12
88 32
85 108
111 67
157 79
29 5
116 79
29 128
37 107
30 106
10 80
84 70
23 122
74 6
132 15
87 23
117 66
149 135
42 106
68 144
48 149
130 107
131 51
71 9
57 76
72 62
65 87
50 27
70 64
133 0
47 148
6 22
133 138
0 92
27 26
69 50
28 157
138 18
55 48
39 111
34 115
29 10
62 2
130 3
13 91
108 83
34 108
139 3
31 155
28 104
72 22
2 54
110 103
123 15
31 106
14 5
36 152
76 100
1 41
71 109
113 111
39 60
159 1
112 84
80 4
133 89
151 71
42 136
33 61
159 150
96 140
118 27
46 121
6 101
133 79
153 108
76 53
125 77
31 99
65 47
66 135
98 114
89 11
143 6
136 130
16 69
30 4
35 70
31 3
1 116
18 125
119 134
122 116
61 75
36 113
9 79
155 85
27 16
43 78
97 134
150 116
120 144
158 148
131 67
16 20
19 40
108 96
18 29
152 123
94 91
97 50
144 130
158 78
129 118
151 117
111 129
73 52
15 78
50 40
92 132
128 110
105 11
29 129
116 27
96 50
158 87
97 7
0 158
24 90
42 90
140 1
23 81
153 125
154 122
52 54
42 0
114 22
143 24
154 41
87 53
90 59
113 126
103 159
86 84
93 72
123 68
81 122
98 5
146 46
76 7
87 125
89 66
113 138
71 123
0 4
90 109
32 144
16 108
87 46
26 22
73 86
122 0
35 29
88 21
1 8
119 141
139 36
22 43
51 143
122 38
124 29
126 52
30 64
76 44
81 76
101 141
137 111
38 69
87 147
79 39
143 82
121 138
1 58
147 129
42 133
137 51
30 13
137 72
79 132
96 81
132 110
12 147
109 150
6 53
52 136
90 6
127 156
18 153
115 85
104 12
138 77
150 102
4 112
79 74
56 98
33 0
148 9
51 106
140 109
123 29
116 76
89 2
78 148
95 149
139 12
77 130
154 131
133 109
115 147
148 48
138 83
8 79
113 108
0 136
110 101
44 72
43 64
84 44
123 80
11 17
9 70
105 148
120 9
63 83
122 127
77 0
61 66
6 56
154 72
60 133
10 124
63 87
77 21
39 102
142 8
82 97
141 61
30 77
107 146
60 118
30 29
41 110
51 95
3 41
125 41
127 136
126 55
84 48
21 22
44 128
69 42
2 150
86 37
91 2
14 149
143 98
18 21
85 61
141 51
118 75
105 74
32 38
67 24
131 130
151 103
52 103
3 146
132 74
100 145
13 136
43 36
70 86
99 121
10 129
117 91
127 32
3 57
159 87
108 30
142 132
32 73
31 33
103 77
63 80
38 91
22 150
31 51
152 14
99 94
48 123
60 81
96 73
3 53
101 8
128 65
132 60
64 135
27 106
150 101
122 135
150 125
148 90
116 126