20
99
0,
1,
2,
3,
4,
5,
6,
7,
8,
9,
10,
11,
12,
13,
14,
15,
16,
17,
18,
19
3 1
1 0
0 18
18 7
7 12
12 4
4 14
14 19
19 15
15 8
8 9
9 10
10 11
11 2
2 16
16 13
13 17
17 5
5 6
14 15
10 1
12 17
2 14
1 16
11 11
17 15
3 17
11 7
10 18
8 18
15 18
6 9
5 1
6 0
16 17
11 5
18 15
4 16
3 17
13 9
5 4
1 0
13 5
10 7
1 17
0 3
12 9
16 11
6 19
16 0
8 1
11 1
17 9
3 9
5 3
6 2
0 7
18 7
3 8
14 12
12 14
15 18
10 7
19 16
15 12
1 12
17 12
1 16
11 14
8 11
11 5
3 17
5 7
7 5
4 8
10 0
2 0
18 6
8 9
1 17
15 1
16 18
11 1
18 17
19 15
3 11
7 11
8 6
9 18
12 11
0 19
13 14
14 11
9 5
10 13
7 9
9 19
14 19
4 19