21
104
0,
1,
2,
3,
4,
5,
6,
7,
8,
9,
10,
11,
12,
13,
14,
15,
16,
17,
18,
19,
20
17 15
15 0
0 20
20 8
8 12
12 19
19 2
2 5
5 4
4 3
3 7
7 10
10 11
11 16
16 6
6 14
14 18
18 1
1 9
9 13
4 20
10 18
10 1
17 9
7 17
15 14
15 16
4 12
12 11
15 1
15 11
8 16
16 3
20 6
9 4
2 7
6 14
5 3
17 17
15 0
4 15
12 12
6 11
10 13
1 8
4 15
4 6
17 8
15 20
20 3
8 15
14 15
18 1
16 0
16 9
2 5
5 5
10 10
6 15
12 4
9 16
15 14
20 16
6 19
8 3
17 14
18 2
20 19
16 8
14 10
14 10
0 14
7 12
4 13
2 19
16 14
6 12
4 11
11 13
15 17
19 11
10 14
2 12
0 12
19 17
12 19
3 11
2 14
19 13
1 8
17 0
11 8
13 17
19 8
7 20
11 17
6 9
12 0
9 19
18 4
0 19
12 6
18 2
13 10