22
109
0,
1,
2,
3,
4,
5,
6,
7,
8,
9,
10,
11,
12,
13,
14,
15,
16,
17,
18,
19,
20,
21
20 19
19 3
3 16
16 11
11 15
15 13
13 1
1 12
12 21
21 7
7 8
8 4
4 17
17 18
18 14
14 0
0 2
2 10
10 5
5 9
9 6
3 7
8 12
15 10
14 13
11 13
15 2
13 7
19 18
7 20
13 10
1 3
18 0
9 17
2 16
10 13
21 12
5 0
13 11
7 9
17 21
4 21
21 1
17 19
6 0
8 2
9 18
17 5
15 12
15 6
12 8
21 17
19 13
4 20
12 5
15 15
9 12
14 18
3 3
15 2
20 20
7 16
15 17
13 0
6 4
2 8
7 14
9 2
13 0
12 4
4 8
19 18
11 10
13 16
17 15
8 7
9 5
17 9
17 19
7 5
13 5
11 0
20 2
0 14
12 7
14 18
19 10
18 8
7 2
18 14
21 13
14 13
20 9
11 11
13 11
14 15
18 21
10 8
3 6
19 16
21 1
20 14
8 6
11 3
12 15
7 2
0 9
2 11
19 12