240
1199
0,
1,
2,
3,
4,
5,
6,
7,
8,
9,
10,
11,
12,
13,
14,
15,
16,
17,
18,
19,
20,
21,
22,
23,
24,
25,
26,
27,
28,
29,
30,
31,
32,
33,
34,
35,
36,
37,
38,
39,
40,
41,
42,
43,
44,
45,
46,
47,
48,
49,
50,
51,
52,
53,
54,
55,
56,
57,
58,
59,
60,
61,
62,
63,
64,
65,
66,
67,
68,
69,
70,
71,
72,
73,
74,
75,
76,
77,
78,
79,
80,
81,
82,
83,
84,
85,
86,
87,
88,
89,
90,
91,
92,
93,
94,
95,
96,
97,
98,
99,
100,
101,
102,
103,
104,
105,
106,
107,
108,
109,
110,
111,
112,
113,
114,
115,
116,
117,
118,
119,
120,
121,
122,
123,
124,
125,
126,
127,
128,
129,
130,
131,
132,
133,
134,
135,
136,
137,
138,
139,
140,
141,
142,
143,
144,
145,
146,
147,
148,
149,
150,
151,
152,
153,
154,
155,
156,
157,
158,
159,
160,
161,
162,
163,
164,
165,
166,
167,
168,
169,
170,
171,
172,
173,
174,
175,
176,
177,
178,
179,
180,
181,
182,
183,
184,
185,
186,
187,
188,
189,
190,
191,
192,
193,
194,
195,
196,
197,
198,
199,
200,
201,
202,
203,
204,
205,
206,
207,
208,
209,
210,
211,
212,
213,
214,
215,
216,
217,
218,
219,
220,
221,
222,
223,
224,
225,
226,
227,
228,
229,
230,
231,
232,
233,
234,
235,
236,
237,
238,
239
167 157
157 200
200 203
203 57
57 130
130 82
82 180
180 233
233 14
14 150
150 69
69 99
99 47
47 225
225 101
101 60
60 137
137 208
208 185
185 16
16 108
108 84
84 106
106 63
63 131
131 50
50 87
87 170
170 118
118 226
226 193
193 174
174 88
88 178
178 235
235 8
8 115
115 148
148 2
2 100
100 73
73 52
52 28
28 213
213 176
176 29
29 34
34 64
64 55
55 10
10 204
204 160
160 79
79 119
119 168
168 116
116 103
103 230
230 216
216 117
117 210
210 152
152 162
162 7
7 223
223 182
182 224
224 44
44 12
12 33
33 184
184 0
0 231
231 95
95 77
77 51
51 42
42 18
18 159
159 121
121 147
147 158
158 177
177 54
54 173
173 138
138 97
97 194
194 165
165 9
9 83
83 227
227 149
149 61
61 40
40 132
132 78
78 31
31 175
175 239
239 66
66 190
190 5
5 15
15 39
39 134
134 217
217 6
6 41
41 155
155 192
192 128
128 126
126 113
113 111
111 32
32 110
110 135
135 62
62 211
211 199
199 206
206 120
120 183
183 139
139 215
215 197
197 142
142 71
71 187
187 232
232 92
92 196
196 48
48 43
43 238
238 212
212 76
76 207
207 236
236 125
125 122
122 205
205 209
209 154
154 91
91 70
70 163
163 171
171 189
189 220
220 172
172 237
237 68
68 81
81 109
109 35
35 218
218 85
85 222
222 114
114 89
89 179
179 3
3 229
229 49
49 53
53 24
24 36
36 169
169 27
27 234
234 45
45 46
46 202
202 1
1 21
21 107
107 13
13 22
22 153
153 19
19 145
145 198
198 105
105 201
201 164
164 23
23 186
186 75
75 90
90 127
127 141
141 112
112 86
86 93
93 59
59 4
4 144
144 221
221 129
129 191
191 181
181 161
161 228
228 20
20 136
136 166
166 124
124 58
58 188
188 219
219 80
80 38
38 156
156 214
214 67
67 146
146 26
26 143
143 25
25 102
102 56
56 65
65 17
17 74
74 72
72 11
11 151
151 140
140 96
96 94
94 37
37 133
133 123
123 104
104 195
195 98
98 30
160 5
177 71
216 127
210 107
24 160
96 207
215 60
239 41
164 177
230 187
49 6
55 47
113 138
167 115
105 103
63 102
215 53
32 182
216 232
32 173
139 50
90 23
125 165
192 128
44 100
43 152
96 9
101 191
154 120
93 116
25 211
24 138
13 170
29 65
50 17
34 217
36 45
224 157
67 153
40 66
179 231
151 56
226 23
199 215
152 211
49 125
61 54
41 123
39 87
27 124
3 206
4 94
33 123
144 192
169 68
83 87
42 35
33 54
178 237
129 0
164 75
204 64
52 135
61 128
157 126
135 237
78 162
74 123
162 173
59 13
13 81
187 54
220 158
36 96
107 134
184 132
179 110
151 176
31 193
27 185
88 230
213 97
164 15
149 38
29 104
196 108
143 173
64 40
191 88
116 6
66 152
212 38
138 25
126 20
109 227
208 131
95 82
68 115
56 152
37 40
198 234
198 62
67 175
109 43
207 77
130 1
177 196
25 7
185 157
39 167
105 207
80 132
110 144
57 121
225 129
20 202
8 163
39 25
68 86
49 44
74 125
1 212
61 202
121 112
93 183
234 235
135 185
48 46
65 95
6 138
209 134
125 4
187 19
239 200
180 99
27 194
57 40
192 153
55 147
37 63
187 74
74 222
100 75
46 54
83 17
55 84
132 11
125 41
62 40
73 163
21 56
90 134
121 2
113 170
62 168
168 111
228 55
111 229
51 188
67 7
196 228
107 27
71 202
138 19
68 171
140 8
17 153
153 122
99 29
213 55
29 198
100 105
127 75
204 29
163 136
25 10
82 90
213 89
73 218
101 67
62 62
65 188
19 105
169 158
125 131
167 105
5 220
217 85
206 31
120 26
189 230
115 150
139 109
74 150
121 190
136 196
123 135
211 206
104 92
118 158
59 86
59 125
133 82
36 194
94 122
58 205
119 36
73 60
150 18
162 33
43 103
78 12
34 190
182 119
21 159
143 160
212 110
111 103
1 15
103 63
222 55
195 127
102 107
226 149
107 175
175 122
66 6
120 41
198 215
1 38
28 127
166 191
68 177
56 150
137 214
192 26
66 71
147 42
133 180
150 103
24 217
92 192
43 198
98 179
11 81
74 156
85 187
153 57
27 205
185 43
5 116
150 209
31 150
51 123
73 143
212 116
96 153
173 10
55 166
12 13
144 234
222 70
105 133
113 201
214 159
80 203
191 181
104 222
235 130
130 139
188 74
10 115
139 151
59 109
173 233
40 0
189 211
140 179
71 4
128 77
148 147
89 227
84 11
193 128
66 230
140 167
153 202
25 19
215 30
115 108
231 120
110 160
185 197
66 168
74 21
74 196
51 179
198 140
80 238
89 180
156 225
227 189
91 10
39 77
46 120
2 109
229 235
119 207
7 70
155 83
34 78
235 234
101 199
57 55
25 47
50 126
166 66
157 146
84 31
7 148
175 136
215 75
74 101
43 91
26 32
72 76
175 136
74 79
227 228
153 137
230 201
222 231
195 48
156 40
84 13
10 103
124 27
72 191
228 154
50 183
81 186
59 161
67 123
28 67
115 137
12 180
75 167
19 85
35 139
163 5
185 162
127 149
6 168
162 203
200 224
135 182
112 194
120 198
96 162
168 115
186 13
211 120
11 110
105 130
143 79
175 130
229 227
161 114
133 222
154 192
71 40
140 117
188 135
15 188
33 6
187 182
174 7
76 186
182 211
131 169
175 8
52 58
67 153
18 92
216 54
165 212
186 25
229 90
39 99
33 78
134 63
190 167
132 154
87 126
106 42
196 130
126 124
13 226
157 43
64 146
221 212
44 124
227 62
42 187
157 1
215 181
203 32
58 236
235 212
65 11
29 162
58 18
179 8
137 163
225 57
152 187
18 189
12 47
161 8
95 26
171 106
81 10
33 63
22 125
73 173
61 68
122 151
73 83
179 103
125 126
77 138
35 173
184 23
231 58
161 98
200 49
44 207
221 230
174 36
7 139
180 30
46 109
239 116
36 3
171 53
57 237
20 105
130 129
181 86
60 35
238 238
202 158
212 29
157 62
60 90
89 6
14 151
8 201
57 57
4 144
16 146
64 110
200 68
157 108
177 163
35 154
171 155
162 61
141 236
236 127
182 52
148 16
134 119
114 132
167 164
17 130
235 140
129 68
190 214
87 236
66 142
213 176
20 198
17 185
195 121
216 88
116 68
223 65
17 5
92 92
223 80
170 238
215 42
178 22
102 134
15 115
124 121
134 211
212 184
193 11
177 161
202 169
143 57
112 193
97 178
209 107
117 7
196 166
85 6
131 15
37 133
34 190
166 205
143 185
32 174
9 113
199 29
32 92
62 226
109 54
147 47
191 181
163 113
126 204
4 36
150 51
41 182
82 194
137 195
165 84
101 209
165 231
28 236
225 153
191 207
227 238
204 79
132 115
139 64
72 157
34 118
236 2
204 61
230 219
213 168
124 183
189 215
190 94
135 65
72 194
177 195
114 19
64 28
142 58
143 81
179 209
119 54
65 225
191 43
216 229
87 34
158 223
138 128
54 141
204 31
93 109
1 168
70 135
195 89
84 196
220 68
25 100
204 30
126 161
194 110
22 234
184 193
131 126
112 46
145 126
186 138
78 161
42 163
43 70
130 139
209 50
214 59
77 93
63 234
186 16
182 145
125 142
115 58
174 46
171 239
117 74
138 24
98 202
150 102
203 194
43 228
124 66
212 77
175 69
28 224
20 157
86 147
97 212
158 67
18 205
229 186
199 71
233 223
193 230
167 222
3 141
15 24
57 68
92 239
146 35
47 72
94 196
29 213
113 218
131 81
164 191
91 125
34 206
194 3
200 207
81 13
153 229
203 111
146 114
71 200
152 86
192 55
45 58
49 212
137 23
110 79
97 105
207 6
29 5
94 78
163 216
45 20
174 129
119 9
123 117
8 109
89 58
195 2
238 175
47 44
156 91
17 71
78 93
221 93
75 130
115 99
216 19
98 157
169 22
10 165
47 143
233 22
228 90
150 68
197 107
38 175
11 183
197 235
181 71
105 21
224 97
153 213
27 80
221 143
133 40
72 77
97 233
76 104
115 194
99 164
226 21
66 193
224 74
106 182
111 192
3 152
184 116
201 141
10 98
227 183
53 89
239 67
110 149
70 38
22 160
190 47
155 187
211 134
111 176
82 202
45 83
133 10
74 124
53 31
202 13
236 42
165 114
156 26
15 0
209 60
149 92
198 115
227 152
195 102
133 129
202 239
167 37
60 196
228 218
197 118
159 234
185 54
32 220
233 57
42 70
39 95
191 74
109 237
42 90
211 156
78 50
223 115
44 110
104 83
77 21
233 230
188 20
171 0
184 186
197 97
44 97
192 213
78 164
158 144
149 184
12 10
196 14
88 187
164 139
130 134
56 151
188 171
184 207
134 183
89 26
232 3
102 175
196 103
162 234
190 41
13 198
79 121
206 78
11 180
92 81
39 47
61 49
177 226
169 65
18 94
127 167
164 3
35 8
152 172
1 111
178 202
73 36
144 224
99 35
58 104
156 52
207 22
236 92
114 101
91 32
110 32
130 56
45 142
77 168
53 68
16 144
237 134
194 155
232 53
206 51
99 45
125 94
81 75
208 174
80 106
239 210
129 193
80 152
9 206
150 35
186 123
32 11
7 155
174 227
131 9
208 65
58 230
204 55
69 153
104 39
91 176
31 59
196 69
25 169
8 33
85 66
164 69
63 13
98 47
65 80
155 234
51 88
234 157
94 184
150 209
212 76
191 150
62 91
236 169
197 113
46 131
24 11
59 143
156 21
40 108
153 81
171 221
71 12
190 5
177 186
188 215
49 56
230 109
107 130
13 144
112 69
66 232
193 118
103 228
30 33
24 238
56 159
54 23
11 15
41 1
99 207
234 228
68 176
91 163
19 222
154 40
190 136
17 66
232 20
160 175
210 103
100 213
142 128
105 81
140 156
120 168
16 67
34 35
216 87
103 127
60 58
79 143
34 162
175 83
208 80
67 70
101 83
144 234
221 42
127 232
73 126
64 57
227 66
111 72
209 173
93 1
112 101
185 161
158 199
128 166
218 24
183 98
204 95
27 146
145 84
221 35
185 48
99 33
202 3
21 160
161 179
139 190
79 116
82 205
140 122
196 169
231 111
230 33
116 176
96 216
215 23
148 215
231 178
228 25
32 35
65 19
144 71
13 28
34 86
190 184
206 105
64 19
201 200
29 73
94 102
219 218
8 203
169 107
12 137
7 6
41 145
30 80
228 6
89 53
205 163
18 215
24 99
213 10
30 28
81 205
76 185
170 90
179 216
215 137
205 98