25
124
0,
1,
2,
3,
4,
5,
6,
7,
8,
9,
10,
11,
12,
13,
14,
15,
16,
17,
18,
19,
20,
21,
22,
23,
24
14 16
16 4
4 11
11 5
5 9
9 10
10 2
2 15
15 20
20 18
18 23
23 12
12 3
3 24
24 13
13 0
0 22
22 17
17 7
7 1
1 19
19 6
6 21
21 8
23 10
9 5
19 3
7 12
19 24
18 20
16 14
16 22
22 15
9 16
22 1
2 7
4 16
11 15
22 9
12 0
12 19
17 16
9 19
18 0
22 8
3 1
6 4
23 1
10 8
12 5
10 18
24 13
18 16
7 5
0 14
24 15
18 6
20 22
3 23
3 9
10 4
10 19
20 14
15 5
0 9
7 10
2 14
16 2
16 2
15 9
18 11
5 15
13 10
1 14
13 9
2 20
8 13
6 21
3 21
19 10
19 13
24 2
14 0
7 1
8 16
22 24
2 13
7 5
12 22
17 22
4 19
5 11
19 21
0 11
1 13
11 6
20 2
3 19
1 7
15 13
17 1
7 8
15 22
13 3
4 22
4 13
18 16
21 20
8 19
1 5
0 8
12 11
13 10
18 10
20 19
22 4
10 11
13 3
18 8
22 17
9 3
0 0
4 3
19 18