28
139
0,
1,
2,
3,
4,
5,
6,
7,
8,
9,
10,
11,
12,
13,
14,
15,
16,
17,
18,
19,
20,
21,
22,
23,
24,
25,
26,
27
5 24
24 7
7 17
17 9
9 25
25 15
15 27
27 8
8 0
0 18
18 19
19 11
11 21
21 20
20 1
1 2
2 14
14 13
13 16
16 10
10 6
6 12
12 4
4 3
3 22
22 23
23 26
26 20
1 18
9 8
24 6
16 15
11 12
15 3
0 15
11 8
26 15
1 4
16 2
7 10
8 7
25 13
7 20
20 12
4 1
17 18
7 22
11 19
11 14
6 22
21 4
0 21
21 4
4 23
6 5
11 10
12 13
24 10
5 23
15 18
20 15
26 17
15 23
0 5
22 22
6 11
19 20
5 23
23 26
7 7
2 19
8 15
24 5
1 14
21 26
2 24
0 17
9 13
24 9
20 3
22 12
2 17
18 20
23 5
6 11
10 15
18 1
6 26
20 23
22 21
21 15
13 11
20 18
16 27
4 13
24 11
10 7
16 1
9 6
24 9
19 15
6 6
17 27
23 0
8 21
27 10
8 1
4 22
2 21
20 22
5 22
25 0
27 23
4 23
10 27
4 14
9 22
20 20
6 5
0 25
7 24
21 25
27 11
23 26
16 6
13 22
6 7
7 27
12 7
22 8
26 17
23 12
11 27
25 5
26 3
7 1
9 7
24 4
20 27