30
149
0,
1,
2,
3,
4,
5,
6,
7,
8,
9,
10,
11,
12,
13,
14,
15,
16,
17,
18,
19,
20,
21,
22,
23,
24,
25,
26,
27,
28,
29
12 1
1 3
3 27
27 22
22 24
24 0
0 11
11 8
8 25
25 15
15 4
4 18
18 13
13 6
6 29
29 10
10 5
5 9
9 21
21 28
28 19
19 23
23 20
20 17
17 16
16 2
2 7
7 26
26 14
9 17
18 11
25 26
24 27
23 27
14 25
4 6
20 25
2 0
24 18
21 15
26 0
25 7
29 17
13 17
0 3
20 6
10 12
19 2
12 27
1 25
19 22
22 14
6 29
3 8
1 2
10 27
28 28
12 18
6 5
26 15
23 13
22 12
23 10
10 11
13 0
27 24
25 8
4 25
26 16
26 29
19 24
4 14
22 7
25 13
11 15
13 11
13 13
4 5
26 25
24 27
10 3
20 12
20 14
6 11
14 13
28 8
7 7
24 11
15 21
0 28
22 20
15 6
12 1
5 26
24 12
13 7
22 21
14 6
20 22
29 0
25 25
13 28
3 24
8 9
27 22
17 27
17 7
9 14
19 14
17 28
5 25
4 1
13 10
25 21
3 15
13 23
23 11
2 23
28 27
13 11
27 23
2 19
25 17
12 0
16 12
11 1
19 29
8 5
10 8
7 20
1 18
23 21
1 23
6 26
12 26
0 18
17 11
14 13
1 9
12 27
24 21
3 23
17 21
17 14
12 4
16 25
27 23
16 20
18 3