31
154
0,
1,
2,
3,
4,
5,
6,
7,
8,
9,
10,
11,
12,
13,
14,
15,
16,
17,
18,
19,
20,
21,
22,
23,
24,
25,
26,
27,
28,
29,
30
28 27
27 19
19 5
5 29
29 1
1 21
21 0
0 20
20 13
13 8
8 11
11 3
3 14
14 12
12 24
24 9
9 25
25 23
23 15
15 10
10 17
17 2
2 18
18 26
26 22
22 6
6 30
30 7
7 4
4 16
21 8
10 29
8 23
27 21
21 16
15 25
23 3
5 21
0 21
30 7
23 14
19 24
9 7
24 30
8 15
21 22
28 8
2 10
28 26
29 6
17 26
20 30
17 6
23 27
11 11
16 14
18 12
12 6
1 30
28 26
12 11
29 0
4 16
22 16
10 21
28 5
17 29
17 7
15 23
12 11
21 12
28 11
25 14
8 22
20 24
1 2
6 3
4 11
26 27
0 5
30 16
18 13
2 15
4 17
27 16
19 7
10 20
21 8
20 29
2 24
6 19
28 0
14 30
22 27
14 7
5 13
11 15
27 30
22 0
27 23
25 11
5 21
1 7
10 15
14 12
2 0
5 19
5 0
26 7
16 17
22 19
2 1
22 16
6 25
11 26
9 15
9 14
26 27
16 17
18 10
25 3
11 25
20 2
11 18
26 29
18 27
29 9
19 27
21 29
16 22
7 28
24 10
12 2
14 23
17 11
5 22
22 17
27 22
4 6
0 14
27 21
13 0
3 7
10 19
23 18
10 19
20 27
19 9
19 7
17 18
24 2
30 7
21 19
8 29