32
159
0,
1,
2,
3,
4,
5,
6,
7,
8,
9,
10,
11,
12,
13,
14,
15,
16,
17,
18,
19,
20,
21,
22,
23,
24,
25,
26,
27,
28,
29,
30,
31
25 11
11 13
13 22
22 10
10 28
28 29
29 8
8 2
2 6
6 30
30 7
7 5
5 1
1 9
9 31
31 27
27 14
14 26
26 21
21 3
3 19
19 12
12 24
24 23
23 20
20 15
15 16
16 0
0 18
18 17
17 4
23 31
22 13
27 6
27 20
6 6
11 18
10 27
20 13
4 5
26 2
16 28
5 20
22 15
19 18
5 19
0 12
16 18
6 15
6 21
16 13
15 21
24 14
0 6
20 17
7 29
30 11
7 13
23 7
5 29
22 19
5 29
14 23
18 23
31 22
14 21
16 5
31 12
9 0
9 2
10 15
4 31
10 0
12 15
2 11
12 4
2 26
2 12
19 23
18 11
20 21
11 11
25 15
5 16
6 4
3 10
23 27
14 17
29 13
13 11
13 2
16 25
12 1
14 11
5 28
4 5
27 29
13 18
20 2
21 20
21 26
21 25
8 14
10 21
19 9
1 14
8 20
12 0
2 17
31 22
13 16
3 12
20 19
21 29
22 10
25 5
20 3
30 0
2 28
14 17
24 21
30 14
23 21
15 23
3 24
12 7
10 10
27 29
27 11
0 30
13 5
23 0
19 9
20 26
5 21
8 30
7 10
2 19
17 4
8 16
18 19
27 15
25 13
27 10
0 31
7 22
2 14
18 1
5 9
5 4
14 31
0 29
16 9
7 23
21 19
3 12
9 17
21 23
18 4