340
1699
0,
1,
2,
3,
4,
5,
6,
7,
8,
9,
10,
11,
12,
13,
14,
15,
16,
17,
18,
19,
20,
21,
22,
23,
24,
25,
26,
27,
28,
29,
30,
31,
32,
33,
34,
35,
36,
37,
38,
39,
40,
41,
42,
43,
44,
45,
46,
47,
48,
49,
50,
51,
52,
53,
54,
55,
56,
57,
58,
59,
60,
61,
62,
63,
64,
65,
66,
67,
68,
69,
70,
71,
72,
73,
74,
75,
76,
77,
78,
79,
80,
81,
82,
83,
84,
85,
86,
87,
88,
89,
90,
91,
92,
93,
94,
95,
96,
97,
98,
99,
100,
101,
102,
103,
104,
105,
106,
107,
108,
109,
110,
111,
112,
113,
114,
115,
116,
117,
118,
119,
120,
121,
122,
123,
124,
125,
126,
127,
128,
129,
130,
131,
132,
133,
134,
135,
136,
137,
138,
139,
140,
141,
142,
143,
144,
145,
146,
147,
148,
149,
150,
151,
152,
153,
154,
155,
156,
157,
158,
159,
160,
161,
162,
163,
164,
165,
166,
167,
168,
169,
170,
171,
172,
173,
174,
175,
176,
177,
178,
179,
180,
181,
182,
183,
184,
185,
186,
187,
188,
189,
190,
191,
192,
193,
194,
195,
196,
197,
198,
199,
200,
201,
202,
203,
204,
205,
206,
207,
208,
209,
210,
211,
212,
213,
214,
215,
216,
217,
218,
219,
220,
221,
222,
223,
224,
225,
226,
227,
228,
229,
230,
231,
232,
233,
234,
235,
236,
237,
238,
239,
240,
241,
242,
243,
244,
245,
246,
247,
248,
249,
250,
251,
252,
253,
254,
255,
256,
257,
258,
259,
260,
261,
262,
263,
264,
265,
266,
267,
268,
269,
270,
271,
272,
273,
274,
275,
276,
277,
278,
279,
280,
281,
282,
283,
284,
285,
286,
287,
288,
289,
290,
291,
292,
293,
294,
295,
296,
297,
298,
299,
300,
301,
302,
303,
304,
305,
306,
307,
308,
309,
310,
311,
312,
313,
314,
315,
316,
317,
318,
319,
320,
321,
322,
323,
324,
325,
326,
327,
328,
329,
330,
331,
332,
333,
334,
335,
336,
337,
338,
339
83 305
305 171
171 44
44 129
129 215
215 265
265 297
297 78
78 287
287 225
225 271
271 10
10 142
142 114
114 203
203 0
0 32
32 7
7 237
237 159
159 252
252 257
257 326
326 115
115 243
243 248
248 299
299 212
212 229
229 208
208 181
181 218
218 72
72 73
73 160
160 270
270 202
202 220
220 267
267 108
108 155
155 137
137 260
260 307
307 5
5 308
308 140
140 132
132 97
97 335
335 273
273 145
145 333
333 4
4 293
293 266
266 322
322 275
275 296
296 198
198 240
240 233
233 130
130 283
283 144
144 152
152 19
19 337
337 274
274 182
182 21
21 54
54 207
207 219
219 190
190 303
303 51
51 286
286 135
135 138
138 79
79 175
175 2
2 231
231 223
223 126
126 1
1 111
111 133
133 24
24 119
119 177
177 194
194 192
192 232
232 69
69 291
291 222
222 196
196 123
123 38
38 259
259 204
204 250
250 109
109 224
224 84
84 80
80 164
164 284
284 91
91 47
47 23
23 22
22 59
59 86
86 117
117 101
101 13
13 88
88 191
191 141
141 262
262 295
295 264
264 65
65 62
62 112
112 150
150 310
310 188
188 66
66 205
205 247
247 245
245 143
143 216
216 89
89 125
125 309
309 104
104 288
288 61
61 251
251 67
67 167
167 234
234 279
279 20
20 253
253 242
242 200
200 195
195 154
154 161
161 157
157 173
173 64
64 249
249 151
151 103
103 330
330 174
174 282
282 98
98 35
35 199
199 76
76 313
313 289
289 27
27 93
93 324
324 325
325 316
316 68
68 17
17 105
105 122
122 197
197 306
306 107
107 227
227 217
217 281
281 166
166 46
46 317
317 100
100 77
77 315
315 278
278 55
55 87
87 30
30 210
210 300
300 228
228 178
178 172
172 269
269 261
261 165
165 33
33 255
255 328
328 201
201 239
239 329
329 26
26 156
156 334
334 206
206 314
314 127
127 139
139 42
42 8
8 331
331 339
339 11
11 236
236 43
43 169
169 304
304 14
14 121
121 276
276 95
95 45
45 31
31 52
52 163
163 36
36 131
131 110
110 320
320 214
214 226
226 28
28 6
6 301
301 3
3 294
294 179
179 134
134 71
71 82
82 268
268 70
70 124
124 29
29 158
158 148
148 323
323 272
272 94
94 338
338 292
292 277
277 312
312 39
39 57
57 50
50 85
85 102
102 258
258 180
180 40
40 81
81 298
298 319
319 25
25 238
238 116
116 58
58 146
146 113
113 118
118 90
90 241
241 254
254 34
34 53
53 290
290 37
37 321
321 189
189 60
60 15
15 128
128 327
327 99
99 184
184 221
221 168
168 302
302 41
41 244
244 149
149 193
193 147
147 187
187 49
49 186
186 96
96 48
48 170
170 211
211 9
9 162
162 74
74 235
235 246
246 120
120 332
332 136
136 280
280 63
63 56
56 285
285 106
106 263
263 176
176 311
311 230
230 213
213 336
336 318
318 256
256 12
12 16
16 183
183 185
185 75
75 92
92 209
209 18
18 153
8 250
26 275
129 86
14 3
209 3
29 58
137 338
89 235
324 228
137 17
139 234
223 294
33 67
79 82
277 337
55 135
278 240
326 295
138 130
13 37
142 14
209 164
126 29
190 221
50 173
97 92
198 324
75 48
197 24
317 118
184 17
85 6
6 290
54 203
330 147
318 214
311 89
231 87
166 231
70 161
137 321
59 24
222 235
303 36
336 12
206 156
294 129
80 187
103 168
13 160
106 207
248 113
283 38
87 91
27 113
43 41
117 86
244 68
316 167
82 6
84 172
20 133
59 260
99 12
271 327
48 102
223 268
4 63
305 204
172 273
36 123
233 231
178 154
265 202
305 242
271 131
255 240
283 302
256 207
93 86
248 309
133 217
302 40
121 231
51 172
46 123
23 28
9 90
163 244
193 228
205 4
240 209
4 279
173 232
334 339
153 303
197 240
331 261
263 53
206 93
1 132
103 299
10 60
157 7
219 216
202 87
306 184
83 126
237 217
339 63
248 220
102 64
196 138
335 275
48 181
58 154
144 97
256 138
229 327
6 317
274 65
302 258
143 223
302 139
25 90
87 190
172 84
225 174
51 267
50 187
84 269
280 43
301 25
165 227
259 293
147 175
330 174
337 220
65 32
161 132
119 43
63 278
2 205
242 117
154 21
4 252
17 115
86 109
304 70
13 215
262 32
163 125
239 89
327 216
218 43
107 108
57 15
305 138
123 41
8 248
210 46
120 282
105 89
75 144
34 275
110 74
65 104
302 130
243 78
32 179
258 62
152 97
250 136
211 303
103 149
131 87
189 17
239 217
276 262
245 150
213 244
287 144
200 222
110 13
153 41
65 136
310 155
150 185
41 76
156 29
54 207
214 38
202 220
41 26
298 80
259 70
254 339
69 77
134 55
93 324
330 212
336 194
149 14
296 124
216 134
7 15
214 322
145 323
55 324
73 334
183 1
157 56
327 95
111 34
328 115
333 21
290 92
188 100
309 266
280 322
185 267
248 22
55 181
81 29
133 59
104 261
48 250
266 259
69 78
272 161
129 132
302 13
325 40
307 288
210 169
28 312
217 331
6 182
295 42
283 180
338 132
181 133
299 45
60 211
32 172
35 266
112 80
87 232
274 102
50 119
138 124
265 169
257 7
17 338
72 104
82 22
235 202
27 159
324 196
226 284
210 90
263 216
321 272
172 195
212 6
169 158
137 300
20 329
201 38
258 214
112 48
30 126
87 138
116 70
188 124
41 230
199 157
47 280
228 317
192 66
124 133
157 112
84 18
235 289
170 2
119 339
122 107
30 272
301 25
313 295
25 218
39 188
1 69
131 253
198 102
201 63
63 188
203 118
191 176
264 266
182 50
84 192
168 81
59 105
172 54
67 121
188 127
337 3
1 55
189 310
291 193
191 186
200 271
136 12
125 4
164 196
113 153
252 291
135 285
191 89
109 71
136 203
231 172
67 213
252 316
228 7
312 30
98 36
63 60
235 127
199 20
146 325
293 178
205 333
34 34
3 177
42 188
297 159
264 312
197 290
50 287
113 302
247 166
34 279
221 135
40 58
317 67
84 279
122 102
161 56
180 38
127 197
262 325
222 182
310 318
334 288
136 50
163 333
235 160
73 68
320 126
214 264
149 129
71 299
270 67
67 213
292 253
287 61
130 194
335 129
229 251
96 58
40 40
130 320
274 21
225 154
281 90
207 257
316 181
254 180
144 303
40 145
221 17
269 303
310 339
323 280
185 112
144 186
103 187
154 65
35 308
136 250
299 199
152 335
33 249
94 17
282 110
31 284
112 310
291 115
279 312
148 154
74 179
116 78
193 175
279 313
177 231
96 115
183 173
137 25
317 210
217 290
269 92
309 240
61 280
297 238
297 72
145 143
73 243
267 222
54 120
6 277
187 160
169 110
102 45
249 60
60 228
86 51
123 253
250 324
12 151
257 321
43 295
292 295
147 6
43 321
131 14
210 234
189 139
273 163
331 299
149 194
168 246
242 90
298 28
86 86
191 336
67 67
48 168
284 18
116 256
96 222
108 47
339 140
87 291
253 188
278 195
235 273
15 260
143 92
41 295
50 332
270 281
150 6
224 277
100 222
55 34
297 85
204 277
53 54
221 328
322 208
325 245
276 174
290 273
53 204
332 66
175 292
212 23
18 62
268 293
54 92
28 37
74 77
164 202
237 79
259 118
220 306
315 41
10 220
97 144
127 6
270 71
152 120
64 119
269 325
295 215
275 297
6 264
200 155
40 33
241 117
222 194
85 26
72 160
81 278
284 311
148 163
216 17
160 126
329 283
247 199
92 95
158 315
37 83
29 317
62 244
263 268
235 140
193 62
192 300
195 19
115 162
48 268
129 272
308 13
175 57
5 283
244 32
289 30
255 69
65 180
282 334
265 33
276 168
176 198
186 67
25 123
148 97
243 102
330 201
88 101
308 51
77 138
11 232
49 171
13 230
220 156
142 154
78 56
317 92
231 234
121 37
279 109
147 276
77 277
162 219
245 319
292 123
63 302
269 98
273 7
203 281
216 141
213 150
220 247
102 215
224 96
98 264
48 129
23 281
47 78
115 88
28 72
203 53
200 232
277 70
152 242
130 289
319 329
214 227
333 230
154 2
105 207
81 313
8 261
161 146
18 287
183 130
60 294
138 324
327 120
50 197
316 54
175 168
110 118
285 251
105 336
305 92
105 260
74 184
107 206
111 134
259 334
18 297
33 323
135 77
188 245
3 4
335 138
209 21
127 16
42 81
75 230
12 20
336 2
165 242
102 331
149 43
43 157
152 13
162 280
91 187
265 158
257 37
150 149
237 160
293 206
158 247
298 34
328 108
69 73
189 292
31 209
163 112
296 255
19 207
175 28
32 262
26 178
209 125
200 124
312 243
159 94
281 211
43 18
42 22
134 111
267 139
198 53
165 191
249 178
139 251
17 239
178 226
30 21
187 86
332 250
245 92
310 153
288 248
217 228
228 196
188 337
333 162
103 31
229 330
285 34
306 230
204 174
250 274
133 128
300 86
197 102
262 130
305 80
299 145
156 114
85 199
50 43
62 205
307 166
215 119
163 71
7 234
253 26
132 236
93 100
82 246
218 235
245 7
124 117
14 132
234 136
45 237
170 113
66 294
124 299
234 216
226 174
66 315
62 40
58 253
183 292
194 244
146 244
125 209
286 287
179 177
327 334
310 76
315 233
14 30
123 257
167 269
86 153
23 121
126 241
116 318
74 272
42 34
46 149
258 48
313 100
282 284
80 213
235 169
16 198
290 51
282 223
337 238
80 243
43 295
43 261
90 75
291 202
148 244
267 297
171 266
299 97
270 198
156 210
103 74
184 227
281 185
129 339
31 95
161 241
243 104
199 93
254 259
217 38
86 202
166 34
222 205
333 319
230 70
332 31
256 6
40 128
50 263
221 78
325 163
156 265
126 187
312 170
209 167
135 163
207 299
112 48
190 207
196 59
268 289
155 85
232 255
40 325
212 204
244 10
99 246
286 8
310 191
205 95
204 84
98 168
6 142
97 91
279 282
277 241
330 269
182 174
294 291
2 309
9 16
276 223
287 165
281 58
331 166
34 88
140 218
32 107
122 13
61 160
3 22
284 11
67 311
89 215
54 70
8 258
190 273
235 22
216 213
274 243
303 125
294 175
91 2
215 174
83 270
225 129
47 110
117 300
152 312
226 278
306 143
237 290
213 289
59 132
235 4
1 145
132 131
252 220
134 114
134 88
218 65
147 240
154 252
146 59
272 210
104 6
143 256
58 31
292 75
153 16
208 77
70 25
308 285
176 314
193 226
103 14
306 39
50 8
117 12
242 124
209 329
206 269
330 2
175 5
26 270
204 38
66 119
182 75
166 15
6 183
233 205
262 12
73 305
87 52
211 255
314 61
236 163
65 316
143 298
96 200
289 110
24 137
212 158
248 1
262 121
83 251
8 9
335 124
145 140
129 294
111 277
222 56
218 156
245 26
319 281
67 269
325 318
157 99
191 121
215 272
43 44
165 116
123 203
264 257
123 122
63 2
334 88
201 266
213 112
192 174
227 200
13 319
24 43
289 185
164 236
162 124
170 218
105 176
68 260
138 77
273 238
145 144
273 297
215 152
321 165
178 309
278 2
62 85
98 51
139 191
11 309
114 130
339 168
95 52
195 156
215 233
299 237
290 322
211 334
307 134
200 75
28 113
171 97
328 201
97 231
247 188
282 294
207 199
141 82
298 258
239 276
138 147
292 113
291 239
242 65
103 40
145 125
15 7
221 218
331 196
269 226
153 161
236 13
24 49
336 246
305 313
309 128
97 201
29 289
304 194
325 19
53 188
327 15
261 16
272 321
19 205
113 107
211 212
153 67
31 161
117 199
48 334
70 217
76 160
106 186
153 243
206 138
271 49
330 228
235 111
176 230
296 242
209 215
94 27
25 223
215 170
242 11
178 166
186 43
320 233
89 46
294 219
20 95
241 30
51 132
141 20
333 35
244 61
9 106
306 122
112 199
232 222
112 58
32 85
133 94
17 65
326 210
86 161
229 198
66 282
93 259
23 144
220 150
55 237
244 138
334 154
164 182
218 82
201 60
319 79
265 173
312 164
156 69
37 32
130 200
64 146
304 136
32 284
261 320
276 282
97 253
35 210
86 288
28 24
48 238
269 181
42 168
227 294
73 125
170 96
143 96
156 136
240 311
172 244
60 150
118 329
156 295
215 201
237 279
15 104
34 276
96 170
81 160
88 194
240 329
317 110
107 209
176 75
30 265
103 295
222 78
210 16
81 196
108 104
200 13
53 282
81 185
219 36
61 63
38 172
260 156
239 305
170 169
49 33
316 287
312 82
277 110
179 68
121 280
302 45
41 47
159 292
92 324
208 333
249 273
254 17
307 261
29 278
80 264
188 305
86 267
139 326
174 308
232 8
236 142
18 245
92 239
239 328
87 248
332 55
278 330
38 124
293 155
216 176
222 233
295 213
164 44
253 93
268 32
32 116
243 307
272 335
223 338
284 157
81 27
90 182
2 168
182 189
216 304
202 227
192 181
12 198
236 174
247 237
339 69
37 41
245 154
205 79
337 186
221 19
136 278
206 129
80 334
188 8
16 299
315 74
201 271
330 44
109 285
21 300
295 21
268 307
238 84
162 49
207 218
12 157
35 135
275 198
303 74
188 59
202 129
212 329
51 51
199 143
101 112
241 10
239 191
221 220
56 131
274 313
24 81
22 105
222 332
229 210
229 215
120 10
8 48
245 329
76 279
128 246
146 97
163 337
302 33
296 100
317 317
204 19
4 149
228 294
247 121
316 163
24 310
318 249
249 163
82 61
178 58
109 159
71 57
246 157
54 148
52 318
4 71
157 1
278 254
2 97
67 279
141 263
126 168
126 196
8 257
26 219
295 260
288 72
185 47
179 165
271 265
330 92
154 71
313 244
154 106
58 301
85 213
282 85
83 321
302 180
316 2
150 96
321 19
243 195
136 195
128 257
144 162
200 289
142 10
10 275
128 306
272 199
297 179
30 109
54 114
34 33
78 240
140 245
232 223
265 296
71 284
213 238
215 55
188 210
82 214
275 316
271 131
51 103
323 171
53 264
28 264
170 259
53 90
300 166
139 221
91 46
35 161
173 314
322 51
79 234
333 168
260 21
184 108
291 25
123 316
254 62
39 128
118 110
65 118
10 222
333 36
286 278
251 162
139 61
77 215
130 294
102 45
31 250
221 7
108 305
293 140
64 172
54 315
65 194
313 23
189 198
263 147
291 15
90 146
174 239
56 66
339 291
126 108
144 289
285 5
120 61
313 266
68 161
272 55
67 168
219 172
298 104
128 260
119 156
285 165
280 156
253 176
61 80
89 213
294 34
274 285
77 110
205 82
218 154
131 94
63 182
254 218
249 70
199 230
38 78
276 53
307 216
14 282
84 1
20 67
36 228
175 145
301 217
141 69
183 183
12 318
291 266
83 101
1 294
267 255
36 88
9 288
74 325
50 122
120 294
28 194
191 257
301 193
276 297
126 228
319 93
29 227
229 77
134 116
191 274
196 328
108 189
15 45
52 226
111 30
202 214
293 192
36 181
273 261
52 134
124 63
286 271
286 254
41 104