370
1849
0,
1,
2,
3,
4,
5,
6,
7,
8,
9,
10,
11,
12,
13,
14,
15,
16,
17,
18,
19,
20,
21,
22,
23,
24,
25,
26,
27,
28,
29,
30,
31,
32,
33,
34,
35,
36,
37,
38,
39,
40,
41,
42,
43,
44,
45,
46,
47,
48,
49,
50,
51,
52,
53,
54,
55,
56,
57,
58,
59,
60,
61,
62,
63,
64,
65,
66,
67,
68,
69,
70,
71,
72,
73,
74,
75,
76,
77,
78,
79,
80,
81,
82,
83,
84,
85,
86,
87,
88,
89,
90,
91,
92,
93,
94,
95,
96,
97,
98,
99,
100,
101,
102,
103,
104,
105,
106,
107,
108,
109,
110,
111,
112,
113,
114,
115,
116,
117,
118,
119,
120,
121,
122,
123,
124,
125,
126,
127,
128,
129,
130,
131,
132,
133,
134,
135,
136,
137,
138,
139,
140,
141,
142,
143,
144,
145,
146,
147,
148,
149,
150,
151,
152,
153,
154,
155,
156,
157,
158,
159,
160,
161,
162,
163,
164,
165,
166,
167,
168,
169,
170,
171,
172,
173,
174,
175,
176,
177,
178,
179,
180,
181,
182,
183,
184,
185,
186,
187,
188,
189,
190,
191,
192,
193,
194,
195,
196,
197,
198,
199,
200,
201,
202,
203,
204,
205,
206,
207,
208,
209,
210,
211,
212,
213,
214,
215,
216,
217,
218,
219,
220,
221,
222,
223,
224,
225,
226,
227,
228,
229,
230,
231,
232,
233,
234,
235,
236,
237,
238,
239,
240,
241,
242,
243,
244,
245,
246,
247,
248,
249,
250,
251,
252,
253,
254,
255,
256,
257,
258,
259,
260,
261,
262,
263,
264,
265,
266,
267,
268,
269,
270,
271,
272,
273,
274,
275,
276,
277,
278,
279,
280,
281,
282,
283,
284,
285,
286,
287,
288,
289,
290,
291,
292,
293,
294,
295,
296,
297,
298,
299,
300,
301,
302,
303,
304,
305,
306,
307,
308,
309,
310,
311,
312,
313,
314,
315,
316,
317,
318,
319,
320,
321,
322,
323,
324,
325,
326,
327,
328,
329,
330,
331,
332,
333,
334,
335,
336,
337,
338,
339,
340,
341,
342,
343,
344,
345,
346,
347,
348,
349,
350,
351,
352,
353,
354,
355,
356,
357,
358,
359,
360,
361,
362,
363,
364,
365,
366,
367,
368,
369
211 137
137 43
43 35
35 55
55 293
293 153
153 113
113 42
42 178
178 5
5 93
93 219
219 96
96 204
204 192
192 4
4 64
64 246
246 36
36 22
22 33
33 353
353 24
24 12
12 271
271 254
254 21
21 89
89 315
315 136
136 316
316 106
106 206
206 103
103 124
124 233
233 356
356 15
15 305
305 81
81 359
359 227
227 163
163 68
68 245
245 326
326 100
100 283
283 186
186 20
20 333
333 85
85 56
56 266
266 251
251 324
324 193
193 171
171 155
155 16
16 343
343 23
23 190
190 299
299 148
148 205
205 306
306 51
51 79
79 292
292 72
72 365
365 338
338 77
77 182
182 53
53 117
117 84
84 94
94 272
272 157
157 13
13 289
289 274
274 101
101 191
191 225
225 243
243 258
258 11
11 339
339 303
303 255
255 296
296 60
60 199
199 75
75 150
150 92
92 131
131 118
118 82
82 50
50 313
313 37
37 310
310 239
239 197
197 212
212 65
65 346
346 78
78 180
180 184
184 215
215 48
48 287
287 248
248 7
7 73
73 120
120 213
213 328
328 238
238 354
354 140
140 224
224 9
9 325
325 322
322 249
249 290
290 187
187 278
278 147
147 67
67 361
361 364
364 166
166 223
223 267
267 1
1 295
295 210
210 34
34 165
165 104
104 311
311 145
145 363
363 102
102 138
138 200
200 66
66 161
161 282
282 334
334 302
302 301
301 76
76 30
30 242
242 143
143 74
74 31
31 257
257 298
298 146
146 259
259 57
57 369
369 247
247 198
198 340
340 149
149 179
179 276
276 38
38 87
87 358
358 119
119 217
217 164
164 309
309 141
141 176
176 17
17 126
126 80
80 207
207 318
318 174
174 28
28 98
98 2
2 350
350 122
122 112
112 88
88 175
175 286
286 177
177 312
312 277
277 336
336 95
95 121
121 62
62 162
162 261
261 355
355 173
173 341
341 156
156 270
270 344
344 273
273 265
265 319
319 115
115 109
109 107
107 262
262 337
337 61
61 352
352 86
86 91
91 6
6 19
19 360
360 236
236 362
362 232
232 300
300 252
252 349
349 284
284 27
27 230
230 308
308 99
99 260
260 321
321 90
90 202
202 241
241 8
8 222
222 218
218 97
97 151
151 114
114 256
256 189
189 234
234 127
127 70
70 71
71 130
130 39
39 32
32 348
348 327
327 226
226 342
342 49
49 347
347 69
69 307
307 133
133 52
52 129
129 188
188 160
160 139
139 331
331 169
169 152
152 83
83 221
221 168
168 250
250 128
128 332
332 181
181 304
304 196
196 159
159 59
59 229
229 317
317 110
110 194
194 279
279 214
214 291
291 183
183 203
203 41
41 268
268 235
235 154
154 366
366 158
158 216
216 314
314 351
351 297
297 275
275 357
357 14
14 132
132 0
0 142
142 47
47 253
253 208
208 10
10 269
269 46
46 209
209 45
45 125
125 237
237 285
285 172
172 108
108 144
144 26
26 25
25 185
185 228
228 320
320 330
330 135
135 329
329 105
105 263
263 294
294 323
323 18
18 288
288 264
264 244
244 368
368 167
167 63
63 54
54 201
201 116
116 3
3 367
367 29
29 58
58 220
220 111
111 335
335 345
345 240
240 134
134 280
280 170
170 123
123 195
195 40
40 231
231 281
281 44
45 74
311 229
243 81
296 16
108 120
28 238
154 295
69 51
186 4
330 310
72 224
21 151
125 143
327 168
314 5
58 67
260 303
142 14
194 73
112 141
243 307
33 77
154 111
196 252
135 340
125 158
265 237
363 235
260 253
199 55
90 274
251 206
117 138
278 87
334 360
269 251
252 324
137 353
29 118
264 192
25 318
322 319
62 48
115 343
0 113
92 359
173 318
180 110
160 64
356 206
246 219
206 34
297 187
285 331
146 363
229 283
356 189
187 43
3 231
243 235
323 281
39 37
193 78
336 288
30 321
292 84
190 114
316 70
48 303
8 44
2 280
218 45
262 45
367 265
297 367
46 61
106 26
17 177
195 361
58 120
364 104
121 136
148 94
23 95
131 131
366 52
193 199
130 286
140 52
283 355
90 113
298 179
249 137
234 308
264 254
55 199
364 267
163 179
299 366
333 296
327 151
84 145
64 105
342 219
272 146
309 190
323 235
181 194
259 9
79 134
341 251
123 289
109 53
116 219
180 84
289 164
34 88
11 217
6 266
49 286
314 354
24 353
266 74
209 289
321 266
46 226
81 105
345 352
302 306
276 48
266 333
359 286
109 356
288 129
153 137
73 271
53 54
57 24
308 281
205 122
231 338
336 197
61 112
35 150
261 308
353 262
26 173
68 356
7 152
295 146
156 273
300 3
248 79
88 171
323 43
330 336
87 67
20 329
315 62
272 155
44 212
52 328
343 86
111 357
70 168
206 304
118 219
297 105
159 199
30 57
97 162
129 145
326 221
148 230
36 236
40 293
156 87
278 222
304 111
170 26
300 207
260 107
73 159
101 100
41 271
3 111
7 35
358 22
28 30
339 13
30 80
363 130
361 98
67 183
360 129
30 40
234 37
299 33
119 193
192 177
27 197
202 303
77 274
273 95
122 152
160 73
42 342
132 57
18 279
53 237
45 77
355 362
109 363
341 312
162 169
281 109
88 166
86 160
267 17
49 295
341 172
279 333
349 15
209 265
311 230
140 169
17 369
46 226
259 183
9 77
305 74
76 315
39 57
143 122
33 117
84 119
184 195
175 51
273 253
99 106
313 209
125 113
233 255
48 167
362 159
327 24
230 169
284 138
231 127
365 33
34 272
239 5
282 276
60 245
208 327
108 295
250 315
251 273
219 321
280 56
205 23
171 151
93 216
82 296
312 281
52 93
271 66
222 182
324 166
242 362
311 3
266 55
248 360
309 182
183 220
2 280
174 46
276 182
223 124
80 306
347 6
246 181
113 61
338 113
229 113
170 250
323 260
314 173
193 327
59 0
36 119
16 331
126 361
279 339
92 272
74 213
196 308
143 194
188 206
320 341
201 175
294 303
360 185
185 90
45 225
81 102
159 86
61 27
190 236
275 43
304 304
168 157
99 101
325 96
194 302
73 191
232 167
346 237
58 309
102 68
273 313
235 246
233 67
48 308
0 141
154 221
34 279
120 254
327 10
61 260
76 32
34 216
287 167
267 235
77 73
272 61
8 113
45 311
318 124
232 325
37 74
369 12
61 142
44 211
139 148
322 304
213 60
55 278
327 74
290 97
60 97
295 101
6 60
270 6
238 95
254 56
333 350
165 116
2 243
77 225
204 254
143 14
327 95
296 291
77 138
141 171
58 363
315 94
24 316
71 148
152 246
317 260
104 190
195 56
117 321
160 251
66 125
116 310
150 364
107 215
266 300
127 178
129 64
40 244
260 136
358 216
165 324
122 239
10 19
352 251
336 140
223 18
312 335
149 191
347 72
258 240
239 358
205 133
252 149
52 282
4 8
86 205
369 28
217 274
114 207
60 320
9 23
133 303
291 4
147 107
264 96
296 196
68 198
203 173
315 328
171 241
81 60
291 111
262 206
159 216
112 204
356 128
361 115
188 61
329 61
172 169
227 20
251 137
180 111
75 273
366 209
197 104
67 348
82 271
201 44
27 76
48 132
303 182
85 288
19 174
253 167
223 24
155 3
63 68
219 223
131 341
137 115
83 338
105 139
367 336
54 324
366 350
101 215
289 88
297 225
106 326
75 107
72 299
268 190
286 8
57 314
166 130
334 296
254 131
121 355
341 115
326 288
332 99
289 125
125 269
132 264
286 66
328 230
28 87
237 146
120 202
245 50
318 227
108 359
152 355
174 359
339 296
290 282
215 340
263 163
161 213
61 159
369 241
61 100
144 141
79 155
253 217
151 299
19 114
188 143
87 350
205 123
212 327
304 141
242 240
76 27
368 220
64 259
187 203
212 271
310 0
172 335
341 248
307 351
30 298
72 324
61 39
349 364
249 111
222 363
43 348
166 187
111 248
311 272
9 308
193 117
47 350
302 178
112 103
358 247
138 145
335 211
273 358
349 284
367 196
280 349
209 22
304 143
83 14
360 100
191 218
168 176
14 109
30 174
185 212
75 212
155 277
332 359
263 300
278 109
313 208
7 139
239 364
174 177
142 43
10 33
72 212
216 307
203 32
233 336
210 111
351 170
304 365
25 115
222 265
317 143
139 364
328 335
9 18
239 60
212 209
365 309
191 347
342 323
115 357
134 31
348 67
77 267
314 178
298 172
337 167
11 333
364 311
334 308
41 139
366 317
345 360
200 36
293 16
115 231
124 165
185 141
208 282
66 162
221 261
220 286
170 130
279 335
273 34
263 67
219 78
295 16
139 112
354 185
15 225
198 77
202 346
40 268
6 19
214 139
110 260
10 164
221 333
136 149
43 193
132 343
255 159
296 215
153 350
222 236
263 44
111 305
90 283
349 225
195 153
9 276
268 6
279 245
169 281
139 181
132 238
134 33
96 83
360 326
225 186
195 91
320 340
302 229
128 49
16 37
141 138
337 124
236 23
231 328
7 243
335 290
200 369
99 353
93 119
32 56
195 245
230 238
41 200
245 270
178 231
215 323
310 251
305 314
323 331
254 39
192 51
239 301
129 350
49 345
84 288
8 362
17 26
240 213
124 258
17 333
217 83
102 177
174 266
233 134
46 249
232 49
112 218
98 185
178 23
82 332
257 129
12 281
119 238
69 237
307 354
3 188
26 198
69 225
5 128
208 227
346 67
248 22
350 102
151 152
343 137
210 147
149 148
137 144
319 141
168 57
87 100
139 369
96 11
369 124
221 110
24 51
137 277
12 87
243 225
207 340
164 113
129 205
84 74
342 365
213 21
274 361
280 235
140 199
54 181
344 242
307 117
273 36
70 150
139 125
332 16
243 291
301 93
227 104
199 45
56 60
99 305
88 73
208 161
91 330
48 297
213 86
353 72
20 299
223 301
200 217
315 113
272 347
136 158
93 309
161 46
357 1
180 320
330 19
218 38
58 87
106 120
260 97
7 32
149 323
323 14
74 327
258 341
81 265
334 66
243 189
279 115
220 29
59 72
244 234
189 244
83 254
131 308
208 240
284 203
353 333
48 41
157 249
189 73
369 70
196 220
71 279
207 177
367 87
27 81
47 344
336 197
175 296
259 135
88 63
221 25
31 340
62 11
78 174
259 111
334 219
194 66
161 365
107 17
291 13
342 128
99 83
61 249
90 247
343 201
267 68
94 281
83 86
152 363
253 334
285 307
31 175
274 59
11 13
137 258
43 79
342 62
327 114
237 297
4 177
76 154
346 216
240 291
181 318
323 27
267 69
6 150
23 176
244 199
120 133
317 199
65 349
212 365
147 296
290 103
273 340
89 39
315 246
110 67
99 279
334 191
139 41
13 99
158 299
226 324
274 293
43 304
58 266
91 339
368 104
113 228
67 64
157 36
129 174
65 218
316 157
295 323
37 153
191 342
128 328
53 117
118 345
217 218
344 137
166 104
349 54
0 106
314 145
43 345
112 165
286 319
293 202
223 45
225 337
13 48
346 362
230 331
208 299
108 369
339 244
122 127
97 191
361 98
366 33
87 263
306 364
53 248
18 56
123 143
33 259
180 339
256 183
275 109
255 92
268 47
333 89
251 347
246 183
79 114
93 365
352 124
15 37
119 229
50 312
324 114
197 167
212 204
302 269
63 303
66 100
6 224
37 171
178 309
182 292
311 127
366 172
154 268
60 105
146 158
138 191
223 155
180 77
259 60
109 28
228 31
14 101
156 44
198 124
353 263
112 335
343 26
70 101
67 117
140 347
121 11
137 241
250 206
165 114
71 188
37 91
342 68
74 343
179 118
105 325
366 44
255 268
145 27
68 310
55 38
304 59
273 280
148 160
65 18
114 25
315 309
177 50
87 300
298 85
196 292
237 191
113 100
213 173
229 291
359 332
272 146
278 26
5 172
129 312
287 333
265 78
118 114
63 9
284 321
320 135
292 226
88 32
99 198
176 138
159 350
334 61
285 336
191 79
3 339
21 135
28 298
249 138
271 311
162 173
215 322
292 161
136 312
64 215
241 282
255 71
266 353
267 163
174 207
299 342
216 8
19 298
282 21
22 172
5 233
32 51
301 155
354 269
234 289
328 193
245 9
188 309
10 364
262 117
160 269
57 155
252 174
265 60
89 311
7 332
363 118
343 204
241 317
251 6
89 283
302 211
172 150
287 345
3 36
302 265
114 57
6 215
161 218
258 167
44 352
74 147
220 156
320 73
161 15
118 202
3 83
136 228
32 24
174 125
276 57
62 157
279 346
145 159
161 295
117 175
203 140
50 168
325 184
28 39
71 52
41 305
36 72
166 62
103 127
254 94
70 215
48 276
137 4
201 22
194 330
119 285
98 16
289 182
138 32
43 87
69 204
330 242
206 164
241 263
243 186
190 99
205 110
81 26
57 242
219 85
98 188
44 124
196 159
52 200
219 6
359 138
293 304
259 304
173 309
362 150
136 58
136 35
76 46
364 51
200 103
40 40
300 129
15 292
360 332
43 3
301 288
221 114
252 134
45 197
3 171
97 86
15 48
287 196
135 99
160 24
363 225
86 51
58 158
344 81
313 297
18 213
62 98
98 20
259 269
35 43
290 240
22 212
264 224
115 170
148 313
55 361
180 28
99 326
111 59
289 199
362 292
83 189
0 265
94 369
328 343
185 141
95 339
142 253
73 248
136 266
190 210
212 256
60 126
243 166
135 71
222 343
353 323
156 95
349 316
303 222
118 342
24 7
68 173
255 211
147 194
290 168
81 369
198 117
118 232
223 290
68 360
24 343
148 243
272 171
251 188
16 239
283 358
341 337
7 226
48 346
66 197
262 205
237 216
102 72
264 5
109 240
113 22
241 306
133 157
159 331
294 60
349 108
83 348
252 28
211 2
344 107
202 320
137 223
156 50
166 230
108 89
105 360
125 177
314 243
287 55
157 357
340 0
284 327
37 196
64 121
138 93
150 120
108 302
117 101
245 90
286 197
309 124
189 34
148 285
185 328
49 100
84 231
301 181
327 164
84 362
198 314
145 311
120 171
308 278
28 12
332 360
128 234
104 103
57 105
14 58
146 292
150 27
210 47
185 368
42 184
74 30
151 300
125 219
73 196
178 106
76 334
208 158
83 229
253 353
7 355
300 221
55 291
152 288
157 18
127 123
0 151
87 304
209 131
152 161
255 77
95 358
334 256
150 354
0 102
240 40
183 346
188 270
9 302
323 190
75 257
164 59
368 9
358 181
344 109
369 28
264 1
65 152
131 175
112 186
243 115
268 9
183 296
278 157
347 62
251 260
361 171
194 261
46 116
270 205
207 26
349 191
297 341
307 257
81 301
50 85
64 248
238 78
158 303
14 100
29 101
174 152
195 236
131 344
195 320
202 19
176 324
205 313
294 366
257 19
8 224
329 63
86 194
196 139
110 298
270 21
99 204
362 240
288 136
23 30
139 126
295 324
290 203
163 122
100 132
302 179
340 49
284 313
278 70
13 96
34 368
23 363
274 50
128 137
321 179
266 328
36 369
284 17
90 73
171 67
68 280
297 54
366 226
14 175
96 335
369 303
210 358
330 315
234 306
344 284
136 312
257 21
189 32
257 194
362 0
130 74
267 148
340 261
184 108
124 114
172 18
366 298
14 206
349 312
168 283
112 234
211 294
349 291
52 311
190 180
288 23
56 356
352 14
237 324
63 148
336 325
193 354
129 45
264 214
118 114
71 97
19 354
344 34
198 190
87 256
303 311
313 99
101 345
241 222
157 117
56 212
145 360
144 346
320 252
230 150
51 246
325 206
177 52
44 260
208 140
213 6
217 117
103 306
319 293
107 191
275 362
30 93
57 117
162 4
325 132
159 107
17 213
72 367
153 212
23 180
162 80
89 152
365 179
105 111
256 240
150 175
145 334
234 364
0 154
256 194
172 59
345 289
229 130
152 119
241 257
247 204
194 14
100 176
103 113
205 10
326 160
343 123
220 301
231 68
103 288
132 322
101 310
334 158
105 74
30 213
222 115
64 338
293 13
246 211
279 311
166 173
161 272
175 83
340 285
259 89
231 151
360 283
350 225
243 5
160 130
325 217
308 136
215 12
331 82
240 27
117 188
249 151
361 47
245 19
281 133
103 199
226 61
27 111
364 185
264 305
142 327
98 157
135 237
153 141
219 137
335 339
103 145
184 224
68 335
184 46
158 27
267 351
3 6
359 41
298 170
135 241
180 52
5 262
292 251
47 329
302 345
36 87
209 266
183 365
250 204
267 171
0 56
342 51
128 107