380
1899
0,
1,
2,
3,
4,
5,
6,
7,
8,
9,
10,
11,
12,
13,
14,
15,
16,
17,
18,
19,
20,
21,
22,
23,
24,
25,
26,
27,
28,
29,
30,
31,
32,
33,
34,
35,
36,
37,
38,
39,
40,
41,
42,
43,
44,
45,
46,
47,
48,
49,
50,
51,
52,
53,
54,
55,
56,
57,
58,
59,
60,
61,
62,
63,
64,
65,
66,
67,
68,
69,
70,
71,
72,
73,
74,
75,
76,
77,
78,
79,
80,
81,
82,
83,
84,
85,
86,
87,
88,
89,
90,
91,
92,
93,
94,
95,
96,
97,
98,
99,
100,
101,
102,
103,
104,
105,
106,
107,
108,
109,
110,
111,
112,
113,
114,
115,
116,
117,
118,
119,
120,
121,
122,
123,
124,
125,
126,
127,
128,
129,
130,
131,
132,
133,
134,
135,
136,
137,
138,
139,
140,
141,
142,
143,
144,
145,
146,
147,
148,
149,
150,
151,
152,
153,
154,
155,
156,
157,
158,
159,
160,
161,
162,
163,
164,
165,
166,
167,
168,
169,
170,
171,
172,
173,
174,
175,
176,
177,
178,
179,
180,
181,
182,
183,
184,
185,
186,
187,
188,
189,
190,
191,
192,
193,
194,
195,
196,
197,
198,
199,
200,
201,
202,
203,
204,
205,
206,
207,
208,
209,
210,
211,
212,
213,
214,
215,
216,
217,
218,
219,
220,
221,
222,
223,
224,
225,
226,
227,
228,
229,
230,
231,
232,
233,
234,
235,
236,
237,
238,
239,
240,
241,
242,
243,
244,
245,
246,
247,
248,
249,
250,
251,
252,
253,
254,
255,
256,
257,
258,
259,
260,
261,
262,
263,
264,
265,
266,
267,
268,
269,
270,
271,
272,
273,
274,
275,
276,
277,
278,
279,
280,
281,
282,
283,
284,
285,
286,
287,
288,
289,
290,
291,
292,
293,
294,
295,
296,
297,
298,
299,
300,
301,
302,
303,
304,
305,
306,
307,
308,
309,
310,
311,
312,
313,
314,
315,
316,
317,
318,
319,
320,
321,
322,
323,
324,
325,
326,
327,
328,
329,
330,
331,
332,
333,
334,
335,
336,
337,
338,
339,
340,
341,
342,
343,
344,
345,
346,
347,
348,
349,
350,
351,
352,
353,
354,
355,
356,
357,
358,
359,
360,
361,
362,
363,
364,
365,
366,
367,
368,
369,
370,
371,
372,
373,
374,
375,
376,
377,
378,
379
253 245
245 282
282 52
52 367
367 205
205 4
4 286
286 5
5 18
18 134
134 222
222 276
276 228
228 305
305 306
306 263
263 95
95 289
289 342
342 119
119 309
309 125
125 338
338 327
327 352
352 148
148 163
163 50
50 371
371 28
28 257
257 59
59 175
175 207
207 35
35 353
353 224
224 157
157 39
39 372
372 182
182 169
169 339
339 14
14 129
129 38
38 31
31 0
0 23
23 49
49 151
151 217
217 208
208 189
189 74
74 177
177 277
277 240
240 317
317 21
21 351
351 167
167 178
178 260
260 75
75 218
218 111
111 159
159 66
66 91
91 7
7 8
8 347
347 319
319 154
154 295
295 191
191 130
130 241
241 313
313 108
108 377
377 345
345 251
251 45
45 324
324 24
24 256
256 315
315 336
336 279
279 161
161 274
274 364
364 198
198 121
121 249
249 293
293 378
378 250
250 92
92 86
86 79
79 70
70 172
172 155
155 194
194 246
246 236
236 206
206 195
195 361
361 60
60 55
55 3
3 238
238 140
140 128
128 58
58 41
41 171
171 99
99 259
259 68
68 354
354 239
239 203
203 142
142 56
56 133
133 6
6 223
223 117
117 153
153 168
168 192
192 297
297 376
376 291
291 53
53 322
322 19
19 210
210 36
36 232
232 349
349 242
242 215
215 85
85 299
299 98
98 197
197 298
298 173
173 89
89 363
363 341
341 314
314 375
375 136
136 183
183 17
17 374
374 81
81 57
57 43
43 212
212 62
62 220
220 73
73 139
139 10
10 267
267 316
316 174
174 331
331 334
334 247
247 287
287 254
254 103
103 369
369 145
145 64
64 152
152 227
227 355
355 131
131 15
15 340
340 185
185 124
124 343
343 304
304 156
156 281
281 226
226 138
138 2
2 209
209 87
87 200
200 78
78 186
186 94
94 379
379 179
179 20
20 42
42 137
137 101
101 266
266 204
204 184
184 11
11 296
296 72
72 273
273 365
365 29
29 13
13 12
12 283
283 54
54 32
32 106
106 116
116 47
47 248
248 356
356 337
337 308
308 330
330 104
104 123
123 150
150 176
176 107
107 290
290 244
244 350
350 96
96 187
187 233
233 199
199 219
219 149
149 63
63 326
326 16
16 110
110 135
135 269
269 80
80 181
181 360
360 193
193 83
83 30
30 188
188 118
118 303
303 333
333 27
27 93
93 325
325 225
225 258
258 67
67 146
146 147
147 160
160 61
61 255
255 211
211 97
97 46
46 243
243 310
310 105
105 65
65 229
229 170
170 285
285 144
144 265
265 115
115 113
113 234
234 162
162 127
127 69
69 358
358 164
164 26
26 362
362 292
292 278
278 284
284 261
261 141
141 328
328 201
201 143
143 100
100 180
180 321
321 230
230 165
165 126
126 221
221 275
275 90
90 312
312 370
370 332
332 272
272 216
216 270
270 22
22 34
34 48
48 320
320 300
300 51
51 190
190 114
114 25
25 122
122 84
84 1
1 9
9 231
231 262
262 357
357 158
158 329
329 348
348 373
373 301
301 213
213 268
268 323
323 77
77 346
346 71
71 335
335 202
202 302
302 235
235 214
214 368
368 82
82 109
109 120
120 33
33 166
166 264
264 294
294 311
311 366
366 40
40 359
359 271
271 88
88 102
102 37
37 252
252 288
288 76
76 132
132 44
44 196
196 280
280 237
237 318
318 307
307 112
112 344
306 111
137 184
155 64
329 370
134 215
252 66
244 315
203 247
239 19
375 259
12 175
210 207
258 162
54 239
264 321
117 217
349 373
248 20
87 143
108 146
310 67
216 106
215 51
40 366
167 270
376 260
274 324
32 318
284 368
16 211
173 357
111 18
227 130
171 365
213 230
126 205
332 244
138 68
284 265
91 3
298 199
79 308
326 67
243 95
366 145
225 9
207 48
338 35
336 278
200 151
235 82
236 358
369 300
353 215
30 170
139 2
200 36
227 231
220 117
195 301
16 270
26 372
105 67
47 140
314 378
148 42
47 14
202 111
25 285
90 256
304 77
321 52
314 195
369 6
192 359
141 167
234 313
323 278
275 308
311 370
350 111
117 72
183 304
190 200
279 363
167 169
19 375
200 23
141 255
106 120
272 170
299 212
190 292
335 295
363 369
354 226
302 213
62 40
340 106
17 250
365 286
295 241
202 346
175 218
165 207
35 265
212 133
134 44
71 179
319 178
258 199
72 23
357 318
363 369
213 345
232 165
347 334
149 128
212 124
29 146
69 33
74 185
248 188
367 317
184 309
73 103
331 61
135 186
326 40
54 118
220 202
102 177
31 202
354 147
192 174
112 266
284 228
223 350
186 30
207 49
117 26
55 79
166 374
50 249
239 49
119 127
328 274
86 184
32 255
309 38
61 346
62 71
143 367
133 309
367 285
239 170
114 324
155 370
15 14
297 62
255 97
357 322
367 293
195 17
244 315
36 81
152 252
333 169
367 314
218 212
95 3
359 191
246 170
276 150
259 103
76 335
27 258
321 373
241 333
13 100
235 25
225 42
81 9
370 40
335 131
258 48
302 372
115 213
284 263
247 72
299 355
275 324
167 258
289 181
224 307
235 233
219 165
21 317
33 206
283 309
323 46
141 216
342 292
203 122
89 313
157 279
56 140
251 116
52 367
295 320
177 376
57 149
136 197
51 129
101 178
322 49
206 60
296 47
292 211
188 122
27 302
352 21
236 155
74 148
159 352
21 273
148 257
232 154
243 293
44 35
133 285
171 263
213 86
305 341
300 225
11 277
92 129
186 261
79 19
314 179
251 18
90 41
203 65
237 352
358 222
340 251
119 358
240 372
99 333
135 160
114 131
74 96
294 346
17 168
285 364
200 283
295 184
364 378
357 83
240 87
246 252
108 36
189 143
350 272
265 151
200 117
47 209
127 145
236 14
131 306
112 109
308 116
303 64
137 79
95 142
268 137
41 181
3 88
195 234
118 17
231 355
227 281
290 95
171 206
65 341
99 4
80 295
270 249
72 56
285 276
76 111
27 15
329 188
333 211
7 90
241 158
206 102
346 139
113 275
296 104
340 66
79 10
1 181
144 272
115 327
185 142
49 49
315 357
246 300
181 371
296 234
90 206
379 354
319 72
173 373
63 35
16 17
332 301
202 146
375 224
52 243
14 295
82 253
244 246
135 62
4 2
98 8
127 369
31 74
168 19
195 327
337 321
151 283
98 349
28 221
84 26
186 22
313 339
160 34
159 145
265 370
324 77
109 122
342 159
72 263
148 301
151 157
233 89
250 226
60 208
290 216
99 339
266 44
137 61
36 117
333 256
185 292
1 213
6 221
150 367
295 3
124 241
189 88
318 225
260 153
208 84
90 205
175 73
245 201
370 345
203 273
271 308
126 8
121 195
287 40
229 45
78 150
247 281
87 182
376 357
26 227
66 134
205 156
255 222
67 194
65 3
332 75
42 258
0 354
57 275
94 240
111 176
66 243
226 6
143 276
244 218
82 205
182 89
256 320
164 174
344 114
84 180
106 99
61 305
24 128
300 258
137 320
186 275
177 283
120 357
322 203
221 276
178 274
106 321
142 204
98 97
186 332
263 52
53 87
66 250
362 28
90 296
31 57
212 117
306 167
114 249
40 49
126 272
173 263
235 252
58 377
208 363
203 58
78 292
279 362
294 167
159 226
65 283
330 332
314 203
250 357
135 154
131 192
344 279
152 320
174 275
59 217
274 9
244 153
123 62
230 208
85 281
267 250
47 231
206 321
143 72
28 0
64 45
299 57
62 332
145 362
345 243
57 209
193 68
221 41
112 349
11 232
75 107
99 14
205 13
193 281
377 348
206 138
103 274
21 15
74 242
103 126
375 59
44 245
29 105
352 83
88 93
107 166
143 258
365 262
306 308
104 274
339 275
104 335
80 80
48 307
286 284
62 349
8 218
308 254
180 274
331 16
335 376
285 347
281 251
97 176
256 261
216 186
134 359
134 20
294 92
291 182
193 115
305 236
167 30
6 313
253 225
40 28
376 373
311 126
150 59
314 295
59 95
112 344
90 178
306 259
28 125
36 331
114 357
347 339
279 19
7 291
130 215
171 370
296 49
28 357
350 344
343 48
169 288
143 11
258 78
143 139
245 191
154 115
211 169
141 168
127 89
121 376
371 185
67 196
330 354
122 210
355 177
49 63
345 334
341 358
92 262
59 370
3 319
221 218
164 375
103 279
139 284
14 66
236 150
44 170
81 98
341 327
160 284
134 299
300 146
42 183
322 188
274 347
304 294
134 288
79 234
36 60
341 116
304 188
194 310
97 130
105 28
196 145
105 186
207 196
171 177
12 270
78 56
263 313
17 352
360 350
153 59
78 58
118 377
142 161
54 292
3 129
196 91
119 266
345 185
127 200
67 303
13 179
273 127
349 10
11 250
191 293
301 379
176 240
108 268
29 84
207 61
148 62
2 279
164 238
59 304
67 272
232 329
70 117
20 170
231 204
166 324
335 158
329 353
174 94
331 79
261 135
145 240
82 64
328 305
15 25
65 376
164 326
314 9
167 99
239 143
42 233
59 246
35 144
328 108
284 317
170 262
76 270
93 80
158 227
250 210
151 171
152 197
15 231
348 219
201 9
266 118
107 263
370 85
165 274
111 3
264 98
119 126
155 378
16 214
84 126
259 210
216 364
238 172
170 308
21 341
74 45
314 251
260 46
148 76
348 346
334 9
226 307
298 296
5 118
10 155
147 99
236 48
8 21
144 279
63 137
86 227
178 359
356 357
94 85
101 208
217 209
154 366
73 176
197 290
90 155
12 160
256 225
23 242
222 152
209 124
375 184
127 371
61 131
208 126
118 134
364 152
13 157
199 288
337 308
72 132
129 33
102 195
25 155
195 1
152 358
28 363
233 226
22 271
40 250
13 70
1 152
144 62
153 224
128 316
281 271
151 142
190 177
46 211
43 136
37 320
136 133
288 277
6 200
118 102
76 208
356 224
101 111
49 84
233 3
260 63
162 139
338 112
25 54
315 170
340 289
165 139
113 177
277 227
57 173
4 266
181 16
348 342
0 89
333 100
32 154
204 232
75 11
217 56
166 298
79 173
99 232
256 231
180 17
186 257
212 295
191 74
222 155
112 373
58 134
46 69
131 339
204 40
165 207
77 22
154 87
126 97
180 258
260 260
96 28
84 75
46 221
146 298
202 50
300 210
47 110
341 171
314 75
294 314
141 269
157 86
167 341
300 347
319 129
341 84
248 209
154 103
136 44
43 233
301 92
85 304
85 195
4 57
15 234
178 274
368 135
290 229
56 142
231 279
192 159
153 204
7 112
34 133
132 189
283 114
235 215
306 192
221 112
348 85
145 216
205 299
136 89
122 100
49 19
57 93
111 312
373 212
8 56
313 99
14 88
5 59
185 273
124 370
359 85
30 124
78 226
68 59
368 187
225 130
11 84
278 370
333 302
326 225
328 355
219 377
367 112
376 245
193 172
23 156
41 147
318 114
318 247
137 60
255 121
318 332
161 232
230 348
19 43
291 164
214 281
349 3
377 34
265 91
320 311
346 141
235 316
181 153
285 246
277 33
191 25
144 233
211 279
46 231
238 15
111 373
330 303
53 369
293 60
362 150
14 191
166 329
37 47
278 308
286 375
164 134
268 325
279 125
105 312
276 267
84 370
310 306
160 7
199 217
45 333
98 379
194 73
20 193
208 316
304 270
11 154
206 170
135 282
227 113
3 124
364 251
234 29
300 157
143 168
259 241
186 227
251 296
113 15
334 335
81 281
136 369
375 237
330 96
281 305
147 85
190 166
287 229
276 13
242 46
31 129
73 75
374 44
107 123
119 248
174 255
159 26
218 218
128 89
217 79
156 8
84 119
28 264
190 359
23 289
326 70
238 270
4 140
37 251
206 63
99 238
157 321
235 358
50 269
308 241
100 158
218 115
266 365
240 180
311 55
330 69
20 186
213 208
137 359
302 30
290 182
325 376
105 379
163 287
93 47
6 274
333 81
200 262
277 205
299 249
362 344
168 281
267 117
265 101
109 148
214 250
217 150
334 267
354 127
20 362
145 222
352 269
106 195
55 361
314 282
145 335
205 190
103 51
119 347
79 273
326 45
278 176
372 52
222 352
273 276
45 253
168 312
213 290
353 58
31 174
241 53
156 238
360 329
332 7
198 372
322 168
277 170
272 190
36 71
242 69
49 4
207 13
96 86
193 50
43 116
307 27
303 253
97 3
86 377
300 122
209 307
235 226
7 234
85 174
303 46
233 221
294 251
115 340
152 263
311 304
282 6
12 230
191 26
258 358
267 189
209 288
133 149
340 211
183 126
132 57
191 308
149 320
152 250
188 47
317 299
45 5
246 168
70 164
253 109
12 21
130 143
10 39
189 300
258 8
362 369
362 279
343 303
367 21
30 217
173 204
84 332
371 117
285 259
372 352
31 14
68 1
365 300
152 32
103 369
243 224
273 226
220 113
121 261
357 93
67 260
290 76
268 82
355 206
100 140
346 370
155 172
216 223
269 240
137 201
231 293
68 237
49 122
329 255
189 158
72 215
235 154
123 241
47 276
97 261
237 209
257 264
18 363
92 15
232 98
338 337
276 301
44 45
70 338
140 4
144 22
143 341
354 60
321 123
187 75
332 249
345 228
151 354
357 199
104 114
279 123
238 303
78 372
358 194
31 28
321 113
294 0
51 110
369 327
370 36
234 20
253 358
79 334
276 288
333 124
253 262
178 211
232 1
313 80
108 28
337 56
359 148
62 346
53 224
262 4
228 369
345 257
291 331
277 316
349 171
49 231
256 320
237 28
168 9
117 51
87 278
214 101
347 343
343 70
228 96
118 339
80 41
211 342
318 236
378 336
106 345
230 172
37 159
350 164
314 236
159 373
129 199
141 259
20 114
77 299
271 211
287 213
252 160
200 253
16 248
181 328
65 183
333 185
238 316
167 256
245 112
122 164
109 14
143 135
82 154
254 170
334 379
254 8
159 24
323 321
151 234
287 248
177 372
234 34
289 23
229 331
88 235
254 43
179 332
209 43
13 308
136 261
61 303
294 90
148 3
43 334
44 57
140 33
49 352
58 163
148 117
98 318
327 280
300 198
219 53
188 6
333 37
355 252
114 108
18 150
145 330
251 293
186 262
372 152
214 357
189 77
117 261
202 138
101 364
341 296
117 3
160 238
242 362
147 356
62 373
4 99
106 185
172 60
164 123
256 120
334 124
105 58
321 55
114 234
178 123
64 252
5 76
168 46
298 370
178 265
375 298
168 292
238 217
141 278
165 264
375 324
215 379
352 297
288 29
284 106
7 54
46 88
157 186
326 117
70 109
219 288
63 286
340 358
212 360
374 175
253 82
360 366
277 327
218 60
254 92
218 293
312 64
320 179
114 285
46 97
60 317
351 65
7 81
187 121
198 105
181 171
223 342
271 18
276 225
181 220
292 70
314 13
64 95
353 85
348 274
131 55
84 157
106 294
81 271
110 291
18 138
14 364
54 160
113 251
213 119
269 147
25 97
192 45
187 317
135 363
201 334
272 201
201 358
335 221
109 62
293 45
331 226
110 357
217 227
184 50
109 106
276 16
313 15
11 274
144 317
313 110
94 70
218 335
215 35
95 356
190 252
191 154
355 306
346 139
59 303
219 10
95 327
70 66
348 315
196 162
43 121
368 17
54 18
362 29
74 136
88 61
281 3
99 205
133 178
334 148
246 145
148 9
143 273
29 223
73 66
222 252
202 207
14 253
378 133
109 280
135 77
336 88
267 231
123 167
16 230
288 358
128 238
202 204
296 269
168 44
206 188
334 152
294 83
270 277
152 71
105 28
272 139
151 325
286 141
13 249
35 283
40 256
133 331
95 71
185 69
57 59
73 286
278 275
6 283
332 120
267 49
39 375
106 128
35 345
306 245
144 220
305 328
135 335
69 241
249 91
19 286
109 319
195 259
305 318
141 64
165 187
306 313
21 237
207 184
45 103
170 300
335 169
286 252
212 343
149 266
354 306
179 372
109 283
265 23
328 136
359 244
32 274
369 12
191 288
249 32
342 339
374 262
305 106
295 279
1 243
68 138
19 22
33 53
229 123
328 140
100 155
9 286
106 43
297 40
286 323
17 192
60 341
304 26
231 301
269 67
102 64
335 84
363 269
15 85
63 50
36 188
257 181
277 23
132 376
368 367
375 314
105 165
237 113
146 29
2 378
355 18
102 25
349 293
282 289
106 178
11 183
374 8
143 102
29 149
61 321
374 253
106 160
180 174
246 276
187 298
36 329
172 279
158 142
338 105
295 171
56 172
282 314
46 249
103 217
44 323
241 28
62 108
163 318
95 128
68 271
354 353
352 35
255 37
138 207
277 29
141 40
107 226
78 358
130 284
142 208
254 174
148 201
270 253
354 279
293 179
114 354
109 190
56 198
72 115
353 370
316 329
152 256
59 81
176 338
317 306
258 151
201 28
273 216
163 40
29 199
220 141
125 171
120 335
367 149
65 284
61 354
31 291
104 163
368 143
204 72
68 87
307 29