39
194
0,
1,
2,
3,
4,
5,
6,
7,
8,
9,
10,
11,
12,
13,
14,
15,
16,
17,
18,
19,
20,
21,
22,
23,
24,
25,
26,
27,
28,
29,
30,
31,
32,
33,
34,
35,
36,
37,
38
22 33
33 2
2 36
36 31
31 7
7 29
29 6
6 10
10 11
11 21
21 12
12 9
9 3
3 0
0 17
17 38
38 16
16 30
30 34
34 4
4 23
23 18
18 24
24 20
20 26
26 8
8 13
13 32
32 28
28 35
35 25
25 14
14 19
19 1
1 37
37 15
15 27
27 5
1 17
31 10
14 31
33 32
20 6
32 22
30 35
10 21
15 28
31 7
30 37
19 19
21 30
18 25
10 30
8 6
26 21
23 32
1 1
23 35
11 17
36 5
34 17
31 29
32 17
26 9
24 20
33 15
8 2
16 17
8 26
8 3
4 24
1 20
35 36
3 9
2 14
28 19
8 27
29 13
23 18
32 18
16 16
36 28
35 36
16 21
5 17
6 1
0 17
5 1
27 21
21 26
16 7
11 29
34 25
19 25
31 3
3 21
19 15
21 1
18 32
0 37
17 38
32 38
31 22
8 5
32 2
25 14
20 12
19 23
22 36
28 5
34 37
3 0
35 27
14 10
33 10
33 34
16 37
10 8
36 23
35 22
22 0
1 28
28 29
25 4
0 21
26 12
26 1
21 23
3 19
18 5
37 7
10 20
22 7
2 0
3 32
12 32
35 0
23 35
12 19
23 28
15 2
32 33
22 22
37 0
23 2
18 19
11 35
2 21
6 21
11 26
28 19
15 9
26 9
34 31
35 2
11 9
13 15
16 7
20 9
35 6
5 17
10 33
19 24
11 19
38 29
1 31
5 13
6 34
14 8
32 29
14 30
24 12
6 17
25 34
15 27
26 23
21 25
33 6
1 23
8 5
15 20
5 30
11 32
28 24
24 10
18 32
3 12
10 14
20 30
5 33
28 3
10 21
4 35
37 9