440
2199
0,
1,
2,
3,
4,
5,
6,
7,
8,
9,
10,
11,
12,
13,
14,
15,
16,
17,
18,
19,
20,
21,
22,
23,
24,
25,
26,
27,
28,
29,
30,
31,
32,
33,
34,
35,
36,
37,
38,
39,
40,
41,
42,
43,
44,
45,
46,
47,
48,
49,
50,
51,
52,
53,
54,
55,
56,
57,
58,
59,
60,
61,
62,
63,
64,
65,
66,
67,
68,
69,
70,
71,
72,
73,
74,
75,
76,
77,
78,
79,
80,
81,
82,
83,
84,
85,
86,
87,
88,
89,
90,
91,
92,
93,
94,
95,
96,
97,
98,
99,
100,
101,
102,
103,
104,
105,
106,
107,
108,
109,
110,
111,
112,
113,
114,
115,
116,
117,
118,
119,
120,
121,
122,
123,
124,
125,
126,
127,
128,
129,
130,
131,
132,
133,
134,
135,
136,
137,
138,
139,
140,
141,
142,
143,
144,
145,
146,
147,
148,
149,
150,
151,
152,
153,
154,
155,
156,
157,
158,
159,
160,
161,
162,
163,
164,
165,
166,
167,
168,
169,
170,
171,
172,
173,
174,
175,
176,
177,
178,
179,
180,
181,
182,
183,
184,
185,
186,
187,
188,
189,
190,
191,
192,
193,
194,
195,
196,
197,
198,
199,
200,
201,
202,
203,
204,
205,
206,
207,
208,
209,
210,
211,
212,
213,
214,
215,
216,
217,
218,
219,
220,
221,
222,
223,
224,
225,
226,
227,
228,
229,
230,
231,
232,
233,
234,
235,
236,
237,
238,
239,
240,
241,
242,
243,
244,
245,
246,
247,
248,
249,
250,
251,
252,
253,
254,
255,
256,
257,
258,
259,
260,
261,
262,
263,
264,
265,
266,
267,
268,
269,
270,
271,
272,
273,
274,
275,
276,
277,
278,
279,
280,
281,
282,
283,
284,
285,
286,
287,
288,
289,
290,
291,
292,
293,
294,
295,
296,
297,
298,
299,
300,
301,
302,
303,
304,
305,
306,
307,
308,
309,
310,
311,
312,
313,
314,
315,
316,
317,
318,
319,
320,
321,
322,
323,
324,
325,
326,
327,
328,
329,
330,
331,
332,
333,
334,
335,
336,
337,
338,
339,
340,
341,
342,
343,
344,
345,
346,
347,
348,
349,
350,
351,
352,
353,
354,
355,
356,
357,
358,
359,
360,
361,
362,
363,
364,
365,
366,
367,
368,
369,
370,
371,
372,
373,
374,
375,
376,
377,
378,
379,
380,
381,
382,
383,
384,
385,
386,
387,
388,
389,
390,
391,
392,
393,
394,
395,
396,
397,
398,
399,
400,
401,
402,
403,
404,
405,
406,
407,
408,
409,
410,
411,
412,
413,
414,
415,
416,
417,
418,
419,
420,
421,
422,
423,
424,
425,
426,
427,
428,
429,
430,
431,
432,
433,
434,
435,
436,
437,
438,
439
419 272
272 233
233 118
118 88
88 368
368 155
155 77
77 38
38 360
360 412
412 35
35 407
407 59
59 190
190 418
418 181
181 111
111 146
146 423
423 110
110 65
65 89
89 347
347 5
5 197
197 226
226 237
237 232
232 204
204 47
47 90
90 97
97 81
81 191
191 55
55 424
424 388
388 332
332 324
324 351
351 120
120 142
142 80
80 174
174 63
63 180
180 298
298 252
252 353
353 313
313 306
306 41
41 333
333 129
129 72
72 171
171 15
15 304
304 222
222 372
372 242
242 315
315 352
352 221
221 228
228 7
7 432
432 383
383 37
37 390
390 53
53 140
140 326
326 79
79 371
371 416
416 98
98 239
239 248
248 217
217 314
314 261
261 343
343 95
95 342
342 186
186 170
170 246
246 135
135 203
203 119
119 295
295 386
386 283
283 359
359 259
259 51
51 426
426 255
255 176
176 30
30 244
244 369
369 195
195 188
188 389
389 330
330 231
231 268
268 12
12 224
224 168
168 279
279 410
410 64
64 172
172 305
305 277
277 240
240 311
311 263
263 92
92 427
427 45
45 349
349 86
86 290
290 373
373 102
102 238
238 67
67 141
141 144
144 205
205 122
122 287
287 421
421 430
430 137
137 331
331 227
227 85
85 361
361 212
212 199
199 393
393 288
288 42
42 56
56 70
70 364
364 312
312 131
131 33
33 320
320 387
387 196
196 384
384 14
14 148
148 307
307 159
159 429
429 354
354 247
247 156
156 234
234 25
25 250
250 74
74 136
136 370
370 68
68 2
2 162
162 380
380 93
93 275
275 13
13 335
335 121
121 46
46 193
193 62
62 398
398 123
123 134
134 96
96 415
415 165
165 57
57 139
139 103
103 128
128 401
401 253
253 215
215 437
437 164
164 284
284 317
317 124
124 266
266 262
262 378
378 334
334 201
201 329
329 151
151 338
338 22
22 267
267 31
31 16
16 127
127 341
341 327
327 83
83 280
280 202
202 101
101 348
348 265
265 344
344 58
58 256
256 379
379 153
153 163
163 28
28 78
78 413
413 433
433 425
425 206
206 405
405 404
404 154
154 107
107 294
294 183
183 36
36 23
23 157
157 8
8 293
293 167
167 126
126 436
436 125
125 61
61 27
27 271
271 434
434 230
230 198
198 94
94 319
319 365
365 147
147 356
356 194
194 328
328 49
49 417
417 382
382 308
308 322
322 152
152 39
39 291
291 301
301 340
340 84
84 179
179 173
173 105
105 115
115 257
257 117
117 219
219 367
367 392
392 309
309 377
377 66
66 374
374 323
323 82
82 285
285 406
406 20
20 10
10 54
54 106
106 241
241 32
32 187
187 296
296 214
214 258
258 395
395 409
409 71
71 145
145 9
9 400
400 116
116 254
254 216
216 220
220 422
422 273
273 166
166 100
100 337
337 396
396 3
3 235
235 225
225 366
366 321
321 109
109 44
44 87
87 138
138 251
251 358
358 184
184 207
207 0
0 264
264 316
316 161
161 4
4 274
274 158
158 438
438 318
318 289
289 243
243 355
355 40
40 177
177 397
397 286
286 150
150 169
169 21
21 300
300 278
278 29
29 245
245 403
403 185
185 189
189 346
346 297
297 99
99 260
260 43
43 112
112 211
211 402
402 75
75 19
19 310
310 76
76 50
50 104
104 182
182 130
130 34
34 48
48 17
17 1
1 26
26 439
439 269
269 11
11 302
302 210
210 420
420 362
362 303
303 236
236 325
325 399
399 350
350 345
345 114
114 175
175 336
336 292
292 52
52 108
108 200
200 160
160 229
229 69
69 149
149 113
113 394
394 408
408 132
132 391
391 435
435 276
276 339
339 208
208 213
213 73
73 178
178 223
223 375
375 299
299 209
209 428
428 270
270 60
60 381
381 192
192 218
218 357
357 249
249 282
282 376
376 411
411 385
385 18
18 414
414 143
143 281
281 431
431 133
133 91
91 363
363 6
6 24
173 370
274 279
396 100
249 298
279 125
253 53
144 352
32 404
127 202
72 57
384 224
418 251
409 43
14 379
330 289
113 313
393 371
71 171
298 267
34 427
415 201
318 100
80 84
99 223
224 146
216 49
237 145
272 346
265 179
186 41
401 282
322 67
136 116
329 196
146 111
161 421
49 86
363 290
421 57
428 120
41 61
367 196
436 227
344 280
311 87
26 17
376 229
28 141
230 88
131 106
92 101
9 426
101 383
92 368
247 134
260 293
375 332
139 384
113 194
186 241
292 7
165 220
91 82
291 310
222 166
301 292
314 47
284 23
215 203
200 390
129 271
376 151
77 174
384 4
339 373
114 255
438 135
228 94
295 368
65 254
299 216
110 48
20 425
422 316
90 367
345 415
322 321
270 323
58 322
192 228
47 419
5 249
400 179
227 373
411 413
415 235
282 128
220 322
382 356
159 176
371 256
325 416
426 243
349 122
376 383
437 267
136 332
434 285
63 287
207 401
197 204
410 198
28 68
96 198
289 222
245 120
429 134
402 46
413 215
185 95
225 164
384 302
260 100
85 383
411 252
91 130
198 358
191 415
147 319
125 297
293 332
233 178
190 186
235 145
387 341
210 347
85 439
176 144
410 6
134 271
63 283
415 69
361 55
218 238
318 155
137 177
136 414
279 186
230 275
254 339
14 355
266 364
113 354
29 25
53 423
261 238
229 139
112 169
202 434
346 251
42 173
351 251
181 130
418 384
64 155
369 51
232 55
326 0
115 291
21 274
292 112
5 418
403 249
373 162
350 246
90 17
169 402
42 226
176 271
42 321
6 270
291 141
96 375
249 181
13 351
413 30
202 295
128 164
428 26
37 340
313 175
103 389
68 165
275 292
402 233
417 339
328 21
349 198
320 233
409 308
317 379
43 365
114 214
419 398
158 70
405 223
78 122
73 324
221 276
337 99
254 155
108 132
300 280
43 294
3 316
380 9
297 423
63 369
405 319
236 67
358 369
335 111
268 59
2 9
189 369
332 159
76 55
100 104
229 31
162 5
25 110
353 72
182 101
194 431
217 135
94 28
124 97
239 228
384 223
4 244
32 40
111 334
208 22
439 112
149 197
247 406
138 388
401 115
226 136
290 381
307 285
22 200
28 29
397 424
393 344
280 336
159 14
390 102
165 356
130 111
408 113
292 253
380 174
171 306
136 109
174 219
50 266
197 117
37 83
22 210
105 400
296 415
145 278
294 332
230 353
307 185
20 27
386 394
10 102
244 5
151 161
238 263
19 255
108 56
252 286
50 235
20 193
433 263
189 265
279 283
379 258
249 333
403 184
93 319
74 19
0 93
403 64
65 300
137 96
274 227
216 166
292 231
298 70
47 123
414 272
282 396
51 357
310 219
167 76
229 70
122 80
31 150
193 271
297 114
199 311
92 229
319 149
160 73
69 99
30 114
220 217
335 345
263 350
182 298
94 19
240 238
247 424
383 54
435 150
198 156
241 117
110 343
81 358
20 206
393 195
119 34
162 215
203 415
88 264
124 58
235 309
334 265
272 144
403 216
91 91
238 287
16 121
369 320
392 91
352 140
139 256
339 320
105 392
19 152
348 0
225 268
361 214
301 27
439 191
60 126
192 280
127 314
162 140
184 1
16 66
78 184
326 417
1 437
362 203
57 60
390 190
122 204
170 299
198 193
319 270
128 187
164 183
105 222
72 332
349 279
333 389
156 437
406 384
331 358
62 405
145 9
330 17
430 416
393 160
248 278
437 408
383 222
308 326
3 187
355 357
326 333
91 412
196 125
41 34
184 35
265 201
130 70
171 209
225 91
160 437
162 204
425 179
210 152
181 337
299 177
263 426
156 330
316 27
210 418
155 400
70 15
8 345
389 377
256 36
21 74
90 84
129 45
33 156
44 107
215 210
100 318
136 347
284 332
178 51
425 111
374 397
32 342
155 326
33 375
121 203
342 206
409 75
311 377
352 47
265 250
225 190
106 352
3 22
316 144
314 160
249 17
132 119
317 410
391 343
7 143
111 404
241 401
243 136
349 248
426 362
111 226
24 82
108 271
389 394
88 391
344 149
276 212
364 257
147 63
304 215
333 251
287 382
212 187
98 56
111 127
291 96
127 101
413 412
96 181
282 382
125 171
156 172
273 340
285 208
262 387
267 54
292 73
425 74
347 241
429 94
2 68
367 370
194 90
153 254
82 46
182 55
190 400
153 193
69 343
15 298
276 339
117 338
363 41
96 44
183 299
419 10
12 212
259 159
186 388
111 404
139 364
422 238
106 388
113 45
153 384
18 403
45 34
235 155
192 84
187 221
297 37
183 84
291 319
299 185
405 290
29 352
358 76
331 433
95 296
326 100
423 316
403 254
406 192
398 117
50 195
89 28
384 21
273 19
425 383
185 109
186 169
325 380
196 347
429 292
23 437
10 383
165 208
129 72
339 182
37 195
38 124
48 405
375 325
66 244
347 283
151 394
138 170
245 341
139 162
98 237
228 69
81 77
119 246
260 110
241 355
28 280
122 414
282 389
395 81
119 343
204 317
296 24
183 279
84 289
22 365
174 211
333 264
426 70
363 261
338 337
403 160
50 301
168 426
323 382
370 309
198 205
196 185
214 412
380 310
401 174
62 212
332 439
320 296
318 19
394 266
9 275
286 319
289 289
211 280
304 346
182 138
350 199
299 251
275 148
377 7
200 364
63 108
264 19
62 151
342 58
388 288
352 46
352 65
404 354
347 77
78 337
62 8
408 290
352 169
73 434
329 248
257 181
198 116
240 2
60 13
128 380
31 228
418 163
58 5
17 398
212 185
102 73
250 33
376 383
386 265
110 325
320 308
197 33
11 73
24 227
215 376
337 433
27 18
26 6
49 31
134 2
385 415
218 286
224 48
286 118
253 209
61 358
366 304
3 38
17 232
366 185
347 241
40 149
215 256
402 206
269 92
359 300
64 33
118 307
179 353
424 226
398 12
290 168
122 319
87 97
297 84
131 111
225 83
317 197
314 438
361 101
269 390
173 349
76 74
315 212
399 355
355 82
390 167
323 92
154 294
305 427
325 191
243 211
251 188
147 292
97 107
315 342
296 56
157 240
45 315
219 332
0 147
244 269
180 361
70 375
171 128
108 168
293 244
436 417
62 83
99 424
256 122
266 6
97 88
339 412
438 209
136 338
216 59
282 432
428 369
336 19
335 278
10 396
261 1
96 92
198 272
75 64
181 278
186 45
362 120
259 288
345 85
292 233
266 227
359 220
140 21
229 198
38 438
248 260
46 374
24 266
275 62
331 162
182 92
375 30
245 263
438 193
285 343
235 112
399 416
50 233
153 241
169 237
414 114
361 219
435 215
316 86
338 121
275 430
252 369
256 154
377 70
309 51
150 6
106 272
68 68
23 421
158 149
86 243
216 350
9 68
112 363
100 428
435 148
157 275
404 361
307 416
3 75
146 94
327 276
277 107
185 226
255 263
124 194
4 212
336 89
282 109
422 212
115 338
130 325
420 262
10 13
106 374
98 314
8 160
368 253
171 413
385 220
271 185
397 227
249 344
439 164
317 199
242 186
150 221
33 275
32 438
153 226
180 261
58 319
4 66
364 342
346 106
247 246
12 176
104 42
32 217
328 133
156 425
387 400
375 410
139 73
311 270
362 266
389 263
80 153
27 105
127 149
51 339
343 97
183 360
126 235
273 364
15 113
356 152
393 429
436 267
82 53
12 364
111 417
27 113
385 129
278 83
66 312
218 223
52 317
71 158
314 158
367 278
300 394
72 89
17 320
216 255
31 220
236 337
213 127
373 297
392 39
378 434
335 273
409 131
137 108
345 275
192 254
164 254
6 260
160 176
112 196
439 25
248 201
93 117
160 240
47 25
224 316
270 26
293 262
100 28
173 416
397 362
48 39
425 4
70 411
131 355
87 113
341 117
347 70
3 175
59 34
342 213
393 188
10 7
439 398
242 418
222 203
149 244
175 5
47 44
254 214
233 303
437 193
260 189
290 281
339 333
375 238
193 299
88 401
49 263
72 406
54 268
401 128
103 123
310 216
292 430
434 424
175 119
3 140
296 395
287 436
269 148
421 33
377 70
9 418
110 180
368 164
366 204
15 330
282 230
30 91
155 393
115 69
15 401
404 192
127 146
184 325
215 32
381 435
209 37
409 428
162 325
292 186
348 341
143 255
394 169
143 47
144 356
145 382
24 99
293 162
369 298
11 359
178 307
206 35
193 371
190 130
317 114
146 57
207 295
119 47
315 2
89 208
212 370
135 225
14 307
221 49
80 193
170 354
385 155
272 396
346 241
40 134
270 101
50 159
179 157
419 288
346 437
229 6
239 280
363 52
242 439
89 355
281 250
313 387
357 206
161 40
239 203
379 413
6 145
25 405
235 432
118 83
69 432
77 122
123 396
105 341
298 53
304 31
378 65
319 331
412 13
359 376
280 254
63 44
340 284
379 351
45 245
429 353
288 423
198 43
287 301
216 236
22 41
392 148
323 173
5 340
400 27
248 144
59 116
273 102
360 291
392 422
319 27
86 403
275 396
9 366
343 0
371 139
189 51
63 90
67 58
307 337
383 107
120 377
391 428
70 401
376 262
301 188
83 93
407 152
378 339
69 159
97 34
95 396
351 97
356 72
402 376
251 55
93 146
33 100
158 380
411 373
353 49
298 353
100 339
24 134
386 19
374 162
400 173
377 179
286 49
90 66
196 71
249 435
146 93
11 362
410 1
394 262
26 258
371 377
184 3
245 324
101 227
135 419
346 28
355 295
401 74
424 276
372 180
321 151
188 172
34 108
247 412
80 5
363 211
177 155
372 72
381 309
58 24
138 312
126 319
315 222
397 439
59 323
379 155
56 193
363 182
388 16
263 64
337 304
252 199
115 431
78 239
300 58
369 295
84 403
313 185
197 218
169 420
144 419
349 229
51 370
97 218
439 85
18 358
104 332
108 29
403 423
359 243
112 312
369 70
8 127
416 238
294 307
243 4
357 221
84 256
275 340
13 423
275 71
235 331
429 54
53 167
58 105
217 433
79 129
76 362
53 333
169 314
70 282
76 303
247 364
368 356
161 424
325 61
23 305
0 345
55 352
28 242
109 163
217 115
148 309
139 219
149 337
9 131
73 183
145 289
346 206
175 130
439 121
363 317
208 413
220 142
248 272
111 258
194 140
318 163
337 56
255 120
315 69
110 40
161 247
99 307
10 303
168 114
349 190
188 202
364 60
400 175
46 300
191 40
332 217
297 294
211 394
332 228
312 425
158 179
384 117
325 379
414 167
201 351
174 41
416 137
373 436
316 319
357 235
433 106
178 244
125 179
81 301
23 396
22 112
161 30
119 321
298 90
215 256
71 67
309 189
164 127
205 252
55 141
232 94
171 417
134 58
35 158
395 221
143 158
37 101
406 149
38 12
9 389
66 429
81 393
20 296
118 136
20 333
87 306
123 192
364 109
157 56
152 339
409 425
114 98
88 211
150 293
330 168
238 174
419 143
137 191
380 46
337 414
282 330
147 0
101 303
18 169
399 57
189 102
280 297
69 353
146 226
130 422
81 302
427 142
12 166
32 20
107 382
333 439
287 109
135 414
433 172
403 19
21 246
361 154
362 374
40 208
96 414
176 434
208 160
208 197
284 10
261 64
82 187
50 314
69 241
407 18
103 96
62 156
396 255
423 83
169 433
154 327
381 187
111 198
408 354
135 256
439 152
296 260
109 23
67 392
303 426
375 395
150 215
105 391
23 200
125 171
23 68
70 221
349 72
387 332
180 260
263 362
124 434
125 29
370 371
94 384
245 130
293 17
344 151
314 417
194 287
221 141
104 122
75 355
428 17
222 414
88 358
45 2
315 205
362 125
139 249
250 295
110 121
156 306
313 191
53 320
20 362
23 325
177 206
11 231
193 97
227 328
373 307
302 11
174 226
328 310
304 118
222 329
371 392
94 191
134 297
394 141
355 39
352 383
230 410
242 177
157 63
279 18
142 105
350 331
46 326
238 94
135 250
65 154
162 120
281 241
159 320
10 0
134 44
152 237
197 262
217 341
165 371
352 344
116 107
126 132
177 361
367 114
363 348
126 197
259 285
62 395
388 305
37 337
103 348
45 71
83 34
353 437
308 235
310 296
329 62
192 392
413 15
400 329
113 302
64 189
33 342
271 298
181 110
47 19
271 230
323 298
213 276
402 182
399 63
148 262
407 382
287 338
204 198
381 283
127 87
88 121
1 149
90 439
88 194
176 79
426 432
424 370
303 297
128 66
335 227
363 54
126 16
239 329
405 344
355 93
231 178
151 237
46 286
81 228
147 292
321 186
389 271
75 52
422 186
171 295
308 157
221 356
222 174
401 275
17 195
302 229
4 31
36 433
63 425
184 113
28 302
375 281
231 120
49 231
62 369
257 324
322 432
223 15
382 313
117 68
15 148
159 370
357 233
195 84
224 365
53 320
216 420
437 423
332 278
244 142
22 112
242 383
396 152
90 246
119 262
174 204
399 163
17 134
370 8
374 309
208 303
438 247
357 343
322 5
347 214
127 72
314 52
163 419
295 308
385 332
266 277
318 137
289 323
372 202
168 32
303 245
13 26
167 9
339 133
206 382
235 249
328 415
124 335
341 219
56 338
433 157
425 394
329 154
41 306
77 121
68 66
299 275
58 195
236 75
57 410
412 80
283 363
241 313
417 214
171 296
407 402
409 72
333 327
121 6
156 426
178 307
267 108
19 50
116 60
96 356
379 145
107 431
173 261
11 73
392 307
150 315
32 114
140 358
204 405
122 201
31 96
36 124
248 346
300 72
428 226
105 263
153 7
216 56
247 315
40 3
242 51
148 7
193 392
133 284
434 358
296 397
7 348
297 294
146 26
80 312
313 215
418 340
387 312
378 176
232 130
49 221
174 1
88 241
313 102
21 434
309 384
304 326
437 363
307 118
317 174
206 177
63 146
348 267
347 340
417 95
373 372
188 15
419 229
73 162
207 222
135 108
227 80
379 409
378 383
5 184
392 423
52 359
249 345
156 228
338 130
94 23
82 368
411 282
382 172
202 372
206 346
368 165
92 145
358 383
331 337
11 368
411 419
200 45
345 10
28 119
254 177
111 71
161 73
195 24
184 348
295 129
98 408
273 236
383 136
364 246
153 289
391 316
326 436
31 124
259 95
37 399
117 349
147 207
275 354
171 289
248 242
201 318
256 30
376 297
86 7
393 415
392 141
381 107
347 116
104 67
82 83
274 294
249 364
250 101
396 321
364 57
220 426
263 256
191 340
117 209
108 365
203 415
16 11
120 94
268 392
155 343
349 262
39 240
352 115
240 393
241 428
405 184
265 321
324 371
176 81
114 80
406 210
82 333
65 429
216 420
246 322
148 197
389 401
215 340
318 95
310 184
153 296
297 297
428 97
170 98
211 23
306 273
208 393
33 371
71 299
167 362
352 303
392 95
168 171
108 197
39 129
125 44
2 301
295 273
42 421
53 45
72 388
372 91
102 97
109 205
135 342
236 4
389 367
354 352
2 380
277 122
423 342
293 161
344 292
321 180
207 408
184 299
34 235
30 15
231 104
309 404
208 3
391 390
292 424
156 132
49 190
351 400
291 103
428 355
247 45
185 54
253 199
162 76
367 432
367 40
348 367
111 312
120 40
308 327
287 24
383 376
224 55
200 191
405 40
394 431
61 267
43 170
258 35
330 10
101 408
371 155
272 51
182 89
74 139
140 180
305 10
261 414
283 232
302 82
99 20
270 291
409 321
391 347
112 224
13 353
401 14
290 422
144 415
82 374
273 37
13 201
379 48
406 122
288 83
254 254
401 362
398 31
336 344
383 38
168 33
182 294
234 419
428 211
46 209
264 405
198 68
49 223
212 23
412 369
386 367
434 301
245 43