44
219
0,
1,
2,
3,
4,
5,
6,
7,
8,
9,
10,
11,
12,
13,
14,
15,
16,
17,
18,
19,
20,
21,
22,
23,
24,
25,
26,
27,
28,
29,
30,
31,
32,
33,
34,
35,
36,
37,
38,
39,
40,
41,
42,
43
33 10
10 39
39 34
34 2
2 43
43 7
7 13
13 5
5 23
23 15
15 29
29 37
37 32
32 12
12 16
16 1
1 25
25 11
11 6
6 42
42 3
3 4
4 0
0 35
35 31
31 8
8 41
41 14
14 17
17 40
40 30
30 26
26 38
38 28
28 24
24 27
27 22
22 20
20 21
21 36
36 19
19 18
18 9
24 27
38 31
4 40
1 21
22 10
11 17
5 7
1 19
28 12
34 32
11 41
12 31
21 0
10 0
21 22
27 35
23 43
7 23
30 24
43 18
35 28
41 24
15 9
30 38
30 15
27 26
7 3
36 28
33 37
25 40
29 27
39 9
13 33
33 7
8 37
1 9
23 6
43 20
0 2
27 41
31 36
26 4
4 3
20 22
29 18
15 1
31 1
14 0
20 16
2 37
9 14
33 28
38 27
40 40
0 42
36 5
6 2
2 29
27 38
14 16
36 25
35 31
43 29
3 10
40 27
23 5
22 13
24 14
22 11
23 7
31 34
27 10
30 1
21 21
41 39
4 9
36 33
37 10
4 5
27 14
34 11
32 28
38 19
28 26
40 42
41 35
14 21
29 28
14 20
8 28
19 42
3 3
22 10
25 8
36 35
36 18
14 24
5 21
23 27
8 36
18 15
41 11
3 25
40 43
26 23
18 23
22 40
13 33
35 24
36 32
35 13
26 41
41 14
9 18
6 5
11 39
4 18
36 4
34 40
8 42
26 22
41 7
36 28
30 22
1 30
42 8
19 4
13 16
7 17
11 19
35 7
38 23
33 29
31 22
36 20
2 42
29 40
0 43
26 16
29 31
23 8
8 17
42 37
10 2
39 22
23 20
28 43
29 7
14 8
4 19
5 11
31 1
26 2
20 21
36 24
34 27
27 10
0 20
41 14
29 12
28 6
34 6
14 17
35 41
18 1
27 31
6 11
22 5
15 20
7 20
8 23
21 42
42 15
22 22
1 14
31 42