480
2399
0,
1,
2,
3,
4,
5,
6,
7,
8,
9,
10,
11,
12,
13,
14,
15,
16,
17,
18,
19,
20,
21,
22,
23,
24,
25,
26,
27,
28,
29,
30,
31,
32,
33,
34,
35,
36,
37,
38,
39,
40,
41,
42,
43,
44,
45,
46,
47,
48,
49,
50,
51,
52,
53,
54,
55,
56,
57,
58,
59,
60,
61,
62,
63,
64,
65,
66,
67,
68,
69,
70,
71,
72,
73,
74,
75,
76,
77,
78,
79,
80,
81,
82,
83,
84,
85,
86,
87,
88,
89,
90,
91,
92,
93,
94,
95,
96,
97,
98,
99,
100,
101,
102,
103,
104,
105,
106,
107,
108,
109,
110,
111,
112,
113,
114,
115,
116,
117,
118,
119,
120,
121,
122,
123,
124,
125,
126,
127,
128,
129,
130,
131,
132,
133,
134,
135,
136,
137,
138,
139,
140,
141,
142,
143,
144,
145,
146,
147,
148,
149,
150,
151,
152,
153,
154,
155,
156,
157,
158,
159,
160,
161,
162,
163,
164,
165,
166,
167,
168,
169,
170,
171,
172,
173,
174,
175,
176,
177,
178,
179,
180,
181,
182,
183,
184,
185,
186,
187,
188,
189,
190,
191,
192,
193,
194,
195,
196,
197,
198,
199,
200,
201,
202,
203,
204,
205,
206,
207,
208,
209,
210,
211,
212,
213,
214,
215,
216,
217,
218,
219,
220,
221,
222,
223,
224,
225,
226,
227,
228,
229,
230,
231,
232,
233,
234,
235,
236,
237,
238,
239,
240,
241,
242,
243,
244,
245,
246,
247,
248,
249,
250,
251,
252,
253,
254,
255,
256,
257,
258,
259,
260,
261,
262,
263,
264,
265,
266,
267,
268,
269,
270,
271,
272,
273,
274,
275,
276,
277,
278,
279,
280,
281,
282,
283,
284,
285,
286,
287,
288,
289,
290,
291,
292,
293,
294,
295,
296,
297,
298,
299,
300,
301,
302,
303,
304,
305,
306,
307,
308,
309,
310,
311,
312,
313,
314,
315,
316,
317,
318,
319,
320,
321,
322,
323,
324,
325,
326,
327,
328,
329,
330,
331,
332,
333,
334,
335,
336,
337,
338,
339,
340,
341,
342,
343,
344,
345,
346,
347,
348,
349,
350,
351,
352,
353,
354,
355,
356,
357,
358,
359,
360,
361,
362,
363,
364,
365,
366,
367,
368,
369,
370,
371,
372,
373,
374,
375,
376,
377,
378,
379,
380,
381,
382,
383,
384,
385,
386,
387,
388,
389,
390,
391,
392,
393,
394,
395,
396,
397,
398,
399,
400,
401,
402,
403,
404,
405,
406,
407,
408,
409,
410,
411,
412,
413,
414,
415,
416,
417,
418,
419,
420,
421,
422,
423,
424,
425,
426,
427,
428,
429,
430,
431,
432,
433,
434,
435,
436,
437,
438,
439,
440,
441,
442,
443,
444,
445,
446,
447,
448,
449,
450,
451,
452,
453,
454,
455,
456,
457,
458,
459,
460,
461,
462,
463,
464,
465,
466,
467,
468,
469,
470,
471,
472,
473,
474,
475,
476,
477,
478,
479
461 122
122 356
356 159
159 384
384 424
424 467
467 158
158 396
396 299
299 281
281 278
278 174
174 93
93 245
245 41
41 391
391 141
141 316
316 105
105 82
82 358
358 120
120 43
43 409
409 27
27 284
284 426
426 337
337 240
240 84
84 251
251 224
224 457
457 149
149 157
157 4
4 373
373 377
377 9
9 478
478 220
220 5
5 19
19 185
185 262
262 62
62 379
379 331
331 329
329 10
10 423
423 352
352 257
257 333
333 339
339 465
465 40
40 347
347 183
183 89
89 106
106 115
115 261
261 29
29 282
282 20
20 440
440 150
150 26
26 86
86 178
178 241
241 447
447 422
422 301
301 266
266 277
277 469
469 288
288 470
470 432
432 427
427 162
162 336
336 81
81 399
399 382
382 344
344 167
167 247
247 91
91 318
318 1
1 304
304 202
202 177
177 354
354 104
104 179
179 294
294 6
6 338
338 232
232 407
407 441
441 12
12 403
403 253
253 381
381 454
454 230
230 192
192 225
225 475
475 165
165 166
166 479
479 123
123 303
303 97
97 124
124 389
389 170
170 90
90 85
85 436
436 323
323 406
406 98
98 56
56 126
126 138
138 11
11 448
448 101
101 452
452 58
58 235
235 332
332 181
181 228
228 383
383 231
231 343
343 2
2 400
400 361
361 94
94 193
193 117
117 450
450 212
212 188
188 31
31 77
77 346
346 242
242 168
168 425
425 92
92 259
259 39
39 222
222 142
142 50
50 221
221 135
135 207
207 474
474 163
163 341
341 66
66 322
322 249
249 327
327 306
306 463
463 353
353 453
453 300
300 442
442 151
151 283
283 103
103 464
464 147
147 63
63 279
279 433
433 248
248 386
386 449
449 305
305 290
290 38
38 213
213 37
37 132
132 314
314 187
187 280
280 182
182 7
7 458
458 387
387 439
439 107
107 113
113 184
184 42
42 363
363 462
462 129
129 349
349 359
359 340
340 319
319 171
171 267
267 219
219 227
227 398
398 271
271 468
468 73
73 215
215 102
102 200
200 217
217 79
79 210
210 48
48 211
211 154
154 139
139 68
68 273
273 430
430 311
311 244
244 466
466 445
445 45
45 87
87 357
357 460
460 291
291 74
74 366
366 109
109 57
57 234
234 28
28 419
419 205
205 67
67 226
226 429
429 307
307 54
54 99
99 410
410 370
370 186
186 348
348 375
375 53
53 308
308 330
330 254
254 47
47 51
51 252
252 152
152 22
22 148
148 335
335 146
146 404
404 203
203 71
71 32
32 76
76 128
128 260
260 310
310 24
24 13
13 110
110 312
312 397
397 23
23 315
315 412
412 119
119 116
116 274
274 46
46 189
189 125
125 164
164 421
421 385
385 250
250 367
367 471
471 415
415 395
395 30
30 256
256 236
236 145
145 208
208 21
21 16
16 477
477 276
276 173
173 372
372 368
368 313
313 390
390 55
55 180
180 476
476 190
190 456
456 443
443 160
160 380
380 169
169 204
204 286
286 96
96 455
455 17
17 414
414 64
64 270
270 206
206 325
325 418
418 416
416 49
49 413
413 295
295 3
3 258
258 15
15 72
72 292
292 320
320 302
302 309
309 345
345 100
100 197
197 392
392 161
161 434
434 112
112 393
393 360
360 342
342 127
127 195
195 269
269 83
83 401
401 350
350 172
172 334
334 428
428 191
191 287
287 362
362 0
0 130
130 238
238 8
8 265
265 80
80 438
438 143
143 365
365 218
218 144
144 408
408 296
296 324
324 272
272 351
351 437
437 196
196 137
137 194
194 18
18 176
176 255
255 264
264 75
75 33
33 411
411 69
69 155
155 121
121 298
298 364
364 114
114 136
136 216
216 444
444 459
459 326
326 417
417 246
246 229
229 388
388 78
78 374
374 59
59 285
285 451
451 214
214 472
472 118
118 402
402 65
65 321
321 376
376 131
131 14
14 156
156 60
60 52
52 446
446 44
44 36
36 95
95 297
297 199
199 134
134 111
111 268
268 371
371 369
369 198
198 328
328 420
420 34
34 153
153 243
243 378
378 201
201 355
355 405
405 473
473 223
223 289
289 263
263 237
237 317
317 25
25 209
209 140
140 233
233 61
61 88
88 435
435 293
293 133
133 239
239 108
108 275
275 35
35 175
175 70
70 431
431 394
164 10
101 119
146 91
329 444
14 157
317 72
126 403
428 257
6 416
294 254
229 199
273 439
150 267
219 224
221 256
23 220
258 243
223 109
119 83
231 272
461 114
86 266
473 428
40 41
36 1
435 459
397 343
259 449
35 122
387 368
180 78
295 141
62 308
202 206
320 130
209 354
343 387
12 331
316 374
33 219
165 135
94 435
73 399
112 477
123 363
432 319
107 276
358 305
332 142
149 206
108 335
118 425
447 209
8 234
302 61
284 160
390 156
183 209
240 394
156 81
76 67
316 184
194 285
251 36
262 304
170 393
338 168
170 455
347 322
161 175
142 269
422 291
394 465
54 473
386 19
384 365
5 134
189 451
322 411
202 351
349 312
118 414
264 31
337 437
384 307
0 23
3 445
89 351
345 440
328 464
411 386
141 92
327 446
437 312
77 336
450 169
233 246
317 66
99 445
102 202
45 109
291 257
402 58
366 117
427 372
56 376
326 219
410 35
165 149
432 374
373 110
397 240
312 437
271 437
240 462
279 10
58 315
84 120
134 473
320 316
468 160
113 88
282 403
337 249
15 74
334 234
406 181
80 316
186 138
22 184
197 17
438 195
75 276
66 325
301 136
136 420
389 38
151 358
324 165
328 216
172 443
386 206
127 162
289 175
292 34
0 28
425 59
235 135
467 292
328 4
185 78
249 134
247 441
395 340
311 161
4 300
426 138
175 417
137 104
145 93
335 102
239 478
447 313
125 44
276 256
188 132
27 426
57 315
337 367
328 197
295 430
382 124
25 275
187 33
67 139
279 174
223 172
329 103
162 44
295 94
258 368
275 123
142 298
154 310
73 78
273 238
353 3
342 255
306 439
192 297
6 292
354 425
73 146
306 27
78 156
295 458
190 312
168 66
328 467
2 124
72 73
337 203
71 211
221 233
146 341
196 124
31 24
187 238
175 196
123 438
398 178
270 395
426 327
215 193
377 281
49 350
218 148
232 450
12 284
44 50
355 330
451 472
315 374
385 214
210 152
256 211
427 353
114 468
131 390
79 228
346 349
350 454
283 153
335 367
68 182
67 195
78 164
360 406
232 30
457 287
348 448
384 392
302 36
378 225
263 299
273 418
303 61
21 87
425 280
211 19
434 320
217 78
156 452
479 268
117 54
17 152
407 277
296 446
110 343
38 193
131 277
469 303
303 434
391 12
414 112
285 357
300 91
328 177
30 234
399 330
355 442
243 115
174 260
97 103
237 288
321 82
412 325
389 248
260 104
424 142
388 387
171 105
291 441
418 202
103 211
244 118
418 182
107 356
199 24
67 398
324 378
29 466
435 321
92 341
394 31
16 465
91 469
191 203
221 62
467 417
462 132
451 457
330 43
262 419
386 109
372 435
55 336
68 274
94 258
272 166
215 222
219 77
279 74
246 239
232 383
374 359
192 468
128 397
94 179
341 147
95 296
454 88
265 405
106 464
216 412
89 379
444 158
415 461
330 319
240 418
353 270
220 276
108 247
292 457
155 59
100 390
95 156
77 88
166 284
374 177
41 433
305 338
10 420
298 413
298 346
26 161
256 467
441 449
471 254
117 455
14 416
179 371
431 365
3 22
68 96
12 108
436 42
191 18
263 146
388 14
5 330
476 175
348 167
234 466
134 347
400 244
88 170
404 363
470 436
56 372
206 67
466 89
248 473
2 297
355 247
227 188
428 212
340 249
465 68
185 3
317 166
269 474
85 122
116 182
314 105
250 197
192 452
228 150
151 335
198 249
264 302
137 168
338 27
313 274
21 47
77 397
1 273
182 275
452 30
314 50
309 410
77 90
336 363
357 262
195 165
458 4
122 61
37 430
386 25
228 190
296 158
363 165
462 249
258 222
396 329
347 381
251 390
69 307
229 65
369 387
220 23
389 364
330 25
389 441
109 409
356 461
82 247
92 221
166 293
205 401
426 388
21 442
200 60
381 422
380 384
13 13
83 29
46 203
393 470
241 220
174 319
268 0
386 404
96 438
246 134
387 272
214 467
369 125
261 343
150 62
262 457
47 237
87 144
248 146
407 83
317 230
5 117
444 244
149 387
452 83
325 341
208 454
101 460
134 157
73 430
232 156
132 140
274 121
426 224
201 331
224 174
214 57
217 63
22 112
191 328
202 423
377 266
470 186
309 356
178 447
386 429
392 58
145 119
198 204
101 409
439 380
146 193
306 137
231 358
157 107
25 78
17 56
204 370
30 218
285 365
154 15
473 36
339 274
270 355
441 474
434 455
19 102
246 126
449 165
444 300
355 212
174 339
200 92
412 463
387 433
411 234
9 249
77 163
220 279
147 144
27 294
102 410
467 18
260 393
60 259
43 336
1 281
211 143
153 271
406 419
230 363
472 360
121 49
439 394
169 19
252 24
384 13
49 85
74 315
39 95
78 82
248 28
180 172
43 375
49 168
72 470
328 187
2 302
113 462
162 4
131 206
181 143
92 419
400 200
323 87
151 143
7 440
71 15
57 388
228 359
319 52
189 30
114 341
421 403
223 108
166 285
71 407
22 356
396 347
318 275
55 99
108 113
191 274
364 186
450 110
306 241
28 212
178 123
308 76
257 334
54 406
223 19
246 303
110 49
189 474
390 427
28 126
288 440
220 393
432 252
408 354
23 437
266 359
242 408
428 7
331 322
366 100
454 460
2 132
45 197
453 96
258 305
160 304
158 384
287 19
335 171
250 208
145 427
82 448
441 446
240 207
265 155
281 224
279 203
268 77
72 56
455 50
143 316
45 338
190 389
424 30
27 392
228 400
296 192
102 367
300 401
24 373
231 298
78 42
383 20
314 114
125 101
155 427
126 206
80 442
181 250
279 221
442 261
197 273
129 334
428 402
281 88
232 5
315 276
377 437
255 36
415 108
294 180
216 178
54 187
278 464
21 28
411 445
68 432
48 287
181 129
73 137
47 18
377 121
397 209
227 14
105 318
344 178
323 25
360 158
238 80
353 291
421 476
360 294
176 59
374 404
45 242
69 296
274 360
132 209
108 50
242 286
117 3
87 452
17 293
305 123
401 120
269 111
427 11
134 28
48 265
264 143
314 60
287 359
142 243
11 80
463 394
88 278
451 74
346 76
402 433
412 193
263 350
317 212
312 186
24 95
161 193
321 217
154 66
192 230
428 141
4 427
440 72
422 394
311 415
146 334
462 397
461 16
181 376
381 248
351 307
444 17
338 429
91 246
192 222
460 404
244 409
316 345
282 28
418 468
170 221
376 112
35 229
447 143
323 27
429 24
183 407
384 245
104 260
94 463
68 167
364 239
13 308
289 4
462 101
260 452
477 332
199 80
159 426
138 143
319 87
409 288
150 449
87 251
268 344
244 305
286 463
88 412
32 352
96 345
178 136
164 381
392 439
292 331
69 72
286 104
4 240
411 264
129 478
169 99
330 438
298 104
478 455
417 17
270 323
161 206
327 434
233 121
306 44
272 237
106 444
306 150
396 58
170 199
332 45
384 126
259 396
237 309
236 11
172 91
205 125
182 246
140 109
33 1
255 237
94 260
472 366
186 66
382 272
110 339
84 238
173 475
392 22
401 350
125 396
129 297
223 135
258 3
65 384
379 420
456 476
459 328
234 10
460 313
479 417
250 224
217 21
365 404
185 207
210 117
267 18
449 53
219 370
433 281
126 265
392 214
29 112
73 466
385 158
476 440
141 186
368 101
452 400
244 293
155 371
421 450
242 460
399 439
113 202
113 30
189 81
447 353
40 87
331 150
294 252
345 126
89 165
259 266
356 423
116 344
255 391
3 266
69 42
83 224
457 2
460 419
233 348
224 281
249 144
214 168
117 214
335 432
327 371
239 15
20 5
294 412
87 85
186 26
146 296
244 235
372 430
131 408
276 192
324 198
463 12
123 465
156 113
434 377
131 292
213 61
278 470
105 441
412 361
410 168
358 293
25 14
296 101
84 428
363 139
28 412
406 71
114 370
146 402
191 450
313 458
29 58
239 451
372 302
119 11
46 190
289 74
48 323
332 457
34 416
120 360
165 52
84 40
409 25
452 110
197 116
158 83
362 392
272 307
6 273
299 73
380 199
336 422
244 342
71 248
31 100
459 108
242 28
9 338
62 353
257 145
255 137
165 106
323 42
42 446
106 463
74 127
46 280
456 215
258 348
465 463
337 104
301 338
322 442
474 356
162 324
289 391
460 79
273 394
120 427
292 45
280 215
118 306
191 241
418 3
341 30
261 362
254 48
86 434
413 246
122 252
129 176
123 367
406 376
188 150
198 6
95 124
35 333
70 276
132 422
392 180
135 112
137 280
182 323
104 166
234 159
203 152
129 71
25 102
428 410
184 209
4 240
86 376
279 5
210 239
79 409
404 88
37 48
391 141
262 280
189 230
242 165
156 337
297 437
59 210
132 248
456 177
102 117
463 220
229 67
409 25
429 36
89 222
228 420
137 301
349 328
100 217
55 181
351 91
398 397
66 431
119 367
284 31
356 32
215 62
8 108
227 327
457 458
293 85
72 278
384 93
51 15
429 228
91 174
262 202
186 27
272 285
4 476
175 243
42 119
99 477
322 249
474 129
71 104
427 330
411 89
333 270
211 4
361 282
259 172
411 273
402 191
439 469
81 185
292 118
126 341
416 160
182 12
290 78
52 372
82 144
248 111
3 27
472 318
173 384
423 94
227 26
334 182
69 318
302 193
251 11
347 461
300 311
0 180
325 415
425 383
181 433
401 416
420 341
472 18
181 109
10 241
349 122
469 278
127 380
77 182
467 380
295 371
477 299
150 473
405 471
335 183
56 140
267 339
338 433
472 60
39 452
453 148
195 54
201 317
74 391
439 229
373 337
358 444
22 113
467 380
379 130
116 24
425 197
374 229
12 163
37 177
423 215
24 431
362 29
90 376
160 314
385 113
303 85
245 58
437 8
322 408
128 327
10 311
232 270
17 99
384 218
469 225
281 305
261 219
304 319
87 464
207 347
333 184
317 44
144 407
256 46
250 249
63 443
348 8
407 472
298 341
280 266
17 163
374 209
284 305
230 453
303 471
169 262
64 377
400 67
417 180
32 328
444 293
461 384
384 76
93 236
234 415
293 171
415 461
27 95
57 369
326 69
246 243
111 64
19 21
260 191
305 155
225 139
138 430
402 478
194 210
78 54
282 250
105 64
89 141
256 120
280 321
209 335
24 195
360 166
135 264
396 39
304 256
223 307
438 317
345 72
463 61
82 469
32 125
94 182
453 345
424 53
161 48
10 247
431 387
205 165
241 262
261 224
271 39
385 226
199 134
129 58
434 113
77 358
204 120
152 44
478 292
115 23
208 320
82 108
81 137
291 49
133 23
171 338
129 83
43 33
333 446
478 387
378 260
108 315
287 327
454 325
5 172
479 24
276 76
210 253
186 70
335 26
210 305
334 454
180 429
139 373
161 383
324 194
6 105
455 255
391 11
430 117
362 429
351 468
322 300
11 102
267 35
79 151
350 226
168 275
65 58
311 316
185 434
412 463
342 52
197 169
124 182
243 143
85 91
72 284
194 420
282 448
255 57
7 178
261 113
69 197
194 396
27 53
253 53
334 86
140 288
463 30
363 388
370 259
367 176
303 57
476 424
397 4
287 79
461 415
264 115
384 278
164 360
429 113
94 470
283 266
217 279
119 288
265 102
375 207
139 339
59 416
174 65
212 349
123 344
248 395
77 230
411 234
367 259
278 318
140 325
49 162
324 392
418 163
24 334
183 347
93 400
319 206
157 200
110 43
30 45
51 441
98 338
307 109
348 21
291 308
125 445
280 227
364 49
393 86
207 75
375 410
356 432
70 411
443 55
35 240
97 139
141 220
23 238
349 228
367 461
307 156
306 67
166 115
313 183
58 47
137 196
279 315
236 266
247 176
113 380
7 117
64 460
460 218
46 159
260 99
275 278
337 180
341 219
218 212
247 214
169 321
171 49
19 156
185 283
324 181
341 240
357 15
302 74
25 411
319 473
374 78
279 239
146 475
154 211
321 343
125 456
149 98
438 409
157 75
57 313
392 234
445 250
222 65
197 308
253 411
402 134
362 138
60 206
245 70
456 346
139 309
278 280
242 337
210 379
15 62
99 183
325 395
439 43
422 85
196 94
468 11
335 1
127 134
197 29
273 153
290 214
456 4
201 227
407 147
21 44
199 361
364 280
204 25
436 223
259 422
366 393
444 28
6 182
379 436
170 84
227 443
214 399
394 186
353 321
35 143
275 328
194 255
441 344
323 366
163 359
320 345
146 227
327 317
286 7
209 177
76 382
91 405
344 381
114 187
49 61
328 453
7 217
116 385
107 177
62 426
134 110
154 435
321 245
113 329
232 99
228 178
35 226
221 133
198 344
130 360
265 76
458 411
157 25
366 22
252 238
263 471
53 380
175 18
304 62
266 210
148 279
126 87
51 333
322 211
429 419
370 257
258 40
376 249
251 423
70 89
343 470
257 189
126 27
158 432
52 147
425 391
381 40
305 173
460 172
205 397
333 156
142 412
39 96
195 246
79 365
342 315
157 237
22 428
271 69
94 355
55 64
23 281
70 471
408 462
260 78
54 67
454 81
290 479
359 463
154 270
417 107
132 416
194 49
252 62
248 432
121 36
137 148
338 304
437 0
395 197
181 137
291 261
178 89
67 230
246 231
419 95
376 351
332 312
372 60
445 105
245 320
18 94
371 66
41 98
155 182
105 187
43 164
55 65
334 205
52 384
236 288
141 78
233 149
451 250
471 368
87 182
373 1
105 183
339 436
27 260
55 11
95 59
224 366
479 294
387 436
78 27
170 253
118 305
397 292
459 401
373 167
61 397
257 36
170 246
352 194
205 155
356 135
107 155
282 374
476 192
141 188
8 89
412 456
434 203
304 384
411 239
171 434
273 413
132 331
347 320
152 300
245 291
149 264
433 82
177 336
339 428
129 31
433 179
213 130
144 424
184 152
19 260
470 387
128 395
69 398
134 413
185 140
456 29
421 223
249 326
316 399
82 260
14 99
390 298
356 204
24 421
196 310
442 216
401 407
155 140
328 64
458 267
113 101
131 208
440 315
177 411
147 450
254 174
172 451
367 219
74 365
471 383
137 242
364 97
417 451
32 216
166 129
76 194
355 464
271 99
381 162
37 72
346 112
79 317
21 442
117 164
143 458
106 258
353 79
335 453
473 321
378 372
214 329
359 91
112 340
267 347
324 42
119 77
453 468
307 315
242 56
372 182
449 117
60 403
348 202
164 132
166 240
129 473
320 79
62 95
15 129
137 391
446 442
180 252
102 64
301 82
339 453
54 186
20 206
22 374
131 215
46 403
168 197
318 85
136 370
429 169
101 362
293 44
281 146
217 50
459 407
185 180
441 281
85 196
257 287
334 325
441 71
434 141
402 321
190 12
122 52
123 257
122 457
411 347
117 342
456 97
288 172
27 415
413 354
394 340
216 317
39 105
336 216
446 120
62 146
418 168
443 417
468 422
191 201
75 326
347 197
325 394
327 221
210 214
15 140
287 175
311 269
434 154
230 29
213 472
53 435
420 101
429 130
479 211
453 445
99 231
369 352
26 274
164 336
73 366
139 402
321 259
170 246
340 339
43 254
360 124
287 241
74 336
274 179
289 451
52 453
391 367
449 468
69 99
82 227
339 236
121 160
354 422
197 80
419 56
72 104
240 398
322 152
108 466
98 124
39 405
154 178
14 308
73 438
2 150
4 72
429 146
436 90
235 181
178 150
441 206
151 468
399 187
288 348
364 453
104 206
225 415
204 318
406 49
375 152
1 17
323 27
265 407
447 93
121 385
450 273
437 318
364 19
256 357
277 354
268 285
84 198
16 434
250 399
134 428
400 286
352 221
49 71
125 246
36 252
113 88
272 124
167 414
68 271
248 323
212 345
232 465
462 472
13 141
423 72
295 3
438 417
96 34
358 73
168 88
108 476
332 412
438 378
221 50
261 94
366 397
287 147
268 311
19 181
39 258
104 91
3 25
168 89
243 163
6 341
116 21
458 231
195 288
360 19
10 216
463 331
360 10
123 244
432 174
247 368
362 464
159 194
8 266
80 137
115 252
390 186
152 288
349 465
124 228
39 380
189 139
311 391
358 31
331 261
233 10
201 362
214 87
258 430
321 381
6 384
478 153
428 329
58 449
36 94
342 10
363 440
26 294
474 54
210 307
226 326
180 275
320 325
63 456
91 262
36 45
432 241
159 412
381 374
160 136
337 397
314 268
418 467
470 329
173 253
331 50
219 323
281 172
359 224
209 376
131 90
10 236
129 394
13 456
284 23
379 158
308 462
185 338
373 8
147 297
182 146
259 216
12 264
438 209
379 209
137 134
220 205
457 446
401 167
24 59
325 76
243 85
333 381
322 352
345 121
59 288
117 348
288 304
102 368
242 267
389 414
140 178
398 235
201 344
305 319
86 165
283 158
136 147
249 449
297 104
86 277
446 68
386 56
0 36
450 167
429 22
429 85
147 72
199 282
8 329
67 170
384 200
10 348
401 326
453 344
102 347
409 448
431 383
339 163
362 331
133 173
140 357
320 161
283 33
170 291
24 371
169 143
269 388
210 358
458 433
112 72
72 80
130 393
248 276
46 170
47 105
299 66
267 15
81 246