64
319
0,
1,
2,
3,
4,
5,
6,
7,
8,
9,
10,
11,
12,
13,
14,
15,
16,
17,
18,
19,
20,
21,
22,
23,
24,
25,
26,
27,
28,
29,
30,
31,
32,
33,
34,
35,
36,
37,
38,
39,
40,
41,
42,
43,
44,
45,
46,
47,
48,
49,
50,
51,
52,
53,
54,
55,
56,
57,
58,
59,
60,
61,
62,
63
44 57
57 0
0 21
21 10
10 6
6 41
41 43
43 22
22 46
46 9
9 42
42 1
1 30
30 32
32 56
56 16
16 7
7 3
3 29
29 23
23 31
31 50
50 12
12 51
51 61
61 18
18 53
53 49
49 11
11 59
59 52
52 58
58 27
27 34
34 14
14 19
19 63
63 55
55 28
28 36
36 20
20 24
24 17
17 39
39 5
5 25
25 38
38 33
33 54
54 48
48 4
4 26
26 35
35 62
62 47
47 8
8 60
60 2
2 45
45 40
40 37
37 13
13 15
55 53
15 30
52 41
45 33
53 59
21 58
45 18
47 18
44 33
57 14
43 60
5 12
15 36
25 43
10 36
21 39
36 13
36 28
61 45
56 19
30 44
10 15
60 37
42 13
57 8
35 56
56 41
36 50
9 14
27 30
47 52
55 49
62 15
32 53
32 48
40 33
12 2
48 56
48 52
3 54
6 25
56 6
41 29
23 33
16 14
32 57
35 19
51 37
23 60
38 46
46 43
15 31
30 37
43 5
30 4
11 31
1 11
2 15
40 35
18 47
7 13
28 50
58 16
54 24
50 12
26 39
51 37
20 42
20 24
53 30
27 58
27 62
27 14
43 36
53 22
31 37
44 58
47 9
13 18
30 35
41 18
36 10
5 53
13 36
10 39
0 27
29 33
29 17
26 33
58 62
35 60
3 51
30 41
5 1
6 58
54 22
23 28
38 17
3 15
51 28
28 7
27 22
14 9
34 28
26 29
8 61
28 63
59 10
4 3
45 50
16 5
36 17
27 56
37 10
36 30
16 60
14 35
20 62
12 63
5 42
41 10
30 4
46 45
2 51
16 48
11 20
38 58
24 17
45 10
17 50
32 62
8 40
15 35
33 28
7 45
41 18
22 54
44 56
11 45
42 13
62 49
17 25
12 50
61 3
27 47
20 15
4 2
1 40
10 8
10 35
40 56
63 56
16 36
13 7
9 54
48 4
46 45
39 1
9 52
37 61
57 56
50 44
1 56
47 30
43 10
37 55
2 5
60 42
15 23
34 11
9 50
6 6
8 38
20 54
20 45
32 1
44 27
0 40
17 46
18 20
39 41
4 17
36 53
49 29
11 28
60 62
19 49
45 39
52 62
12 58
52 38
0 6
41 22
0 17
10 27
54 16
34 16
25 6
30 58
2 32
41 39
6 18
26 16
18 55
23 34
52 14
3 55
37 55
59 23
62 44
10 50
53 59
63 53
39 39
4 48
10 26
63 13
54 19
60 47
36 16
5 31
23 62
41 63
35 46
63 29
12 10
43 62
47 14
62 51
13 20
17 49
49 32
33 56
61 29
39 27
30 27
42 28
4 32
6 47
47 40
14 44
9 17
5 42
38 29
54 15
49 0
59 10
23 13
48 46
53 50
2 58
3 22
2 35
13 56
42 11
56 2