650
3249
0,
1,
2,
3,
4,
5,
6,
7,
8,
9,
10,
11,
12,
13,
14,
15,
16,
17,
18,
19,
20,
21,
22,
23,
24,
25,
26,
27,
28,
29,
30,
31,
32,
33,
34,
35,
36,
37,
38,
39,
40,
41,
42,
43,
44,
45,
46,
47,
48,
49,
50,
51,
52,
53,
54,
55,
56,
57,
58,
59,
60,
61,
62,
63,
64,
65,
66,
67,
68,
69,
70,
71,
72,
73,
74,
75,
76,
77,
78,
79,
80,
81,
82,
83,
84,
85,
86,
87,
88,
89,
90,
91,
92,
93,
94,
95,
96,
97,
98,
99,
100,
101,
102,
103,
104,
105,
106,
107,
108,
109,
110,
111,
112,
113,
114,
115,
116,
117,
118,
119,
120,
121,
122,
123,
124,
125,
126,
127,
128,
129,
130,
131,
132,
133,
134,
135,
136,
137,
138,
139,
140,
141,
142,
143,
144,
145,
146,
147,
148,
149,
150,
151,
152,
153,
154,
155,
156,
157,
158,
159,
160,
161,
162,
163,
164,
165,
166,
167,
168,
169,
170,
171,
172,
173,
174,
175,
176,
177,
178,
179,
180,
181,
182,
183,
184,
185,
186,
187,
188,
189,
190,
191,
192,
193,
194,
195,
196,
197,
198,
199,
200,
201,
202,
203,
204,
205,
206,
207,
208,
209,
210,
211,
212,
213,
214,
215,
216,
217,
218,
219,
220,
221,
222,
223,
224,
225,
226,
227,
228,
229,
230,
231,
232,
233,
234,
235,
236,
237,
238,
239,
240,
241,
242,
243,
244,
245,
246,
247,
248,
249,
250,
251,
252,
253,
254,
255,
256,
257,
258,
259,
260,
261,
262,
263,
264,
265,
266,
267,
268,
269,
270,
271,
272,
273,
274,
275,
276,
277,
278,
279,
280,
281,
282,
283,
284,
285,
286,
287,
288,
289,
290,
291,
292,
293,
294,
295,
296,
297,
298,
299,
300,
301,
302,
303,
304,
305,
306,
307,
308,
309,
310,
311,
312,
313,
314,
315,
316,
317,
318,
319,
320,
321,
322,
323,
324,
325,
326,
327,
328,
329,
330,
331,
332,
333,
334,
335,
336,
337,
338,
339,
340,
341,
342,
343,
344,
345,
346,
347,
348,
349,
350,
351,
352,
353,
354,
355,
356,
357,
358,
359,
360,
361,
362,
363,
364,
365,
366,
367,
368,
369,
370,
371,
372,
373,
374,
375,
376,
377,
378,
379,
380,
381,
382,
383,
384,
385,
386,
387,
388,
389,
390,
391,
392,
393,
394,
395,
396,
397,
398,
399,
400,
401,
402,
403,
404,
405,
406,
407,
408,
409,
410,
411,
412,
413,
414,
415,
416,
417,
418,
419,
420,
421,
422,
423,
424,
425,
426,
427,
428,
429,
430,
431,
432,
433,
434,
435,
436,
437,
438,
439,
440,
441,
442,
443,
444,
445,
446,
447,
448,
449,
450,
451,
452,
453,
454,
455,
456,
457,
458,
459,
460,
461,
462,
463,
464,
465,
466,
467,
468,
469,
470,
471,
472,
473,
474,
475,
476,
477,
478,
479,
480,
481,
482,
483,
484,
485,
486,
487,
488,
489,
490,
491,
492,
493,
494,
495,
496,
497,
498,
499,
500,
501,
502,
503,
504,
505,
506,
507,
508,
509,
510,
511,
512,
513,
514,
515,
516,
517,
518,
519,
520,
521,
522,
523,
524,
525,
526,
527,
528,
529,
530,
531,
532,
533,
534,
535,
536,
537,
538,
539,
540,
541,
542,
543,
544,
545,
546,
547,
548,
549,
550,
551,
552,
553,
554,
555,
556,
557,
558,
559,
560,
561,
562,
563,
564,
565,
566,
567,
568,
569,
570,
571,
572,
573,
574,
575,
576,
577,
578,
579,
580,
581,
582,
583,
584,
585,
586,
587,
588,
589,
590,
591,
592,
593,
594,
595,
596,
597,
598,
599,
600,
601,
602,
603,
604,
605,
606,
607,
608,
609,
610,
611,
612,
613,
614,
615,
616,
617,
618,
619,
620,
621,
622,
623,
624,
625,
626,
627,
628,
629,
630,
631,
632,
633,
634,
635,
636,
637,
638,
639,
640,
641,
642,
643,
644,
645,
646,
647,
648,
649
193 280
280 9
9 444
444 589
589 24
24 253
253 207
207 84
84 139
139 552
552 594
594 456
456 593
593 164
164 46
46 74
74 256
256 41
41 61
61 55
55 204
204 450
450 202
202 142
142 179
179 240
240 166
166 354
354 159
159 26
26 290
290 96
96 599
599 302
302 597
597 355
355 383
383 291
291 548
548 223
223 25
25 504
504 60
60 533
533 210
210 600
600 191
191 526
526 364
364 369
369 309
309 335
335 13
13 426
426 156
156 561
561 380
380 404
404 602
602 478
478 248
248 131
131 474
474 212
212 17
17 284
284 399
399 469
469 93
93 163
163 178
178 50
50 128
128 155
155 482
482 546
546 535
535 571
571 466
466 95
95 480
480 423
423 230
230 68
68 550
550 352
352 515
515 562
562 254
254 32
32 420
420 566
566 99
99 23
23 262
262 331
331 174
174 544
544 112
112 187
187 319
319 419
419 362
362 486
486 314
314 301
301 405
405 519
519 346
346 282
282 297
297 201
201 20
20 612
612 359
359 498
498 39
39 645
645 141
141 564
564 560
560 484
484 492
492 215
215 136
136 299
299 577
577 388
388 66
66 147
147 558
558 538
538 434
434 636
636 376
376 495
495 29
29 268
268 351
351 569
569 144
144 75
75 425
425 269
269 321
321 57
57 574
574 247
247 233
233 94
94 40
40 217
217 448
448 598
598 80
80 310
310 596
596 547
547 458
458 570
570 421
421 451
451 522
522 479
479 38
38 336
336 347
347 305
305 639
639 181
181 534
534 158
158 48
48 556
556 108
108 445
445 235
235 525
525 140
140 472
472 120
120 316
316 329
329 255
255 77
77 52
52 311
311 208
208 63
63 56
56 337
337 19
19 137
137 149
149 239
239 238
238 275
275 251
251 646
646 629
629 145
145 21
21 157
157 391
391 279
279 449
449 16
16 377
377 15
15 638
638 608
608 51
51 285
285 565
565 393
393 218
218 91
91 344
344 342
342 113
113 71
71 317
317 648
648 407
407 263
263 378
378 464
464 116
116 296
296 395
395 567
567 414
414 528
528 287
287 325
325 429
429 28
28 387
387 643
643 219
219 306
306 330
330 580
580 153
153 171
171 465
465 461
461 603
603 222
222 373
373 338
338 196
196 384
384 374
374 72
72 437
437 453
453 138
138 502
502 348
348 154
154 367
367 289
289 397
397 363
363 241
241 475
475 148
148 324
324 168
168 611
611 292
292 8
8 389
389 584
584 82
82 115
115 190
190 151
151 436
436 134
134 386
386 541
541 454
454 237
237 6
6 518
518 143
143 267
267 298
298 510
510 631
631 216
216 33
33 0
0 539
539 307
307 79
79 327
327 31
31 416
416 460
460 249
249 473
473 180
180 36
36 630
630 632
632 601
601 428
428 508
508 264
264 313
313 175
175 572
572 595
595 400
400 343
343 605
605 635
635 150
150 265
265 637
637 357
357 641
641 213
213 117
117 70
70 173
173 523
523 422
422 243
243 106
106 614
614 568
568 35
35 86
86 433
433 18
18 531
531 81
81 281
281 375
375 27
27 199
199 488
488 481
481 494
494 624
624 37
37 576
576 410
410 103
103 607
607 634
634 345
345 271
271 34
34 2
2 483
483 130
130 424
424 197
197 619
619 67
67 59
59 633
633 257
257 278
278 266
266 308
308 259
259 579
579 242
242 98
98 441
441 506
506 110
110 447
447 228
228 118
118 642
642 613
613 431
431 382
382 340
340 402
402 62
62 44
44 582
582 250
250 126
126 620
620 14
14 152
152 647
647 7
7 487
487 471
471 501
501 88
88 300
300 540
540 89
89 45
45 542
542 527
527 463
463 224
224 417
417 295
295 545
545 236
236 183
183 415
415 326
326 114
114 182
182 53
53 390
390 4
4 413
413 514
514 349
349 485
485 365
365 573
573 610
610 198
198 127
127 588
588 107
107 328
328 276
276 477
477 496
496 334
334 189
189 333
333 194
194 176
176 332
332 85
85 129
129 339
339 530
530 209
209 581
581 261
261 220
220 520
520 69
69 146
146 135
135 398
398 626
626 288
288 273
273 621
621 529
529 516
516 649
649 100
100 442
442 87
87 553
553 644
644 457
457 385
385 64
64 227
227 370
370 188
188 401
401 427
427 559
559 403
403 211
211 439
439 408
408 102
102 394
394 468
468 358
358 430
430 1
1 270
270 30
30 366
366 505
505 274
274 499
499 435
435 11
11 585
585 318
318 293
293 341
341 381
381 195
195 83
83 323
323 583
583 578
578 507
507 246
246 65
65 379
379 12
12 165
165 167
167 616
616 625
625 446
446 623
623 396
396 5
5 627
627 119
119 90
90 47
47 170
170 371
371 272
272 231
231 372
372 162
162 22
22 105
105 161
161 76
76 303
303 491
491 186
186 123
123 592
592 258
258 10
10 286
286 587
587 511
511 109
109 640
640 532
532 557
557 406
406 43
43 92
92 283
283 304
304 160
160 617
617 360
360 368
368 622
622 124
124 214
214 490
490 563
563 54
54 73
73 536
536 409
409 315
315 467
467 497
497 225
225 177
177 489
489 229
229 252
252 294
294 628
628 185
185 104
104 493
493 455
455 97
97 200
200 462
462 440
440 111
111 312
312 586
586 604
604 543
543 122
122 132
132 615
615 3
3 172
172 591
591 618
618 575
575 192
192 361
361 524
524 350
350 554
554 438
438 49
49 432
432 452
452 234
234 169
169 121
121 184
184 392
392 260
260 412
412 411
411 226
226 549
549 232
232 78
78 476
476 537
537 203
203 512
512 322
322 244
244 277
277 551
551 470
470 58
58 555
555 459
459 133
133 509
509 42
42 101
101 503
503 500
500 221
221 206
206 517
517 356
356 205
205 590
590 513
513 606
606 521
521 609
609 353
353 320
320 245
245 125
125 443
443 418
253 539
76 389
49 296
591 76
218 102
337 565
173 337
103 587
0 15
630 135
140 36
489 179
538 618
400 60
146 88
628 196
445 508
571 59
522 275
450 36
433 93
511 195
370 105
32 436
86 10
114 335
268 280
299 217
565 511
390 564
337 538
133 414
202 121
296 166
191 75
574 98
512 242
349 300
634 641
593 139
258 379
290 394
423 458
256 291
636 368
480 231
150 362
550 183
380 561
605 304
431 578
439 410
132 626
84 551
180 513
369 111
112 344
287 439
72 375
406 196
438 626
180 447
19 433
648 420
179 83
249 1
53 523
547 522
619 227
23 338
356 312
640 532
640 555
54 273
278 623
353 362
583 94
261 64
346 415
313 370
541 523
182 15
108 358
457 123
517 473
540 241
415 625
204 129
271 265
170 448
24 352
138 503
463 273
118 377
618 431
108 76
19 512
264 61
351 374
137 617
431 202
160 600
45 639
380 26
111 419
261 125
107 200
450 602
211 417
23 549
200 300
36 420
502 434
356 100
468 256
183 627
79 519
496 221
87 583
121 368
96 638
489 509
141 226
621 631
612 489
623 128
471 30
565 390
212 0
97 474
86 146
181 393
593 496
515 433
306 195
14 624
72 274
512 512
202 157
62 304
512 349
414 356
15 630
74 440
91 589
231 444
95 412
128 404
146 49
268 605
598 547
516 544
330 596
361 639
435 540
457 163
94 31
345 556
456 412
346 243
426 295
117 602
378 512
28 365
619 579
568 609
415 536
263 559
272 5
210 168
342 78
541 231
136 23
152 92
484 514
63 316
97 296
97 57
226 444
49 275
70 561
482 494
297 507
588 613
554 456
531 99
269 230
83 571
46 251
428 352
59 328
296 619
147 298
75 626
354 64
8 482
528 413
205 375
65 301
254 159
587 550
585 148
19 317
97 256
427 475
323 281
630 440
625 599
571 507
354 58
248 376
22 573
281 435
213 478
548 180
254 179
526 9
530 360
571 0
397 299
185 212
136 373
98 17
290 164
16 88
102 443
118 61
365 175
25 21
389 215
373 587
339 433
538 463
260 369
567 498
107 1
335 352
248 210
352 481
295 5
347 643
194 632
286 537
44 478
261 283
326 16
445 92
125 524
354 489
621 264
315 88
68 64
30 237
430 253
101 146
524 338
337 106
183 216
533 98
13 380
388 199
35 473
635 447
372 0
417 165
379 306
229 75
51 225
608 563
213 496
379 590
150 320
111 43
134 337
618 129
409 358
125 605
31 304
525 49
12 619
292 594
452 129
221 228
493 156
464 34
382 15
272 589
355 191
270 621
337 299
565 264
180 329
329 311
29 159
222 560
403 3
562 300
216 370
208 73
124 398
170 427
392 343
247 196
279 25
622 289
553 428
577 211
195 256
227 408
589 120
528 307
594 400
28 351
257 187
222 381
17 590
637 494
588 253
289 217
396 567
648 28
111 136
279 180
405 80
278 574
130 273
317 219
623 522
642 101
100 55
570 218
372 371
225 157
329 40
137 577
614 77
642 402
259 242
57 142
387 561
72 168
103 199
236 55
63 228
239 621
33 594
25 241
7 214
26 537
464 493
429 642
498 595
592 227
435 609
573 326
484 547
198 362
263 88
142 12
99 450
394 176
115 209
126 204
10 541
352 131
297 182
407 410
325 184
133 417
253 444
125 254
372 96
389 287
405 181
532 613
21 479
429 407
561 110
513 614
331 95
96 170
615 72
168 258
343 239
541 310
206 357
616 605
295 276
305 544
506 334
532 338
24 81
363 361
584 393
478 388
284 225
373 487
125 591
477 221
0 37
314 178
114 219
126 64
505 541
48 275
321 624
288 40
591 564
286 107
523 97
505 181
218 498
54 613
426 617
516 160
245 589
56 100
181 184
497 165
556 321
295 493
191 259
3 122
315 372
222 211
169 179
33 482
641 444
122 272
277 538
111 332
478 147
23 12
75 572
155 362
131 438
69 71
317 56
363 85
224 383
291 534
412 41
346 577
504 176
29 531
181 36
649 368
580 559
308 492
578 99
137 317
502 288
559 345
189 246
609 102
627 215
322 257
148 437
385 570
495 219
422 151
514 476
464 21
282 476
38 237
625 300
272 176
448 291
293 449
93 510
186 314
458 168
570 605
501 595
310 524
431 642
26 238
106 376
625 56
574 273
293 481
23 644
176 555
438 209
254 121
193 287
211 377
648 295
501 268
571 25
387 580
115 201
369 72
103 39
195 610
415 174
408 128
548 61
96 365
552 543
166 44
565 51
101 92
55 164
457 255
243 130
111 546
169 487
94 27
280 368
238 472
589 578
121 623
431 203
376 467
25 604
221 49
574 47
140 300
29 48
21 433
255 171
428 462
326 478
250 331
647 423
204 475
353 198
419 275
524 592
303 172
605 228
76 356
67 291
271 247
186 320
180 331
270 91
552 506
482 159
407 354
83 219
465 46
51 260
8 154
460 324
457 465
274 353
133 464
94 14
502 233
322 188
469 149
322 26
590 1
334 319
609 488
580 458
423 132
562 92
143 597
221 356
381 484
212 343
104 236
631 283
543 73
110 194
630 207
24 306
79 414
626 8
76 354
372 556
545 39
576 104
70 82
557 613
253 193
402 433
582 15
141 183
585 382
387 596
111 29
138 53
196 564
308 148
620 13
127 200
79 503
527 486
507 364
470 128
430 103
414 631
203 311
75 488
423 182
164 123
607 159
357 511
322 146
393 412
383 102
207 166
311 337
51 234
627 633
477 100
602 24
558 297
635 236
436 506
198 648
64 466
448 107
324 590
548 50
107 575
165 17
397 511
383 602
203 195
262 322
4 444
381 73
9 16
436 124
534 318
441 576
18 596
111 340
543 567
551 92
385 40
444 327
136 416
226 264
314 582
131 520
444 348
589 388
29 412
486 87
467 425
447 308
363 180
227 356
225 546
509 131
233 205
265 326
605 221
311 380
479 368
23 191
191 559
385 236
432 568
422 228
318 357
205 124
562 303
322 605
272 592
358 296
202 632
228 11
87 402
267 493
390 59
227 59
343 498
529 68
245 636
616 634
21 389
197 622
492 207
94 536
495 1
69 543
619 603
629 261
579 537
309 226
96 390
649 366
148 336
378 535
604 243
533 335
104 465
370 16
491 406
456 347
196 407
150 588
601 437
194 195
494 257
30 612
190 241
145 344
152 281
198 148
86 10
313 94
576 368
376 82
15 206
40 125
295 385
343 214
383 479
293 539
245 240
58 504
368 210
257 190
191 242
62 249
73 192
367 13
382 21
108 515
641 482
517 291
219 322
486 549
582 257
189 475
571 330
226 310
270 84
230 197
588 119
438 494
262 484
535 90
323 24
171 177
425 586
449 158
185 333
173 148
599 250
555 131
78 507
119 578
510 379
301 104
158 366
156 434
254 289
481 572
571 148
201 639
366 14
188 454
294 137
262 450
47 402
317 202
510 279
643 387
101 143
514 100
599 321
174 322
205 13
0 341
363 119
303 541
182 217
237 589
512 165
216 416
298 134
248 154
602 267
160 221
248 443
293 265
301 19
423 433
1 317
454 144
531 138
541 326
397 108
247 462
329 582
595 413
262 554
305 10
256 503
10 179
241 287
292 417
620 76
276 430
531 177
314 252
150 198
197 435
321 107
442 361
264 258
105 372
479 136
341 290
617 471
48 21
356 124
301 397
299 364
243 458
2 589
357 87
622 566
169 395
485 208
600 534
365 76
458 187
43 489
480 3
560 229
78 61
629 256
517 500
41 95
169 574
589 307
575 58
491 200
266 147
332 534
525 595
242 590
27 636
255 333
596 612
184 323
445 46
55 208
634 148
142 280
458 467
589 453
252 474
70 204
13 473
55 421
530 479
392 187
150 116
74 3
342 500
26 80
594 375
51 613
554 425
124 546
362 25
302 275
330 591
358 614
193 272
523 9
335 215
213 75
237 495
310 87
453 365
30 507
362 539
5 107
437 5
4 89
309 8
507 234
323 214
211 599
530 625
43 232
637 202
88 219
1 601
597 542
198 386
202 339
504 24
396 400
382 343
226 420
188 427
318 264
348 525
433 125
148 349
495 85
476 362
549 27
297 457
190 284
521 290
320 324
35 181
37 231
59 415
583 628
563 428
317 385
274 430
158 168
414 536
379 332
202 358
435 378
348 111
204 179
557 219
81 170
552 622
381 563
172 594
106 16
27 114
275 570
513 564
188 259
174 605
206 364
301 306
251 29
601 481
75 319
39 624
53 98
237 627
616 647
644 417
371 167
179 614
185 36
269 87
509 133
203 324
127 2
208 411
358 562
277 245
201 157
331 500
118 281
479 567
469 47
239 364
604 80
91 299
351 371
208 129
89 111
502 52
2 89
233 597
593 53
507 622
476 335
226 455
164 208
294 536
435 428
398 12
472 359
491 169
109 504
180 374
88 125
40 446
394 95
611 16
206 470
135 565
34 283
298 430
340 51
100 255
7 540
361 372
91 22
289 232
56 517
618 158
537 99
442 84
251 75
636 125
289 50
31 204
308 179
485 548
474 407
91 518
144 557
572 59
138 118
412 219
276 646
576 368
90 552
451 6
619 101
219 252
542 414
607 513
504 523
597 469
184 56
39 130
464 57
528 404
85 576
578 82
529 488
99 248
528 267
259 73
134 571
559 410
590 358
241 568
454 295
49 90
323 316
631 440
421 548
455 7
356 392
547 69
45 375
138 22
113 543
318 562
292 199
486 488
340 590
164 227
12 567
79 467
600 270
571 467
81 135
517 45
578 270
604 312
573 31
378 40
220 607
183 308
466 33
337 18
45 198
181 632
240 159
463 129
277 397
463 590
425 472
488 150
315 365
395 580
551 342
381 58
339 641
571 143
149 16
352 51
15 397
159 531
436 597
87 455
50 92
343 543
218 563
180 499
532 445
150 588
548 485
309 418
239 403
229 579
469 339
354 3
85 439
543 219
3 211
256 514
117 6
247 367
583 238
23 117
382 485
502 56
348 518
135 20
290 124
610 640
204 620
585 615
621 130
26 462
57 400
621 630
544 642
554 61
366 139
476 140
250 300
445 203
432 519
372 483
391 37
612 167
27 164
301 532
238 373
46 168
125 383
169 616
286 366
85 131
67 262
69 318
573 155
529 233
336 556
317 381
612 179
73 186
299 344
135 32
137 189
316 514
170 593
120 131
591 467
322 546
335 583
478 638
133 38
29 193
367 382
155 208
132 500
486 366
136 11
411 190
634 442
148 177
188 142
345 490
628 206
300 367
120 615
507 129
487 62
77 80
181 112
205 649
493 514
574 603
591 168
390 333
631 483
512 93
100 257
592 205
534 353
387 245
521 536
9 230
352 634
273 61
461 459
509 176
33 78
538 567
84 358
383 311
213 541
35 445
644 543
219 575
347 333
111 429
470 304
430 596
244 131
388 547
497 242
343 293
350 170
176 401
268 544
295 99
225 210
630 428
9 80
310 403
93 379
570 485
26 339
174 187
548 410
315 310
321 443
363 52
608 155
495 330
81 44
542 522
173 313
40 128
199 518
546 553
29 206
649 224
624 148
558 162
403 52
410 582
240 334
124 355
635 156
5 535
273 509
287 352
226 105
10 318
127 43
237 582
124 411
346 57
235 599
196 513
30 346
402 538
389 188
598 599
357 585
144 649
4 174
458 245
351 418
1 595
303 24
364 160
17 424
227 168
179 312
55 271
389 262
486 274
148 582
46 218
40 278
450 485
647 589
637 314
6 244
451 292
9 430
171 589
146 77
600 275
584 157
107 197
592 274
464 519
244 262
450 189
636 293
568 59
299 250
4 462
397 536
341 283
314 472
467 90
548 223
24 107
633 348
412 372
319 565
476 244
497 414
189 123
484 554
459 552
115 113
514 111
477 317
295 55
57 451
54 486
608 115
282 212
379 493
76 228
311 554
428 548
326 114
168 278
30 149
586 350
11 400
434 519
349 617
469 319
35 554
133 213
531 35
24 135
574 421
246 644
89 179
378 404
376 342
349 232
233 553
569 322
633 622
21 302
234 61
442 300
35 563
115 455
125 287
121 419
289 562
517 543
9 571
249 472
230 380
311 362
542 107
86 3
528 443
224 171
448 349
326 254
586 619
566 406
584 524
404 62
247 325
418 424
330 117
634 506
29 567
458 293
552 415
176 255
266 236
429 78
342 598
472 621
463 629
176 601
365 298
304 631
380 435
122 305
80 208
599 588
568 344
134 375
256 389
425 265
590 325
362 238
643 195
408 420
213 79
158 470
295 452
100 553
250 637
625 300
558 623
121 304
457 400
610 451
309 348
196 294
223 435
592 17
84 569
110 412
636 587
433 375
361 613
268 187
482 336
163 349
54 269
191 382
645 338
402 457
300 422
590 575
375 112
505 254
57 327
159 77
2 503
349 539
210 109
72 487
310 507
503 641
211 633
88 314
513 414
47 277
562 137
90 250
584 319
261 495
291 182
261 284
255 525
103 194
242 228
285 423
557 608
237 154
484 205
94 258
401 116
275 82
33 50
205 176
43 101
163 390
22 509
13 529
175 503
541 301
257 41
583 462
274 251
175 157
567 47
173 312
55 57
606 326
268 504
510 529
173 47
256 210
124 37
495 212
94 360
616 492
157 76
253 381
233 564
269 281
178 522
480 60
587 464
6 406
578 184
459 98
456 3
628 193
407 443
476 187
427 458
563 212
572 291
380 234
370 159
540 506
242 58
644 289
146 360
432 156
214 177
591 307
132 222
455 140
506 487
22 177
10 259
460 237
576 188
220 186
153 584
198 49
200 64
596 129
176 160
553 612
264 78
39 447
69 86
250 41
498 544
52 0
199 213
484 599
43 527
84 151
341 256
178 88
129 175
231 386
458 276
587 412
60 75
501 126
79 102
349 507
595 287
12 97
300 171
609 470
124 5
329 422
547 524
154 19
376 60
633 506
322 519
430 195
362 0
248 269
193 65
459 42
404 246
63 267
83 420
452 449
564 157
508 161
640 232
344 108
336 562
38 365
170 528
168 433
224 247
206 351
143 488
263 510
490 38
174 158
565 575
634 581
492 460
146 65
177 304
392 381
647 352
587 474
207 521
347 435
257 444
644 398
224 434
384 170
190 570
607 498
467 358
480 375
244 350
275 534
617 295
358 507
602 352
7 447
188 352
496 264
575 310
579 443
513 222
506 514
128 70
261 519
392 631
422 341
77 606
345 113
202 396
546 641
149 363
445 428
482 253
427 485
358 417
407 613
504 279
353 304
424 180
350 121
469 187
276 61
490 134
220 431
394 609
274 64
262 99
50 267
521 96
375 66
350 643
321 154
215 596
547 254
550 508
88 105
417 292
314 299
563 597
331 86
567 282
463 162
182 493
271 492
567 119
612 183
580 560
455 0
160 29
249 571
499 61
290 500
557 493
445 311
132 148
114 312
0 260
639 592
376 169
32 576
530 229
23 475
555 235
213 584
508 345
345 482
373 345
104 90
10 330
471 387
571 298
271 360
270 477
605 157
233 536
584 482
158 127
345 108
622 354
383 57
379 475
105 556
56 370
463 524
351 4
313 104
378 383
616 648
34 240
419 71
234 216
14 139
110 125
9 49
482 93
225 602
220 230
433 592
561 54
525 315
320 370
24 69
268 235
482 149
544 544
154 98
561 301
346 165
633 35
623 322
355 503
248 480
466 208
99 383
571 388
205 547
277 506
346 256
549 475
551 454
369 3
169 279
442 321
435 483
395 562
238 119
254 55
629 215
336 78
44 220
573 209
335 52
238 71
392 350
189 229
294 71
571 439
282 569
382 114
353 251
544 250
547 403
222 335
235 372
267 358
16 426
559 486
431 634
204 243
487 148
127 23
425 209
344 612
454 517
249 368
386 176
617 144
264 514
179 107
161 211
133 194
73 225
300 590
240 464
39 148
224 87
144 552
65 185
561 154
285 56
600 222
550 160
291 49
472 649
523 533
552 360
61 35
226 531
498 349
447 168
309 179
78 552
417 0
574 394
250 78
129 600
544 571
442 415
97 185
626 592
145 543
478 436
544 632
60 266
75 111
554 144
438 582
107 119
541 313
165 279
311 638
445 138
268 228
246 473
331 363
379 468
279 530
368 482
573 211
25 179
580 23
303 97
136 153
308 185
585 630
79 507
246 388
397 641
580 409
484 331
31 160
532 358
253 140
500 118
281 305
342 417
388 316
28 560
185 530
44 423
183 611
571 610
578 644
129 441
97 264
538 168
548 293
470 241
501 472
573 439
605 445
609 543
50 257
398 567
62 476
69 174
576 390
278 18
558 448
476 423
93 546
253 489
213 426
403 441
565 481
134 46
482 512
274 514
621 373
318 626
310 333
647 290
236 258
527 175
589 112
8 182
101 200
11 512
146 117
186 43
198 225
301 639
560 288
108 260
195 53
638 269
162 435
447 588
265 493
188 387
214 577
99 236
120 208
306 363
557 122
522 78
551 502
361 118
160 88
336 162
138 439
512 386
562 330
402 133
132 220
522 508
370 79
51 431
285 413
38 612
79 172
420 160
252 57
566 627
304 74
404 425
228 459
387 437
12 107
326 19
601 97
498 267
492 267
206 551
269 60
526 199
448 195
550 153
562 140
484 492
13 246
606 2
121 539
190 322
63 46
318 594
532 621
472 441
249 140
8 127
171 267
303 162
500 7
92 600
364 588
539 34
126 640
444 33
458 211
469 518
378 557
18 155
467 596
116 588
636 294
163 597
605 407
257 214
392 361
126 156
295 637
135 365
232 609
234 219
200 493
116 604
364 488
88 77
152 642
568 133
507 612
584 622
597 474
170 9
130 305
438 32
43 80
174 196
242 235
465 477
331 15
377 406
178 630
221 275
245 331
459 222
442 593
312 589
115 189
375 74
595 163
86 255
200 271
27 481
20 449
121 517
290 124
583 58
501 117
288 54
196 2
385 480
563 247
517 170
646 178
220 155
7 332
506 423
257 344
257 244
0 582
207 207
364 147
370 260
174 491
49 389
466 197
442 435
561 372
616 590
524 102
513 138
365 646
88 351
589 205
580 323
261 499
581 229
573 445
162 589
516 573
194 600
559 634
166 564
292 27
581 564
107 359
341 438
522 393
476 522
148 237
35 527
420 355
189 436
562 302
86 435
636 326
135 218
632 242
485 268
618 103
444 508
142 609
178 276
128 221
108 129
427 61
347 10
42 260
178 496
467 55
333 620
313 546
459 530
332 39
104 489
116 422
318 255
536 226
228 557
516 342
508 217
102 110
402 45
343 112
531 224
607 40
167 278
370 212
30 629
366 561
339 604
458 590
489 53
339 125
405 63
126 564
168 414
152 285
374 173
2 463
196 405
196 42
607 296
483 366
472 12
285 284
374 249
99 435
184 504
468 224
551 483
191 355
166 375
95 254
598 357
488 323
609 242
469 169
649 492
599 609
22 341
254 127
0 34
352 399
360 440
107 54
31 120
133 29
535 105
629 129
98 626
589 205
567 585
91 529
321 26
166 233
159 95
10 220
57 639
465 410
182 104
441 569
205 145
108 197
413 508
196 487
619 634
548 347
391 116
102 593
209 164
158 264
200 22
374 407
633 244
75 308
524 363
389 299
491 540
266 309
548 577
429 360
609 161
330 555
496 102
2 226
95 228
206 13
609 76
422 504
598 307
37 133
626 300
71 42
583 120
532 262
570 136
427 242
501 185
517 148
648 342
250 35
107 396
223 218
636 112
361 355
18 500
555 336
419 375
615 328
346 391
212 156
578 611
477 101
617 459
59 520
446 342
510 64
159 487
418 136
196 477
402 175
380 420
12 585
639 41
648 176
477 630
210 611
419 83
594 127
554 543
43 57
578 327
585 374
518 70
324 601
140 283
594 536
563 97
455 170
328 502
565 382
529 309
310 469
381 474
591 227
19 25
162 473
167 439
479 80
435 593
118 279
209 94
168 367
506 17
635 304
267 565
77 497
64 103
98 149
266 289
74 252
594 648
549 94
431 244
63 265
50 176
465 610
600 607
399 622
320 133
108 344
307 343
540 334
158 471
646 617
90 571
612 128
518 487
41 156
344 566
195 596
510 209
75 223
281 354
491 454
192 305
299 193
495 388
266 167
531 175
72 191
124 247
555 607
455 389
271 624
31 268
33 180
401 60
294 640
508 275
260 495
137 72
554 206
361 146
43 452
142 284
275 170
595 128
450 169
92 117
392 5
312 326
152 274
108 569
346 313
19 367
453 423
493 253
379 77
64 57
541 76
191 527
613 386
573 578
152 599
526 372
71 420
503 243
101 128
625 416
479 467
542 627
287 630
498 257
411 12
230 248
487 557
97 525
413 292
48 254
646 65
415 608
335 134
498 557
500 158
58 24
48 88
290 222
474 546
222 144
645 505
594 192
99 174
423 616
552 162
30 395
317 365
561 4
22 66
612 586
479 310
616 213
497 339
526 192
245 352
150 238
595 379
366 489
647 315
229 266
580 42
458 300
98 356
490 577
474 91
500 158
365 274
485 428
515 435
278 464
601 75
531 286
431 621
205 217
315 290
336 139
335 630
512 370
605 183
181 265
55 112
163 581
464 487
423 65
633 237
649 614
59 325
20 81
566 212
600 469
511 180
98 393
243 482
530 33
413 332
89 573
306 431
165 285
612 593
83 281
449 605
311 560
550 129
165 78
254 30
636 59
621 514
515 519
408 307
436 636
194 40
473 618
599 597
300 468
368 646
625 291
586 362
467 66
384 510
224 407
19 9
412 355
155 273
121 267
507 325
110 537
29 485
427 88
259 331
130 175
167 569
142 643
234 479
335 624
486 398
437 108
549 128
438 547
512 273
515 116
565 439
117 370
644 125
235 204
437 260
74 128
503 582
185 101
423 402
361 534
155 457
188 429
121 21
187 236
496 357
256 645
293 335
195 590
629 35
358 389
262 551
382 277
117 62
102 265
424 367
78 207
467 232
296 358
438 546
337 285
215 214
268 153
564 574
61 52
184 626
370 401
595 182
425 67
385 194
95 23
458 315
9 443
524 380
373 484
288 256
4 401
496 254
125 91
330 609
331 318
46 71
178 649
410 183
603 97
237 641
335 331
603 11
255 365
181 447
468 18
240 335
289 35
504 72
382 92
501 93
565 568
618 574
608 291
187 268
551 200
80 425
32 243
224 522
343 606
43 465
301 541
598 27
125 285
516 149
500 603
397 21
497 152
2 641
523 379
247 647
338 508
93 93
90 28
447 275
270 168
540 446
538 41
144 319
589 65
246 188
318 126
572 392
422 409
109 154
487 196
73 426
509 328
430 135
383 377
36 443
580 481
365 415
40 171
598 268
451 296
186 612
498 427
43 160
541 68
411 159
472 600
441 76
142 135
84 646
447 115
623 56
155 197
318 173
196 625
30 253
140 53
129 78
200 297
401 149
93 281
178 168
161 539
117 147
137 339
214 452
210 1
348 516
153 196
509 431
293 118
435 109
115 116
20 563
219 43
226 148
585 393
495 36
44 88
273 523
403 620
611 411
9 456
442 509
51 474
248 364
243 542
589 202
230 22
172 391
123 504
200 43
207 200
557 591
65 402
104 597
178 447
15 549
239 151
410 544
497 492
496 243
459 76
306 529
7 344
166 159
576 208
607 222
598 105
275 250
41 615
545 17
505 643
407 408
641 548
397 586
545 72
562 467
562 106
278 36
504 353
626 350
133 588
202 188
545 109
122 483
241 459
323 2