670
3349
0,
1,
2,
3,
4,
5,
6,
7,
8,
9,
10,
11,
12,
13,
14,
15,
16,
17,
18,
19,
20,
21,
22,
23,
24,
25,
26,
27,
28,
29,
30,
31,
32,
33,
34,
35,
36,
37,
38,
39,
40,
41,
42,
43,
44,
45,
46,
47,
48,
49,
50,
51,
52,
53,
54,
55,
56,
57,
58,
59,
60,
61,
62,
63,
64,
65,
66,
67,
68,
69,
70,
71,
72,
73,
74,
75,
76,
77,
78,
79,
80,
81,
82,
83,
84,
85,
86,
87,
88,
89,
90,
91,
92,
93,
94,
95,
96,
97,
98,
99,
100,
101,
102,
103,
104,
105,
106,
107,
108,
109,
110,
111,
112,
113,
114,
115,
116,
117,
118,
119,
120,
121,
122,
123,
124,
125,
126,
127,
128,
129,
130,
131,
132,
133,
134,
135,
136,
137,
138,
139,
140,
141,
142,
143,
144,
145,
146,
147,
148,
149,
150,
151,
152,
153,
154,
155,
156,
157,
158,
159,
160,
161,
162,
163,
164,
165,
166,
167,
168,
169,
170,
171,
172,
173,
174,
175,
176,
177,
178,
179,
180,
181,
182,
183,
184,
185,
186,
187,
188,
189,
190,
191,
192,
193,
194,
195,
196,
197,
198,
199,
200,
201,
202,
203,
204,
205,
206,
207,
208,
209,
210,
211,
212,
213,
214,
215,
216,
217,
218,
219,
220,
221,
222,
223,
224,
225,
226,
227,
228,
229,
230,
231,
232,
233,
234,
235,
236,
237,
238,
239,
240,
241,
242,
243,
244,
245,
246,
247,
248,
249,
250,
251,
252,
253,
254,
255,
256,
257,
258,
259,
260,
261,
262,
263,
264,
265,
266,
267,
268,
269,
270,
271,
272,
273,
274,
275,
276,
277,
278,
279,
280,
281,
282,
283,
284,
285,
286,
287,
288,
289,
290,
291,
292,
293,
294,
295,
296,
297,
298,
299,
300,
301,
302,
303,
304,
305,
306,
307,
308,
309,
310,
311,
312,
313,
314,
315,
316,
317,
318,
319,
320,
321,
322,
323,
324,
325,
326,
327,
328,
329,
330,
331,
332,
333,
334,
335,
336,
337,
338,
339,
340,
341,
342,
343,
344,
345,
346,
347,
348,
349,
350,
351,
352,
353,
354,
355,
356,
357,
358,
359,
360,
361,
362,
363,
364,
365,
366,
367,
368,
369,
370,
371,
372,
373,
374,
375,
376,
377,
378,
379,
380,
381,
382,
383,
384,
385,
386,
387,
388,
389,
390,
391,
392,
393,
394,
395,
396,
397,
398,
399,
400,
401,
402,
403,
404,
405,
406,
407,
408,
409,
410,
411,
412,
413,
414,
415,
416,
417,
418,
419,
420,
421,
422,
423,
424,
425,
426,
427,
428,
429,
430,
431,
432,
433,
434,
435,
436,
437,
438,
439,
440,
441,
442,
443,
444,
445,
446,
447,
448,
449,
450,
451,
452,
453,
454,
455,
456,
457,
458,
459,
460,
461,
462,
463,
464,
465,
466,
467,
468,
469,
470,
471,
472,
473,
474,
475,
476,
477,
478,
479,
480,
481,
482,
483,
484,
485,
486,
487,
488,
489,
490,
491,
492,
493,
494,
495,
496,
497,
498,
499,
500,
501,
502,
503,
504,
505,
506,
507,
508,
509,
510,
511,
512,
513,
514,
515,
516,
517,
518,
519,
520,
521,
522,
523,
524,
525,
526,
527,
528,
529,
530,
531,
532,
533,
534,
535,
536,
537,
538,
539,
540,
541,
542,
543,
544,
545,
546,
547,
548,
549,
550,
551,
552,
553,
554,
555,
556,
557,
558,
559,
560,
561,
562,
563,
564,
565,
566,
567,
568,
569,
570,
571,
572,
573,
574,
575,
576,
577,
578,
579,
580,
581,
582,
583,
584,
585,
586,
587,
588,
589,
590,
591,
592,
593,
594,
595,
596,
597,
598,
599,
600,
601,
602,
603,
604,
605,
606,
607,
608,
609,
610,
611,
612,
613,
614,
615,
616,
617,
618,
619,
620,
621,
622,
623,
624,
625,
626,
627,
628,
629,
630,
631,
632,
633,
634,
635,
636,
637,
638,
639,
640,
641,
642,
643,
644,
645,
646,
647,
648,
649,
650,
651,
652,
653,
654,
655,
656,
657,
658,
659,
660,
661,
662,
663,
664,
665,
666,
667,
668,
669
208 666
666 524
524 32
32 415
415 582
582 20
20 325
325 245
245 28
28 117
117 346
346 155
155 461
461 157
157 388
388 356
356 6
6 119
119 71
71 314
314 574
574 365
365 200
200 294
294 535
535 420
420 598
598 379
379 573
573 115
115 425
425 406
406 552
552 470
470 368
368 514
514 255
255 658
658 327
327 221
221 577
577 270
270 244
244 340
340 547
547 607
607 594
594 542
542 257
257 262
262 106
106 649
649 617
617 633
633 619
619 565
565 536
536 442
442 204
204 541
541 79
79 35
35 418
418 277
277 87
87 260
260 178
178 482
482 358
358 235
235 352
352 618
618 96
96 351
351 462
462 452
452 184
184 639
639 243
243 533
533 615
615 112
112 597
597 285
285 17
17 345
345 348
348 632
632 46
46 280
280 458
458 298
298 300
300 448
448 159
159 622
622 290
290 98
98 435
435 484
484 41
41 450
450 623
623 559
559 367
367 226
226 203
203 416
416 231
231 332
332 382
382 305
305 250
250 264
264 561
561 141
141 465
465 217
217 49
49 205
205 110
110 129
129 274
274 212
212 637
637 569
569 5
5 21
21 419
419 444
444 431
431 166
166 82
82 562
562 612
612 207
207 438
438 628
628 532
532 402
402 209
209 302
302 488
488 502
502 459
459 601
601 389
389 133
133 638
638 422
422 297
297 18
18 132
132 553
553 519
519 338
338 152
152 489
489 120
120 229
229 286
286 242
242 143
143 197
197 375
375 230
230 512
512 334
334 175
175 216
216 81
81 85
85 251
251 393
393 424
424 479
479 142
142 228
228 515
515 329
329 45
45 400
400 343
343 527
527 449
449 540
540 555
555 634
634 480
480 333
333 544
544 476
476 14
14 570
570 596
596 89
89 491
491 560
560 378
378 312
312 467
467 362
362 355
355 52
52 460
460 59
59 354
354 44
44 19
19 91
91 668
668 349
349 497
497 15
15 293
293 284
284 434
434 398
398 156
156 441
441 413
413 58
58 414
414 471
471 534
534 37
37 165
165 626
626 525
525 361
361 187
187 65
65 665
665 67
67 587
587 213
213 42
42 57
57 522
522 485
485 269
269 513
513 95
95 376
376 564
564 168
168 428
428 545
545 503
503 571
571 62
62 198
198 181
181 214
214 556
556 454
454 466
466 572
572 100
100 611
611 516
516 271
271 381
381 383
383 517
517 616
616 29
29 510
510 104
104 659
659 51
51 38
38 88
88 531
531 148
148 134
134 33
33 154
154 43
43 363
363 317
317 403
403 472
472 177
177 292
292 604
604 48
48 124
124 445
445 407
407 625
625 401
401 636
636 455
455 427
427 131
131 529
529 174
174 498
498 306
306 494
494 436
436 288
288 631
631 585
585 77
77 199
199 193
193 151
151 624
624 492
492 364
364 202
202 432
432 426
426 481
481 55
55 173
173 650
650 147
147 602
602 25
25 567
567 423
423 537
537 50
50 303
303 372
372 307
307 614
614 296
296 135
135 123
123 613
613 194
194 410
410 241
241 528
528 539
539 608
608 234
234 433
433 339
339 437
437 558
558 84
84 163
163 645
645 328
328 180
180 439
439 341
341 591
591 11
11 192
192 599
599 24
24 247
247 505
505 54
54 385
385 275
275 258
258 253
253 130
130 440
440 578
578 568
568 404
404 279
279 301
301 13
13 125
125 8
8 318
318 138
138 610
610 493
493 546
546 83
83 161
161 392
392 451
451 246
246 661
661 1
1 185
185 206
206 268
268 304
304 236
236 330
330 453
453 579
579 335
335 644
644 580
580 224
224 140
140 509
509 651
651 256
256 606
606 4
4 215
215 114
114 347
347 654
654 662
662 295
295 551
551 620
620 583
583 320
320 353
353 167
167 621
621 387
387 456
456 667
667 145
145 9
9 655
655 391
391 265
265 641
641 30
30 80
80 642
642 337
337 308
308 189
189 267
267 146
146 36
36 233
233 359
359 370
370 211
211 478
478 473
473 647
647 518
518 158
158 240
240 374
374 60
60 113
113 78
78 501
501 496
496 182
182 310
310 490
490 191
191 549
549 366
366 0
0 554
554 289
289 40
40 107
107 543
543 179
179 417
417 105
105 170
170 323
323 495
495 322
322 188
188 605
605 137
137 648
648 321
321 629
629 101
101 457
457 136
136 507
507 640
640 169
169 396
396 408
408 283
283 627
627 160
160 429
429 548
548 172
172 26
26 266
266 291
291 581
581 74
74 118
118 384
384 16
16 595
595 590
590 219
219 530
530 282
282 309
309 669
669 47
47 97
97 371
371 630
630 486
486 500
500 171
171 443
443 162
162 252
252 109
109 12
12 278
278 652
652 287
287 281
281 99
99 23
23 446
446 72
72 108
108 409
409 653
653 377
377 336
336 593
593 508
508 31
31 589
589 10
10 477
477 344
344 238
238 447
447 126
126 64
64 70
70 299
299 576
576 550
550 474
474 276
276 128
128 313
313 563
563 27
27 656
656 196
196 248
248 34
34 22
22 150
150 63
63 326
326 39
39 164
164 657
657 373
373 430
430 660
660 183
183 232
232 504
504 411
411 499
499 487
487 342
342 111
111 53
53 603
603 225
225 3
3 464
464 397
397 526
526 195
195 588
588 575
575 663
663 468
468 201
201 7
7 469
469 643
643 506
506 523
523 592
592 259
259 357
357 412
412 520
520 86
86 463
463 116
116 222
222 263
263 249
249 316
316 122
122 139
139 254
254 61
61 153
153 176
176 73
73 103
103 483
483 311
311 149
149 56
56 66
66 646
646 94
94 220
220 93
93 395
395 380
380 190
190 237
237 319
319 69
69 121
121 405
405 210
210 127
127 68
68 2
2 586
586 399
399 272
272 92
92 600
600 421
421 390
390 239
239 609
609 90
90 664
664 261
261 635
635 223
223 75
75 76
76 557
557 218
218 511
511 521
521 273
273 324
324 315
315 350
350 360
360 475
475 566
566 538
538 144
144 584
584 186
186 227
227 331
331 386
386 102
102 394
394 369
474 215
78 408
187 390
477 126
245 311
187 306
282 472
605 368
219 19
212 200
410 349
465 360
182 181
46 365
517 202
568 144
251 345
30 373
159 390
284 394
365 167
587 521
532 388
323 580
129 52
195 204
484 200
525 45
647 229
444 544
258 400
9 258
51 397
260 607
177 570
64 9
78 206
412 281
355 664
541 334
117 314
498 615
230 658
341 74
50 557
127 617
129 57
12 389
108 12
382 552
475 3
45 627
236 508
2 499
201 255
669 372
347 16
45 560
199 531
557 6
126 600
203 448
161 227
354 295
612 407
628 358
406 20
499 422
11 63
457 206
339 401
22 462
601 566
243 179
17 129
434 309
242 308
645 50
97 400
127 530
405 304
659 262
244 574
372 633
369 12
355 304
616 567
391 577
368 122
292 613
527 260
563 57
562 659
306 303
101 213
276 492
344 24
414 616
577 323
157 108
191 494
28 150
596 264
84 230
302 534
303 253
402 282
451 83
573 435
94 648
661 101
199 337
621 364
539 386
186 588
410 432
35 335
202 285
92 180
115 443
530 103
560 233
213 570
354 592
176 623
226 380
359 340
38 433
141 595
389 49
33 46
567 213
535 243
531 660
629 547
117 587
516 495
343 528
504 660
204 287
94 309
517 41
498 329
316 346
251 452
273 625
4 299
405 657
484 388
465 116
363 639
246 577
623 137
299 550
385 552
202 561
259 299
227 468
203 132
371 154
461 191
478 270
84 652
301 521
636 586
0 26
508 282
290 208
63 162
180 632
63 647
642 519
574 218
439 566
525 113
556 573
373 144
34 63
272 401
434 352
277 531
226 540
154 170
533 346
512 180
295 665
167 401
107 172
622 34
339 464
291 258
152 337
111 395
201 138
257 74
115 334
627 491
207 70
576 406
65 650
658 337
427 446
425 172
488 444
591 412
44 317
242 302
278 109
121 580
402 239
480 239
594 363
479 234
658 159
55 298
606 318
351 463
448 175
635 143
205 17
338 422
399 299
619 383
214 228
64 314
304 490
29 306
4 543
423 159
39 379
236 570
497 409
308 340
614 203
643 639
245 23
149 137
407 65
572 280
288 33
11 444
479 488
210 466
41 209
659 166
105 1
614 167
382 179
37 142
293 13
31 125
363 632
289 550
454 71
330 100
669 87
471 396
304 284
426 450
395 626
117 258
484 654
622 343
620 459
398 113
413 619
386 241
60 566
668 533
245 633
649 368
48 521
367 73
528 69
359 316
612 403
484 42
168 297
25 626
29 84
103 189
170 258
216 189
521 26
516 177
87 99
161 464
614 279
500 139
492 209
63 513
415 559
255 103
10 353
324 312
185 82
337 138
268 94
568 509
102 171
368 458
445 643
655 422
173 327
439 398
431 16
114 181
186 198
297 548
446 198
633 360
55 45
487 522
430 317
592 597
597 114
59 424
429 545
0 430
134 6
383 126
423 139
159 426
609 336
153 8
453 645
513 522
233 389
492 189
21 656
628 203
582 362
433 455
333 1
640 88
134 138
153 548
91 287
248 245
4 186
545 180
584 465
88 465
305 618
221 209
196 568
283 174
218 5
491 576
513 666
462 653
386 509
409 144
618 667
10 97
18 460
582 646
538 48
140 7
404 161
446 481
134 33
291 100
476 508
535 130
103 76
222 227
134 165
622 56
441 306
306 364
34 199
348 91
1 442
533 200
655 427
591 303
285 169
171 150
239 388
85 650
248 666
306 108
641 135
244 405
48 37
649 295
201 154
201 645
235 510
457 224
561 37
485 212
156 128
426 72
419 21
59 177
592 93
608 103
526 543
517 76
579 191
503 41
524 199
421 42
591 492
175 642
173 528
456 428
278 13
212 464
141 11
243 199
232 229
128 72
137 303
582 116
162 308
560 425
12 259
91 480
69 276
416 446
459 148
535 585
478 414
651 252
662 533
664 508
480 199
326 148
224 60
25 262
558 86
391 455
430 644
431 558
512 215
192 287
251 398
666 526
644 576
655 460
486 548
496 208
233 647
447 408
407 457
344 96
432 203
210 396
117 540
474 85
382 344
555 29
582 540
286 429
38 461
84 336
458 541
447 405
188 601
254 519
465 374
462 509
401 580
27 349
109 589
615 509
640 25
83 509
127 118
599 31
513 525
349 377
377 548
144 316
190 0
12 99
658 363
607 500
86 25
72 291
326 636
96 475
132 152
269 478
71 18
280 668
226 121
639 488
159 331
265 419
82 620
172 555
12 550
541 574
106 34
152 45
655 172
471 73
441 351
32 210
664 376
59 630
601 265
646 70
17 32
167 322
152 484
535 45
662 641
149 3
459 488
36 83
359 257
146 579
418 50
499 662
532 274
521 17
435 274
128 359
579 41
258 346
161 580
344 664
465 550
210 105
73 423
87 614
271 116
525 521
490 414
220 290
180 347
17 434
317 356
144 141
157 246
28 32
441 483
553 427
543 486
484 485
513 201
117 46
549 536
628 614
156 155
38 47
251 448
84 420
368 543
494 602
129 115
113 538
77 667
515 26
118 401
293 316
308 100
522 613
69 494
86 666
570 643
639 639
78 190
542 55
591 33
594 618
382 647
187 386
84 9
485 324
422 464
91 402
8 154
580 654
102 173
458 58
316 591
428 332
501 296
397 424
421 191
302 665
574 245
338 30
102 514
478 651
334 574
416 347
668 315
171 357
623 514
640 647
106 468
327 308
401 566
611 487
198 288
37 193
218 448
602 625
636 108
87 302
98 71
622 176
70 254
323 386
455 574
71 228
178 589
279 540
5 497
279 363
189 512
457 275
169 185
284 527
581 89
584 198
66 191
250 153
127 227
414 287
562 463
125 316
414 461
347 388
474 619
20 47
324 328
598 281
551 652
390 612
311 69
214 542
300 559
170 372
86 306
547 398
96 331
56 22
242 339
516 347
50 619
506 326
314 376
496 482
275 344
160 319
332 191
589 139
36 417
167 194
534 325
503 204
669 459
337 12
13 648
593 576
619 132
202 170
504 319
505 13
179 97
171 213
454 511
23 162
15 8
492 277
610 61
254 57
591 409
315 123
8 435
169 35
110 317
40 419
574 462
643 278
208 621
611 512
439 659
617 541
148 223
661 320
12 73
485 44
531 300
614 251
326 134
632 409
125 482
522 71
34 161
472 326
295 621
55 478
265 18
213 265
644 73
552 1
217 406
457 114
489 354
485 465
189 13
483 425
647 297
599 104
142 396
0 567
117 148
135 451
490 93
568 662
196 279
646 493
416 526
262 480
94 311
629 501
496 617
406 208
402 14
307 649
298 210
211 533
187 195
230 166
82 588
503 41
585 288
261 126
271 112
103 516
642 155
451 257
147 226
448 167
634 464
101 461
358 259
332 500
249 444
260 308
438 532
344 549
162 637
444 646
270 179
490 641
487 199
654 567
600 575
296 335
544 7
340 641
92 655
581 411
172 157
239 364
588 632
439 327
15 419
629 157
616 11
276 222
371 139
465 642
211 460
330 586
146 266
203 436
439 366
96 525
9 510
199 642
642 164
21 170
606 23
149 96
264 358
274 118
422 54
148 71
615 45
332 171
388 90
241 475
663 382
430 17
160 160
290 439
74 629
248 214
656 33
508 355
547 325
587 627
434 55
27 403
462 353
281 4
536 114
428 262
458 337
458 132
213 95
544 171
95 643
410 223
282 453
249 330
321 93
294 113
543 602
505 439
510 489
476 202
28 183
468 220
61 253
624 270
327 612
629 307
476 77
315 421
288 638
605 236
369 210
275 331
77 387
178 304
303 62
460 262
660 86
612 412
312 25
526 359
660 534
377 598
477 41
431 553
455 587
55 327
36 592
230 65
241 77
131 200
553 477
514 233
633 199
476 191
65 176
109 486
645 624
365 8
395 406
6 523
526 488
129 427
247 120
440 203
299 667
338 349
155 195
287 560
358 319
420 526
399 75
117 519
647 348
25 173
194 256
406 338
179 71
531 251
321 342
383 51
463 469
35 461
511 293
410 453
411 117
452 540
484 614
667 455
458 486
41 131
92 33
451 665
128 47
10 162
169 362
7 130
654 107
191 156
312 56
627 627
573 212
130 312
538 337
93 210
307 540
13 346
96 468
5 153
425 464
237 442
202 558
312 481
574 384
632 94
240 132
301 53
540 321
607 636
60 131
290 417
544 617
117 637
355 662
471 646
12 559
517 310
630 240
362 660
363 313
361 430
660 561
341 184
376 275
610 498
479 304
197 371
522 580
139 239
504 222
314 503
381 8
22 663
329 386
474 76
99 419
531 610
119 64
505 273
453 485
629 561
581 575
649 379
113 384
348 596
426 144
559 58
82 128
122 471
502 143
337 344
290 120
47 645
294 237
422 554
480 583
378 156
632 569
354 111
230 303
384 285
44 329
78 323
431 562
365 520
421 100
447 153
637 401
94 411
169 363
150 593
489 359
492 55
662 160
642 460
297 306
63 485
416 451
364 289
571 170
43 468
265 202
26 296
233 606
352 547
230 460
296 534
639 149
253 455
255 200
437 358
563 210
11 470
586 38
473 553
102 17
76 407
648 390
146 376
528 387
450 272
132 306
496 128
669 15
4 342
389 160
580 197
231 390
349 26
545 588
409 381
48 6
609 233
189 532
537 170
72 321
527 370
229 57
312 601
654 271
336 227
637 352
593 261
77 621
499 139
489 393
310 48
17 650
661 583
541 40
365 197
529 81
588 582
171 268
210 503
449 151
527 303
111 164
540 423
213 595
306 255
293 356
465 437
210 326
147 409
466 567
240 56
70 667
464 338
265 643
414 55
167 263
177 173
399 330
645 279
164 618
230 312
137 249
446 330
275 47
446 50
540 65
372 236
661 142
447 233
261 480
531 339
139 447
104 231
55 505
494 507
378 102
330 370
460 626
355 649
99 101
185 111
148 588
550 209
134 125
8 80
127 506
577 555
430 576
143 198
504 64
39 518
626 669
617 380
406 570
326 354
259 261
669 594
46 620
146 271
520 470
29 117
381 412
1 249
528 325
663 543
611 43
7 309
8 365
651 120
219 274
36 321
228 191
137 524
39 374
437 642
487 254
230 75
330 631
581 135
92 438
92 513
27 304
89 487
350 180
199 93
385 353
377 77
233 469
275 551
282 338
351 328
523 341
168 576
385 159
362 495
375 151
202 297
323 120
494 235
287 545
282 664
345 599
452 85
8 412
605 254
284 431
414 646
359 566
648 527
305 38
499 347
628 632
415 174
534 209
532 462
327 441
144 154
160 234
667 578
384 163
76 428
311 126
555 228
93 7
132 149
291 269
342 371
101 367
81 131
304 13
654 384
608 527
538 617
3 354
159 456
546 606
136 404
634 606
669 132
493 597
312 243
492 576
156 640
93 410
531 163
622 229
245 516
622 443
157 172
88 4
398 16
7 482
287 318
121 520
187 131
151 318
448 147
489 145
115 221
141 22
89 629
468 598
272 138
103 611
432 294
96 83
472 567
482 105
74 472
561 13
71 561
137 101
553 511
651 493
448 485
24 54
551 467
37 455
272 577
331 97
232 34
463 292
435 656
268 163
617 0
651 186
485 81
306 637
526 133
47 447
9 666
155 513
26 295
5 432
302 357
170 462
615 93
193 196
136 51
154 51
500 23
613 143
247 392
665 9
174 23
190 323
4 333
558 235
426 208
468 377
121 172
54 492
95 282
302 198
422 557
667 156
56 214
594 654
409 167
358 665
461 306
406 625
419 557
542 556
636 289
615 231
436 530
289 306
294 270
394 189
356 174
389 412
618 273
197 98
86 151
420 222
551 103
39 280
403 90
488 179
414 589
371 2
255 651
208 542
365 600
613 315
318 570
602 522
63 498
362 333
251 13
622 234
456 39
82 445
381 632
283 206
410 197
69 65
17 308
586 567
172 245
457 489
616 147
487 300
428 198
349 233
440 147
159 206
122 388
137 295
595 155
287 463
583 299
383 378
115 63
247 25
422 544
96 251
46 27
43 199
66 67
635 75
240 566
574 44
116 542
115 163
233 647
368 295
105 536
232 420
174 6
19 663
514 555
29 210
381 178
309 543
118 110
503 461
436 412
493 245
200 605
26 591
491 71
390 192
360 545
45 113
226 562
135 548
326 42
605 230
6 111
415 590
143 129
494 152
238 455
529 196
225 599
6 362
494 522
260 299
408 413
556 361
345 162
469 233
592 156
11 631
199 145
213 391
39 185
256 162
580 102
476 21
516 483
483 51
411 452
67 240
650 133
470 593
85 107
113 273
343 222
257 646
102 137
507 341
66 412
167 98
415 96
188 250
185 638
115 96
315 238
389 55
630 437
233 213
501 584
425 299
96 11
281 329
325 444
394 399
332 651
59 510
541 150
503 406
512 85
512 525
198 510
45 407
345 49
101 98
444 63
74 354
367 426
633 655
646 360
90 324
440 158
97 265
294 528
106 13
660 45
228 131
9 231
321 374
329 396
314 499
353 219
544 423
432 669
185 477
318 118
201 653
505 477
422 117
1 472
394 179
511 592
385 5
481 296
311 515
45 473
179 387
571 528
434 494
282 484
631 328
426 612
651 419
386 539
320 14
467 603
403 122
3 386
422 488
545 99
294 281
348 5
265 257
316 389
135 516
315 55
36 408
304 383
469 458
123 88
560 538
182 107
422 564
566 609
7 287
655 665
233 232
139 504
442 122
523 464
489 608
409 206
217 260
640 78
571 64
566 486
160 602
82 544
42 581
9 303
503 164
318 529
635 182
111 232
360 573
339 668
254 568
622 206
416 216
333 310
628 271
161 196
135 96
426 555
465 63
619 68
416 623
596 102
359 653
652 530
655 529
140 655
570 606
381 296
69 254
304 297
164 152
359 269
13 260
585 502
561 285
213 644
442 532
525 260
319 563
91 639
282 244
618 356
584 44
579 452
37 38
513 317
419 553
459 72
552 447
436 576
373 106
561 518
82 525
321 28
14 635
474 391
245 102
599 68
540 253
251 421
157 353
637 286
24 23
115 245
98 31
420 534
351 144
581 243
517 73
316 538
401 345
240 236
135 555
531 654
445 131
378 389
446 527
446 341
301 20
487 245
200 156
212 80
529 667
328 419
44 81
114 458
358 630
213 149
134 509
488 471
195 557
88 398
386 532
435 396
252 60
217 450
436 306
612 647
263 24
310 320
572 41
284 86
527 611
121 669
161 275
301 296
296 460
422 441
249 612
535 563
122 463
108 199
52 226
312 133
566 10
431 523
84 406
601 416
392 577
668 480
11 289
612 327
518 297
657 99
70 526
184 417
204 169
474 569
537 168
607 0
212 376
384 571
296 310
390 359
567 395
636 131
101 112
330 72
641 64
62 0
391 281
262 478
6 563
54 209
532 200
668 106
232 548
197 31
286 523
275 467
615 191
418 604
641 244
457 314
3 518
90 478
435 122
57 16
38 477
259 661
283 84
556 335
204 268
584 130
192 337
231 75
216 652
69 282
251 193
507 493
444 51
525 50
169 16
6 440
389 581
525 566
485 50
667 380
166 107
652 483
135 88
300 37
168 490
228 59
416 531
650 262
20 466
81 336
648 152
234 607
423 652
87 627
392 477
466 278
105 454
666 140
450 390
365 430
132 210
444 624
403 567
518 666
42 386
534 523
167 76
58 217
236 594
472 301
6 136
620 94
471 477
470 540
149 632
28 89
312 206
210 425
658 275
235 426
599 429
107 93
121 94
80 262
336 100
542 131
314 310
296 356
632 177
171 223
305 345
300 305
121 122
490 567
534 288
14 30
572 355
8 430
319 431
103 648
207 335
129 147
514 162
438 306
203 471
634 406
283 335
228 523
54 395
468 87
149 649
431 416
414 312
356 38
424 84
575 272
446 252
152 170
39 513
303 221
496 385
558 316
363 244
301 276
181 376
533 406
274 442
502 207
82 178
5 44
278 423
88 246
295 345
387 128
21 259
138 29
528 511
267 664
68 435
192 444
35 453
342 546
536 533
366 76
384 613
162 194
504 295
604 94
84 593
230 437
24 138
85 583
489 221
565 443
207 659
295 97
207 97
263 245
434 423
333 201
304 347
163 280
469 116
651 223
107 584
30 415
293 171
7 40
656 446
561 541
475 331
228 453
130 350
392 535
624 469
523 61
150 386
86 555
311 211
504 570
10 562
600 90
433 209
43 304
202 262
410 167
400 2
608 177
301 397
478 372
263 578
621 543
620 226
36 521
153 405
138 543
101 164
381 250
259 583
595 496
110 480
594 220
560 262
428 40
587 117
574 267
37 543
536 586
664 279
520 30
198 288
591 375
151 28
360 537
621 567
266 655
391 224
248 484
516 297
143 224
643 250
105 518
560 310
353 364
405 574
362 353
235 221
667 41
66 425
588 623
600 666
294 483
81 623
238 226
239 586
545 499
430 620
340 215
45 300
24 9
271 575
379 314
6 470
55 25
523 306
446 130
428 298
348 652
333 455
462 389
433 76
383 489
50 194
342 43
599 184
552 370
606 409
481 335
372 410
586 161
19 189
95 558
591 632
293 296
546 292
460 118
324 625
513 576
319 295
47 625
203 443
79 663
88 144
504 637
637 611
492 181
34 186
416 622
266 418
617 150
653 5
304 159
434 528
120 309
325 539
514 27
317 604
298 588
360 229
508 543
458 144
421 65
626 467
358 417
488 605
325 172
335 333
649 55
505 362
414 121
480 193
294 437
376 443
68 23
257 154
467 135
477 451
138 221
296 264
134 51
316 262
329 566
615 158
608 538
136 224
1 73
176 447
361 172
39 90
4 351
40 448
425 403
654 188
198 363
644 310
600 55
60 464
651 260
535 211
77 569
345 220
377 612
39 575
246 298
542 299
230 31
162 363
133 430
663 12
229 570
131 256
617 387
94 503
460 418
466 234
505 608
179 451
608 281
102 339
232 594
232 668
570 629
109 595
212 530
304 623
3 97
458 629
21 500
233 426
271 583
229 286
427 212
145 483
220 445
262 161
665 541
277 394
556 295
431 380
356 393
150 669
608 194
411 420
284 561
135 442
284 310
421 394
138 350
312 267
632 210
468 420
240 609
295 490
377 81
485 507
562 252
39 508
314 342
621 616
14 353
345 506
519 173
523 386
173 164
641 503
90 308
117 662
67 7
420 61
286 217
240 509
419 123
475 472
546 283
369 363
254 116
372 345
94 550
62 335
324 567
608 633
391 213
253 350
590 164
500 384
82 102
634 20
498 14
388 543
665 528
89 538
3 587
70 100
386 332
19 250
387 506
494 433
512 309
624 660
612 326
488 23
649 89
53 376
321 571
208 127
258 221
335 427
648 319
261 404
268 56
397 129
454 593
259 139
521 202
45 130
600 117
527 277
621 535
4 334
224 77
13 131
558 200
536 590
228 231
392 555
251 563
278 235
352 392
429 440
16 308
35 271
463 235
665 82
287 301
269 609
249 184
432 491
449 594
494 459
504 512
118 141
537 297
152 518
255 635
541 187
460 563
285 646
615 224
20 113
580 551
188 381
641 515
352 181
277 439
524 192
292 441
465 70
121 475
658 657
145 589
334 401
302 606
125 156
452 139
582 97
616 624
181 41
541 585
597 243
207 441
596 260
9 265
242 147
352 37
402 14
351 205
197 121
17 470
160 603
255 104
188 502
520 37
494 104
302 467
89 654
650 188
55 386
276 213
507 352
15 349
215 456
241 400
618 447
550 583
183 321
613 197
121 354
6 267
329 92
420 282
420 102
310 86
303 495
38 260
327 56
466 610
64 610
507 123
132 232
433 579
64 270
644 211
101 206
403 599
294 149
214 143
266 127
109 164
173 2
580 155
378 63
134 91
14 112
443 366
53 388
358 631
467 313
263 333
431 376
645 133
423 225
343 410
147 220
392 541
300 560
366 491
665 50
420 561
473 546
281 272
300 560
178 392
508 350
549 131
368 628
131 536
543 487
429 299
425 646
5 165
572 307
243 123
190 332
536 158
187 623
32 630
105 439
650 229
46 324
344 40
186 264
95 179
526 505
389 402
217 59
113 605
397 521
280 300
183 433
654 441
133 206
453 657
145 461
144 640
293 553
338 7
336 15
202 206
267 315
446 456
515 660
452 82
525 334
655 618
152 78
572 451
128 600
77 275
212 257
611 342
29 401
92 527
593 346
407 62
463 380
239 363
442 182
33 328
502 606
549 178
583 37
491 377
35 187
251 445
319 165
137 93
130 22
176 476
61 448
467 130
621 408
461 153
442 485
505 99
140 226
281 80
144 185
458 279
9 351
376 282
211 297
150 484
313 397
323 262
276 156
443 654
17 203
221 3
150 572
664 124
648 370
420 440
486 391
491 567
553 307
409 396
145 587
603 430
240 609
572 476
42 550
109 20
250 448
356 575
485 133
507 236
146 518
25 386
547 31
217 624
592 514
376 396
74 305
16 75
483 35
270 470
117 161
73 534
444 192
468 372
118 44
294 431
317 319
392 323
19 410
289 158
412 408
157 619
286 616
584 329
427 487
464 126
363 345
406 330
478 547
13 126
195 413
443 617
419 89
205 375
59 104
496 500
375 175
446 442
150 601
485 459
246 484
403 222
364 134
558 236
478 618
543 663
13 134
10 389
330 70
454 176
570 292
487 430
40 56
184 481
113 559
65 97
26 485
177 666
359 220
310 508
280 302
460 293
153 44
7 405
64 250
577 555
71 44
599 28
63 353
420 567
27 450
242 626
577 112
458 458
258 660
7 43
666 492
353 341
649 412
217 461
290 282
457 304
368 115
21 515
617 351
393 258
646 125
534 455
214 179
630 198
427 54
411 604
288 446
298 238
336 222
608 357
257 247
517 390
661 56
495 637
472 239
190 108
350 549
658 89
533 610
173 546
12 208
103 230
484 24
436 209
400 53
505 40
374 103
181 115
446 267
52 561
379 653
560 403
448 257
424 246
582 10
515 39
175 119
4 106
393 87
5 153
535 128
546 132
483 39
227 227
328 116
284 602
375 505
19 333
170 253
465 496
440 549
223 411
322 543
523 401
148 348
155 434
335 614
248 76
337 525
526 258
176 314
255 518
19 444
359 174
149 401
299 323
439 43
140 231
427 455
572 16
238 333
211 72
584 438
8 592
495 532
170 23
72 227
648 386
474 24
161 308
668 30
90 312
315 117
452 61
433 214
637 5
449 419
393 513
411 384
397 564
97 457
454 93
218 35
37 653
145 428
531 4
43 538
599 288
423 586
206 528
114 287
75 365
378 485
297 4
639 326
152 336
601 456
525 406
65 449
48 410
380 154
162 275
499 530
513 366
566 70
606 48
101 557
292 406
65 565
224 422
321 367
231 189
385 567
516 169
512 104
454 600
567 622
414 138
267 220
352 338
565 208
325 522
314 474
497 75
226 499
327 222
233 353
653 260
99 414
44 529
281 14
379 611
79 31
52 121
529 518
313 602
231 329
433 550
609 245
657 618
641 106
501 378
466 195
490 341
289 659
365 495
539 282
62 593
510 239
561 514
424 606
325 308
190 373
289 85
32 194
103 136
136 173
380 107
285 116
288 87
550 114
311 551
178 516
588 311
632 117
490 380
80 224
573 377
42 555
226 447
414 423
448 612
111 158
320 321
391 85
317 485
310 42
358 341
332 447
636 327
465 371
95 505
261 615
493 293
411 158
155 23
391 130
92 550
106 159
663 510
68 389
44 183
541 104
619 537
378 312
67 472
548 550
166 31
317 241
188 236
207 508
397 48
79 525
650 212
639 5
115 369
9 424
535 97
600 183
650 310
270 101
193 335
659 196
473 587
616 170
551 216
599 545
293 118
386 309
545 18
88 417
213 569
237 275
228 540
74 535
431 442
427 128
8 413
306 369
81 26
557 594
662 116
418 665
26 13
97 140
403 605
182 270
248 130
597 409
126 188
406 504
94 151
407 447
552 535
75 1
127 215
100 153
619 262
132 581
627 7
232 359
162 130
475 649
547 652
13 98
3 138
314 496
182 355
611 224
666 588
421 648
225 325
160 527
37 156
43 269
74 229
390 401
201 288
379 333
228 367
624 175
313 649
321 660
326 589
287 277
176 474
425 243
643 182
623 332
231 506
566 503