70
349
0,
1,
2,
3,
4,
5,
6,
7,
8,
9,
10,
11,
12,
13,
14,
15,
16,
17,
18,
19,
20,
21,
22,
23,
24,
25,
26,
27,
28,
29,
30,
31,
32,
33,
34,
35,
36,
37,
38,
39,
40,
41,
42,
43,
44,
45,
46,
47,
48,
49,
50,
51,
52,
53,
54,
55,
56,
57,
58,
59,
60,
61,
62,
63,
64,
65,
66,
67,
68,
69
23 40
40 6
6 24
24 61
61 2
2 13
13 0
0 56
56 52
52 28
28 14
14 32
32 69
69 57
57 19
19 47
47 59
59 15
15 51
51 20
20 66
66 12
12 16
16 22
22 46
46 11
11 38
38 10
10 25
25 29
29 37
37 31
31 8
8 45
45 36
36 30
30 34
34 67
67 63
63 50
50 35
35 21
21 3
3 33
33 64
64 48
48 60
60 4
4 44
44 43
43 1
1 17
17 5
5 58
58 54
54 39
39 41
41 62
62 49
49 68
68 42
42 65
65 26
26 53
53 9
9 55
55 18
18 27
27 7
48 20
28 2
49 25
36 27
19 15
58 34
45 37
40 60
2 59
43 66
9 63
62 52
17 28
68 53
63 29
37 0
58 14
23 53
38 36
41 21
29 60
60 54
8 62
16 24
56 4
52 65
51 37
19 55
64 64
1 15
9 55
61 48
51 9
66 35
38 59
61 19
10 9
35 28
35 16
13 45
42 69
14 0
31 8
43 25
28 52
12 20
50 43
2 62
38 28
36 3
51 17
61 26
63 57
61 68
38 49
69 14
58 67
34 10
14 24
3 14
33 58
47 28
13 37
35 9
48 28
12 36
25 49
10 46
1 20
59 59
35 66
11 30
42 13
58 57
30 3
2 51
32 3
17 54
45 46
22 56
25 42
41 62
30 16
40 4
16 61
11 57
61 15
52 44
1 40
64 18
39 15
68 51
51 15
0 15
54 47
9 64
10 24
16 64
15 48
34 33
50 66
63 27
44 54
22 18
45 34
66 33
68 42
55 11
23 54
61 40
17 61
60 60
24 56
26 63
11 32
59 34
40 44
30 44
11 41
69 63
26 34
60 10
30 2
0 52
7 47
55 1
63 49
16 34
19 1
35 51
0 12
15 61
28 47
5 3
4 23
18 54
31 3
31 18
34 41
9 19
51 22
65 44
52 25
21 30
47 42
14 28
49 69
28 52
42 46
45 31
61 2
30 41
35 56
42 41
31 30
67 10
68 22
14 58
55 60
33 6
36 53
40 6
39 5
27 67
31 0
4 66
44 49
59 2
57 36
35 45
62 33
61 7
47 46
35 28
20 52
19 46
28 32
16 35
57 39
33 37
43 32
49 44
48 35
54 40
17 19
46 26
51 27
19 51
3 24
39 65
66 30
49 2
23 30
29 52
59 27
24 0
57 63
46 49
10 47
19 39
5 28
16 30
35 45
25 35
9 2
51 11
31 64
29 61
5 41
32 48
39 17
27 7
21 5
13 0
33 39
23 54
64 45
67 12
66 26
14 41
69 37
35 16
30 17
68 52
54 43
51 44
29 18
36 47
13 50
39 52
24 41
13 5
42 17
67 21
44 59
49 48
51 45
19 13
55 30
63 14
63 10
54 35
29 58
7 17
69 9
44 20
29 14
42 65
10 29
16 58
8 65
54 40
65 57
10 17
9 3
65 45
10 66
25 35
12 27
28 59
69 7
7 38
46 24
68 19
50 51
35 13
4 65
49 13
13 63
65 14
33 39
7 55
7 17
22 57
43 17
0 41
59 5
42 4
32 67
68 23