710
3549
0,
1,
2,
3,
4,
5,
6,
7,
8,
9,
10,
11,
12,
13,
14,
15,
16,
17,
18,
19,
20,
21,
22,
23,
24,
25,
26,
27,
28,
29,
30,
31,
32,
33,
34,
35,
36,
37,
38,
39,
40,
41,
42,
43,
44,
45,
46,
47,
48,
49,
50,
51,
52,
53,
54,
55,
56,
57,
58,
59,
60,
61,
62,
63,
64,
65,
66,
67,
68,
69,
70,
71,
72,
73,
74,
75,
76,
77,
78,
79,
80,
81,
82,
83,
84,
85,
86,
87,
88,
89,
90,
91,
92,
93,
94,
95,
96,
97,
98,
99,
100,
101,
102,
103,
104,
105,
106,
107,
108,
109,
110,
111,
112,
113,
114,
115,
116,
117,
118,
119,
120,
121,
122,
123,
124,
125,
126,
127,
128,
129,
130,
131,
132,
133,
134,
135,
136,
137,
138,
139,
140,
141,
142,
143,
144,
145,
146,
147,
148,
149,
150,
151,
152,
153,
154,
155,
156,
157,
158,
159,
160,
161,
162,
163,
164,
165,
166,
167,
168,
169,
170,
171,
172,
173,
174,
175,
176,
177,
178,
179,
180,
181,
182,
183,
184,
185,
186,
187,
188,
189,
190,
191,
192,
193,
194,
195,
196,
197,
198,
199,
200,
201,
202,
203,
204,
205,
206,
207,
208,
209,
210,
211,
212,
213,
214,
215,
216,
217,
218,
219,
220,
221,
222,
223,
224,
225,
226,
227,
228,
229,
230,
231,
232,
233,
234,
235,
236,
237,
238,
239,
240,
241,
242,
243,
244,
245,
246,
247,
248,
249,
250,
251,
252,
253,
254,
255,
256,
257,
258,
259,
260,
261,
262,
263,
264,
265,
266,
267,
268,
269,
270,
271,
272,
273,
274,
275,
276,
277,
278,
279,
280,
281,
282,
283,
284,
285,
286,
287,
288,
289,
290,
291,
292,
293,
294,
295,
296,
297,
298,
299,
300,
301,
302,
303,
304,
305,
306,
307,
308,
309,
310,
311,
312,
313,
314,
315,
316,
317,
318,
319,
320,
321,
322,
323,
324,
325,
326,
327,
328,
329,
330,
331,
332,
333,
334,
335,
336,
337,
338,
339,
340,
341,
342,
343,
344,
345,
346,
347,
348,
349,
350,
351,
352,
353,
354,
355,
356,
357,
358,
359,
360,
361,
362,
363,
364,
365,
366,
367,
368,
369,
370,
371,
372,
373,
374,
375,
376,
377,
378,
379,
380,
381,
382,
383,
384,
385,
386,
387,
388,
389,
390,
391,
392,
393,
394,
395,
396,
397,
398,
399,
400,
401,
402,
403,
404,
405,
406,
407,
408,
409,
410,
411,
412,
413,
414,
415,
416,
417,
418,
419,
420,
421,
422,
423,
424,
425,
426,
427,
428,
429,
430,
431,
432,
433,
434,
435,
436,
437,
438,
439,
440,
441,
442,
443,
444,
445,
446,
447,
448,
449,
450,
451,
452,
453,
454,
455,
456,
457,
458,
459,
460,
461,
462,
463,
464,
465,
466,
467,
468,
469,
470,
471,
472,
473,
474,
475,
476,
477,
478,
479,
480,
481,
482,
483,
484,
485,
486,
487,
488,
489,
490,
491,
492,
493,
494,
495,
496,
497,
498,
499,
500,
501,
502,
503,
504,
505,
506,
507,
508,
509,
510,
511,
512,
513,
514,
515,
516,
517,
518,
519,
520,
521,
522,
523,
524,
525,
526,
527,
528,
529,
530,
531,
532,
533,
534,
535,
536,
537,
538,
539,
540,
541,
542,
543,
544,
545,
546,
547,
548,
549,
550,
551,
552,
553,
554,
555,
556,
557,
558,
559,
560,
561,
562,
563,
564,
565,
566,
567,
568,
569,
570,
571,
572,
573,
574,
575,
576,
577,
578,
579,
580,
581,
582,
583,
584,
585,
586,
587,
588,
589,
590,
591,
592,
593,
594,
595,
596,
597,
598,
599,
600,
601,
602,
603,
604,
605,
606,
607,
608,
609,
610,
611,
612,
613,
614,
615,
616,
617,
618,
619,
620,
621,
622,
623,
624,
625,
626,
627,
628,
629,
630,
631,
632,
633,
634,
635,
636,
637,
638,
639,
640,
641,
642,
643,
644,
645,
646,
647,
648,
649,
650,
651,
652,
653,
654,
655,
656,
657,
658,
659,
660,
661,
662,
663,
664,
665,
666,
667,
668,
669,
670,
671,
672,
673,
674,
675,
676,
677,
678,
679,
680,
681,
682,
683,
684,
685,
686,
687,
688,
689,
690,
691,
692,
693,
694,
695,
696,
697,
698,
699,
700,
701,
702,
703,
704,
705,
706,
707,
708,
709
681 432
432 330
330 528
528 46
46 310
310 317
317 569
569 202
202 532
532 278
278 509
509 350
350 308
308 589
589 523
523 495
495 512
512 216
216 164
164 206
206 265
265 438
438 704
704 129
129 363
363 365
365 399
399 174
174 177
177 25
25 135
135 571
571 244
244 211
211 373
373 367
367 609
609 678
678 239
239 20
20 437
437 169
169 640
640 68
68 337
337 545
545 362
362 388
388 464
464 75
75 520
520 659
659 72
72 147
147 156
156 108
108 628
628 218
218 199
199 180
180 518
518 698
698 647
647 92
92 668
668 195
195 242
242 340
340 381
381 433
433 110
110 250
250 471
471 184
184 148
148 369
369 395
395 683
683 150
150 14
14 384
384 687
687 130
130 479
479 125
125 544
544 602
602 472
472 155
155 370
370 225
225 577
577 316
316 478
478 77
77 144
144 357
357 584
584 570
570 312
312 254
254 200
200 533
533 690
690 671
671 526
526 186
186 578
578 457
457 296
296 585
585 149
149 607
607 139
139 346
346 47
47 121
121 453
453 612
612 625
625 258
258 2
2 627
627 291
291 44
44 583
583 521
521 71
71 572
572 359
359 209
209 256
256 600
600 339
339 459
459 596
596 476
476 143
143 651
651 377
377 380
380 189
189 618
618 325
325 644
644 176
176 485
485 281
281 271
271 679
679 83
83 204
204 4
4 260
260 201
201 630
630 568
568 96
96 173
173 3
3 178
178 665
665 12
12 709
709 682
682 97
97 638
638 599
599 487
487 297
297 24
24 264
264 660
660 482
482 90
90 361
361 458
458 662
662 372
372 530
530 248
248 10
10 674
674 460
460 138
138 41
41 667
667 601
601 293
293 392
392 91
91 689
689 58
58 132
132 470
470 19
19 664
664 287
287 633
633 474
474 74
74 246
246 114
114 318
318 152
152 420
420 229
229 411
411 393
393 405
405 378
378 685
685 93
93 63
63 454
454 84
84 374
374 304
304 87
87 79
79 543
543 322
322 629
629 315
315 455
455 613
613 126
126 497
497 579
579 18
18 424
424 48
48 32
32 167
167 634
634 288
288 467
467 390
390 692
692 314
314 394
394 491
491 252
252 342
342 85
85 190
190 223
223 635
635 422
422 141
141 305
305 490
490 61
61 66
66 39
39 522
522 269
269 427
427 576
576 240
240 109
109 6
6 160
160 606
606 166
166 117
117 253
253 136
136 1
1 154
154 540
540 347
347 81
81 575
575 182
182 280
280 104
104 558
558 321
321 245
245 510
510 332
332 232
232 267
267 498
498 0
0 30
30 542
542 366
366 676
676 165
165 573
573 450
450 345
345 473
473 298
298 196
196 217
217 417
417 73
73 669
669 27
27 243
243 519
519 693
693 237
237 650
650 389
389 194
194 507
507 21
21 38
38 53
53 514
514 565
565 103
103 57
57 657
657 415
415 285
285 185
185 486
486 560
560 500
500 697
697 695
695 680
680 221
221 266
266 65
65 670
670 284
284 102
102 336
336 226
226 677
677 508
508 292
292 338
338 412
412 385
385 13
13 615
615 157
157 230
230 587
587 236
236 463
463 539
539 581
581 233
233 170
170 219
219 531
531 101
101 335
335 270
270 707
707 328
328 294
294 451
451 89
89 52
52 655
655 348
348 36
36 597
597 99
99 122
122 494
494 595
595 203
203 326
326 703
703 113
113 78
78 484
484 407
407 263
263 574
574 559
559 406
406 323
323 353
353 469
469 694
694 624
624 29
29 456
456 605
605 702
702 82
82 549
549 382
382 368
368 593
593 419
419 334
334 276
276 552
552 171
171 134
134 261
261 649
649 274
274 188
188 255
255 492
492 511
511 31
31 691
691 228
228 352
352 34
34 300
300 153
153 331
331 7
7 672
672 191
191 111
111 28
28 16
16 548
548 443
443 414
414 355
355 488
488 632
632 183
183 33
33 115
115 235
235 51
51 286
286 524
524 8
8 98
98 163
163 133
133 537
537 238
238 376
376 588
588 496
496 688
688 554
554 590
590 262
262 658
658 168
168 439
439 181
181 617
617 666
666 449
449 529
529 566
566 546
546 222
222 684
684 120
120 343
343 105
105 408
408 282
282 299
299 40
40 445
445 247
247 436
436 5
5 468
468 397
397 119
119 421
421 307
307 582
582 354
354 636
636 462
462 358
358 320
320 535
535 234
234 371
371 604
604 425
425 123
123 360
360 654
654 434
434 538
538 622
622 35
35 442
442 553
553 481
481 623
623 608
608 175
175 26
26 309
309 100
100 400
400 22
22 257
257 567
567 107
107 295
295 67
67 620
620 259
259 398
398 193
193 324
324 653
653 516
516 329
329 435
435 231
231 158
158 283
283 386
386 112
112 673
673 621
621 151
151 23
23 187
187 197
197 49
49 416
416 489
489 86
86 705
705 448
448 619
619 55
55 547
547 403
403 504
504 444
444 563
563 556
556 208
208 241
241 396
396 45
45 404
404 118
118 675
675 60
60 541
541 461
461 142
142 696
696 387
387 327
327 272
272 42
42 418
418 214
214 614
614 311
311 477
477 249
249 43
43 409
409 128
128 17
17 648
648 207
207 452
452 564
564 227
227 375
375 224
224 275
275 70
70 277
277 56
56 499
499 162
162 289
289 645
645 402
402 9
9 349
349 59
59 313
313 506
506 179
179 106
106 557
557 88
88 631
631 192
192 215
215 652
652 505
505 54
54 555
555 94
94 210
210 525
525 480
480 465
465 95
95 580
580 536
536 562
562 159
159 172
172 637
637 447
447 700
700 116
116 423
423 440
440 50
50 603
603 401
401 431
431 364
364 551
551 426
426 428
428 333
333 306
306 145
145 429
429 527
527 610
610 513
513 198
198 706
706 351
351 127
127 503
503 140
140 611
611 302
302 251
251 273
273 64
64 279
279 643
643 37
37 550
550 146
146 62
62 383
383 641
641 656
656 663
663 534
534 319
319 517
517 616
616 205
205 212
212 220
220 639
639 446
446 493
493 592
592 344
344 626
626 303
303 586
586 594
594 356
356 591
591 391
391 466
466 410
410 11
11 686
686 301
301 69
69 441
441 124
124 430
430 708
708 598
598 80
80 137
137 341
341 701
701 131
131 161
161 290
290 515
515 268
268 501
501 561
561 699
699 213
213 661
661 413
413 15
15 483
483 642
642 379
379 475
475 502
502 646
646 76
380 52
583 56
289 124
692 100
240 310
157 632
607 508
152 709
26 644
233 683
171 605
258 162
125 36
50 140
709 36
530 659
550 385
424 423
31 190
373 120
449 442
248 29
662 231
568 215
616 512
662 365
261 6
410 97
34 110
560 32
661 597
83 288
301 699
656 473
152 357
584 267
189 700
474 360
104 556
500 345
478 375
342 646
121 152
669 638
425 450
691 70
91 585
17 232
626 565
308 259
460 34
423 560
623 595
16 698
579 355
553 67
512 393
356 449
442 2
315 55
33 648
473 256
363 12
179 266
208 241
474 26
675 671
566 609
664 565
125 84
527 515
657 383
305 678
212 168
119 573
281 94
629 405
551 271
429 61
12 525
609 241
92 52
389 76
558 144
412 20
381 213
15 275
272 243
597 406
127 292
608 347
339 27
688 45
155 236
293 655
24 267
214 542
459 33
84 470
225 111
299 626
485 589
431 318
168 671
275 263
353 316
374 16
589 317
437 104
472 682
557 88
454 35
350 442
497 602
392 339
646 350
164 174
126 303
46 708
387 628
343 542
419 114
117 6
570 208
138 491
495 117
600 623
565 279
424 543
261 369
268 445
232 656
353 88
546 139
549 423
338 391
636 423
526 336
314 391
34 215
124 246
198 295
33 580
111 436
566 41
280 320
72 159
678 580
38 349
501 172
260 627
539 125
534 213
93 354
455 88
386 434
334 245
160 701
528 125
554 486
380 329
269 386
390 45
515 539
492 616
633 128
665 490
274 202
249 296
643 33
660 328
285 53
76 399
353 550
248 451
546 155
177 625
506 675
190 617
157 496
329 243
124 579
709 326
327 595
420 618
6 46
53 292
137 219
462 27
113 356
687 487
500 201
383 650
532 257
311 582
119 208
284 665
314 28
90 153
558 558
192 525
439 377
686 461
50 338
629 18
347 40
28 707
430 680
390 26
326 37
438 318
77 272
137 303
406 626
233 42
685 41
1 661
89 533
69 588
33 486
490 31
603 215
296 594
362 83
439 110
401 415
155 477
623 97
693 225
671 605
29 382
301 396
637 130
155 555
371 59
239 249
33 219
456 542
511 193
491 429
629 266
288 448
105 464
170 646
379 679
146 586
198 523
374 6
222 656
529 219
688 350
669 120
437 569
372 241
441 111
285 249
619 348
6 66
695 466
219 542
625 323
531 324
429 605
226 203
385 511
94 622
550 28
487 364
525 275
101 356
696 633
593 176
35 205
411 436
196 472
20 485
403 545
91 296
47 100
674 253
419 657
344 564
260 400
297 102
426 258
304 547
659 595
538 380
207 133
384 602
143 383
664 670
650 395
455 604
181 428
132 542
617 537
600 620
500 191
4 591
217 693
100 130
512 554
100 617
199 181
149 695
139 12
35 90
24 507
59 530
163 703
291 597
250 606
649 179
577 65
649 367
230 415
275 689
216 513
607 286
387 298
127 559
219 628
651 21
267 380
355 567
705 618
646 679
488 657
512 416
584 237
207 64
59 89
253 262
97 239
37 472
231 117
413 10
435 496
356 402
162 53
59 46
549 429
417 187
0 559
660 169
575 29
614 498
233 326
469 396
344 359
636 9
36 249
97 546
632 653
307 592
324 364
20 690
196 451
638 231
498 621
708 402
652 702
183 110
235 342
439 595
684 595
590 258
90 544
29 615
153 224
644 208
363 302
431 156
289 190
281 607
305 679
324 572
28 626
1 586
203 146
99 544
408 552
374 307
103 326
326 143
612 113
682 365
119 555
433 655
278 122
507 240
57 695
385 652
418 700
488 502
181 86
307 323
539 166
71 603
326 274
466 400
587 636
280 333
558 187
566 281
609 442
322 193
227 419
240 290
155 505
555 83
334 324
239 590
525 696
373 218
197 271
110 468
237 86
688 324
623 628
431 338
210 67
240 521
76 534
309 72
591 39
466 463
264 3
218 440
391 252
227 10
698 360
553 438
229 546
32 694
572 424
72 588
330 348
258 424
318 532
463 108
126 31
702 644
259 192
55 462
648 370
209 695
611 420
540 578
278 164
617 352
420 546
609 310
501 603
557 667
310 488
275 69
185 565
14 519
24 34
430 165
697 523
674 52
65 100
638 228
254 612
422 179
498 507
141 203
442 671
686 520
170 685
452 433
652 122
93 649
474 459
355 341
135 171
555 474
480 434
295 182
256 349
604 660
505 690
243 638
614 552
421 342
598 688
408 472
188 488
17 504
482 564
5 579
660 264
643 94
320 6
234 521
16 503
357 686
195 42
302 355
25 140
338 347
333 555
240 415
116 407
195 179
497 492
32 11
307 314
454 347
461 619
287 345
702 652
704 172
608 703
378 87
659 684
401 493
389 76
302 48
472 430
547 469
277 573
171 544
394 338
174 138
293 331
296 399
143 490
54 687
638 367
496 664
224 617
600 636
643 589
68 147
115 429
680 9
7 609
22 602
439 401
287 105
599 99
109 164
159 299
187 610
93 492
459 506
246 667
136 265
88 585
338 222
186 633
636 140
424 16
280 479
693 245
241 661
83 52
102 700
37 313
330 138
585 286
645 48
507 239
322 112
276 491
413 375
203 269
68 406
9 275
501 67
628 563
179 176
225 16
443 659
448 292
670 655
622 591
56 92
222 154
545 4
190 368
99 345
225 660
356 97
283 296
55 90
318 524
706 588
265 460
703 264
442 518
216 408
211 556
560 655
370 512
528 587
694 178
665 286
504 503
455 228
102 671
222 299
14 709
38 458
513 593
25 590
433 438
634 223
355 238
87 383
101 653
434 377
8 15
13 89
500 74
701 632
272 429
30 415
666 198
199 177
608 565
707 170
701 613
162 574
701 169
130 495
103 44
635 189
284 54
7 668
262 143
267 522
191 271
543 604
241 671
353 101
382 119
105 140
24 655
60 439
477 526
566 405
356 54
456 533
239 151
507 316
628 335
322 356
442 350
304 295
76 136
540 72
326 489
284 270
215 646
187 493
542 184
388 672
331 206
579 318
544 66
145 174
571 332
437 255
552 133
77 483
58 554
44 556
464 506
621 620
355 48
186 328
229 27
356 630
696 80
8 523
437 534
677 184
574 503
552 83
237 392
232 705
703 226
235 471
683 287
535 281
15 410
164 102
224 262
27 56
114 706
335 190
109 651
75 403
530 343
118 617
481 441
281 367
574 434
296 483
374 701
113 516
658 5
194 305
154 540
286 472
345 137
185 358
385 244
236 436
57 462
186 53
702 29
30 456
520 687
622 537
240 260
232 614
37 85
372 238
474 630
238 118
637 117
57 68
670 446
316 334
624 578
25 514
90 113
13 415
62 242
286 4
551 563
521 333
97 230
13 188
49 282
376 25
51 25
371 520
217 678
355 535
353 556
89 226
506 214
635 648
308 153
629 618
69 409
327 19
137 319
608 368
231 468
58 305
164 101
328 506
590 309
195 203
320 272
202 346
234 619
310 356
3 227
281 675
463 532
29 521
689 473
73 405
288 479
329 2
664 278
564 44
224 330
90 172
534 25
691 214
551 367
568 379
706 306
195 598
637 378
694 235
471 100
213 553
457 690
639 577
285 211
646 514
605 349
33 658
334 516
11 592
617 350
344 253
53 208
374 686
502 552
463 160
345 398
616 261
373 14
164 108
662 672
559 19
518 234
427 539
482 252
259 418
55 201
337 379
76 275
305 454
704 56
186 211
519 328
614 295
496 683
541 466
482 377
551 643
164 290
507 352
218 243
365 642
403 102
345 225
478 193
503 324
267 525
549 665
559 291
312 375
286 328
644 437
327 33
324 39
701 266
641 50
683 270
165 692
571 354
270 310
683 659
364 237
73 196
578 35
455 288
172 339
378 304
395 626
273 374
505 651
330 314
300 283
257 560
542 477
128 14
445 222
47 148
550 568
658 112
468 278
94 680
316 60
602 598
538 174
259 598
517 128
18 306
473 29
615 648
23 208
103 630
186 573
223 314
311 622
424 696
111 140
556 595
218 96
185 221
196 447
516 114
92 71
163 37
142 120
492 348
213 456
414 523
423 342
28 271
87 574
492 495
275 23
50 481
28 105
646 27
377 593
416 379
288 629
296 55
108 408
549 570
180 589
442 238
381 343
334 505
374 701
344 366
43 52
277 132
650 119
107 73
159 353
604 197
527 578
263 618
586 419
105 416
514 152
294 553
597 321
482 320
355 611
211 136
163 230
648 508
565 491
141 251
372 549
74 312
8 311
674 473
200 223
196 141
644 466
249 567
535 68
566 243
683 46
156 412
203 644
649 489
254 97
103 519
161 365
342 30
597 406
281 525
67 675
331 510
388 512
603 354
693 528
546 6
220 415
77 428
530 70
485 594
109 513
73 405
27 346
549 477
411 386
464 361
224 204
56 261
133 218
117 414
264 597
77 311
670 605
337 349
195 485
569 689
665 84
498 287
471 115
613 144
658 503
495 65
208 499
255 353
639 72
23 676
363 206
476 643
72 483
647 214
422 390
410 666
286 441
679 163
684 108
69 194
538 54
303 65
331 409
576 453
466 207
400 166
653 174
289 478
154 160
520 159
166 108
116 492
383 417
308 526
691 282
96 262
323 180
87 678
617 257
657 206
609 323
215 100
662 256
567 132
323 73
312 687
531 400
170 356
85 215
451 542
667 594
140 514
393 475
660 25
486 592
194 551
644 175
534 160
344 604
539 538
138 706
645 677
686 681
399 466
7 397
297 287
599 431
637 52
609 327
214 560
24 620
701 640
3 80
267 89
224 554
139 573
376 129
400 12
266 629
360 623
208 201
663 40
544 482
457 637
579 175
454 529
373 74
365 249
173 602
342 403
340 275
418 616
570 274
652 473
601 137
411 202
190 167
157 202
119 474
293 681
333 215
397 362
92 211
282 365
197 362
491 11
640 117
136 224
279 625
421 434
85 142
451 525
103 294
564 540
704 395
43 668
542 335
570 500
522 408
500 75
492 406
469 594
555 122
437 122
368 322
353 347
489 100
93 515
454 142
646 396
248 47
233 456
210 434
631 575
413 301
176 662
466 356
659 671
141 27
613 265
655 278
300 565
383 207
86 469
648 527
78 344
527 553
338 63
650 374
256 5
590 522
545 57
302 167
419 610
66 588
669 129
134 402
352 201
347 577
210 690
490 13
171 262
1 599
466 654
356 679
629 376
640 20
12 110
515 14
133 602
360 24
554 681
246 155
239 448
435 219
67 166
234 430
622 196
660 699
539 528
128 475
523 280
42 89
351 692
10 657
480 539
323 613
99 393
529 553
152 422
625 252
93 395
384 250
320 268
456 369
461 705
181 251
597 666
324 659
571 97
206 157
387 490
562 56
442 121
339 285
675 680
95 596
436 93
167 344
315 470
646 107
262 488
54 555
586 653
416 618
293 535
493 402
229 566
437 150
542 130
574 555
619 205
699 487
409 612
618 354
550 633
312 446
65 314
510 619
310 425
648 509
697 414
699 321
437 5
194 687
534 683
266 653
174 639
218 80
211 467
221 91
689 672
267 253
361 515
459 332
501 223
625 393
78 702
191 589
11 623
486 92
163 83
498 492
114 695
422 13
172 8
689 152
223 419
408 361
618 317
142 119
372 693
340 376
311 307
161 401
373 231
261 709
179 27
404 442
126 5
245 550
562 168
334 658
547 574
252 571
21 14
613 600
245 636
425 454
134 390
524 102
350 162
298 587
314 406
545 464
45 398
567 48
48 505
514 419
124 278
398 383
34 473
490 162
7 400
33 652
188 339
524 516
14 457
112 650
127 267
200 395
554 170
581 501
151 606
346 667
350 615
445 506
139 603
145 391
389 625
362 266
666 639
475 34
341 655
143 66
418 198
492 75
579 526
437 178
460 0
441 75
670 596
388 649
463 153
474 657
415 491
400 72
204 98
623 300
508 11
180 225
322 611
543 580
673 494
81 84
508 183
489 388
560 598
261 250
482 256
30 529
169 64
226 244
660 656
696 621
293 545
71 557
167 186
225 627
400 204
144 627
309 30
179 477
239 340
301 386
691 525
115 475
277 424
281 348
286 620
499 543
656 197
624 247
55 77
308 10
460 167
351 533
326 428
380 553
92 406
594 142
222 132
172 261
389 54
622 474
171 456
290 339
352 223
522 321
223 643
35 362
26 184
237 436
126 498
50 538
600 456
520 127
195 322
63 407
344 587
105 350
216 237
58 535
95 505
210 625
575 567
326 143
700 154
279 173
136 539
98 560
573 700
484 494
684 325
161 89
467 148
62 335
99 261
24 542
353 160
398 4
102 464
374 155
368 214
486 398
474 690
684 641
39 124
120 292
468 272
88 33
198 388
673 673
168 176
619 275
144 605
190 535
637 464
453 229
255 44
377 95
643 613
542 262
676 465
445 693
343 600
216 424
533 432
463 421
658 234
291 630
243 455
197 384
223 519
234 33
197 613
589 265
442 190
213 38
90 429
70 14
213 654
650 545
147 687
137 53
386 698
411 559
548 284
692 183
476 649
659 276
382 559
267 332
646 153
468 257
224 648
540 140
600 555
697 120
401 191
417 11
45 541
138 397
20 344
529 609
699 654
436 194
692 700
379 70
445 644
117 126
537 398
422 184
267 663
345 467
609 414
660 618
359 255
340 552
292 597
93 16
476 179
206 201
230 629
594 176
128 512
267 181
306 88
584 99
395 1
263 532
514 464
655 203
484 111
412 408
376 709
458 438
333 475
621 560
398 388
432 345
121 276
254 452
218 192
172 182
249 629
356 679
507 598
566 593
218 538
605 25
585 116
58 183
482 410
655 596
263 181
277 329
634 390
43 96
202 165
609 242
20 211
599 613
706 601
173 164
173 394
486 148
370 629
92 22
460 28
341 490
462 454
291 215
146 71
135 132
530 523
371 656
304 136
116 168
435 199
584 269
635 674
146 695
475 182
365 378
104 550
674 140
627 696
251 0
255 62
562 682
124 559
62 308
655 167
184 225
364 235
668 192
376 527
521 530
374 250
433 520
253 279
21 395
235 667
121 23
62 144
48 41
319 563
477 195
545 74
295 553
313 467
466 81
598 173
655 656
579 156
422 31
199 380
391 4
689 545
66 293
438 495
140 338
418 291
103 138
370 168
47 9
677 691
127 438
240 404
445 123
204 221
378 511
21 393
321 326
586 9
231 607
347 325
224 4
552 614
18 591
579 452
366 511
585 502
592 304
124 218
176 523
556 58
28 173
553 427
141 310
405 598
504 389
483 644
525 184
327 631
451 383
675 257
89 2
111 479
431 466
186 545
664 129
450 683
590 464
157 701
17 680
582 349
591 168
229 90
668 35
299 472
217 512
118 460
365 298
679 452
291 503
521 41
52 70
338 596
456 74
420 406
308 350
27 503
310 34
636 361
499 345
332 247
549 561
604 595
579 333
207 7
659 597
254 527
344 219
689 109
441 74
59 641
549 567
432 9
150 499
156 465
458 678
246 185
648 398
232 569
7 532
182 395
37 34
361 79
243 452
500 336
50 316
548 347
507 62
374 186
520 535
300 473
5 79
381 518
282 296
640 141
391 306
536 494
377 138
651 643
588 571
618 599
489 448
330 76
362 611
578 508
554 665
135 103
349 275
156 687
549 387
597 122
619 154
92 360
336 561
360 337
690 662
703 166
36 441
98 169
147 208
653 654
322 103
26 167
441 488
281 671
137 393
510 97
104 424
150 230
567 526
158 701
707 418
141 200
400 507
302 175
82 363
243 328
420 650
171 189
36 215
251 504
134 118
343 559
136 302
267 56
443 165
330 664
69 231
380 122
485 311
448 99
530 639
234 183
165 305
695 668
401 467
547 213
704 168
584 427
493 100
298 151
198 692
352 548
244 438
534 259
278 261
468 227
611 144
246 109
15 166
330 510
677 709
604 346
179 428
431 33
175 491
510 308
349 668
265 142
80 204
308 642
417 356
564 431
360 42
376 584
382 316
299 653
415 688
301 673
639 547
505 119
321 95
141 368
177 544
460 168
41 151
452 464
561 341
507 695
162 629
675 624
67 544
213 606
324 645
84 464
614 532
139 106
72 465
346 487
315 180
681 385
528 682
294 75
331 371
310 575
314 254
298 624
83 248
171 500
483 621
527 453
617 556
451 473
233 312
516 360
126 328
526 354
489 55
579 654
408 299
402 582
236 4
140 145
458 383
114 501
582 310
65 485
642 478
316 468
178 336
596 127
290 253
511 374
165 570
75 242
317 535
125 35
151 489
40 600
393 191
351 121
333 275
141 160
550 357
416 606
427 475
337 122
639 599
61 55
534 374
215 456
325 214
337 443
75 659
194 510
606 315
560 546
345 694
157 146
285 235
30 300
351 334
34 443
324 367
327 537
110 417
315 34
199 107
238 463
545 30
398 512
182 656
271 77
96 396
152 414
572 452
18 86
578 38
254 463
540 669
43 632
250 158
614 577
88 135
225 192
242 281
228 479
613 212
638 396
451 585
565 683
181 600
162 261
482 519
444 679
327 140
195 414
435 67
595 262
326 191
5 301
66 45
440 398
186 531
185 635
503 193
27 239
401 64
110 55
222 14
281 551
638 173
324 240
519 146
445 297
211 21
250 190
230 708
392 601
459 578
43 176
258 612
138 103
416 284
497 173
455 662
276 413
524 488
509 600
678 672
290 334
612 621
241 370
216 554
124 15
330 369
527 336
669 643
225 246
514 211
700 65
208 73
626 128
430 658
264 670
184 50
37 128
484 76
287 580
349 416
245 479
235 206
382 646
185 60
248 112
572 94
475 151
196 565
440 337
229 179
268 673
508 178
532 60
391 638
442 188
149 167
529 378
513 106
84 342
580 105
701 646
359 187
3 645
434 333
38 14
133 207
133 337
406 40
370 169
520 474
478 342
486 306
385 140
491 558
556 638
363 17
184 0
522 608
35 166
104 689
114 364
485 643
338 142
88 426
81 547
659 554
90 595
684 329
597 658
624 88
11 481
425 380
451 370
698 433
622 433
601 59
588 271
19 649
580 440
514 45
158 535
518 534
376 490
12 66
276 399
256 682
14 287
507 669
545 582
14 113
637 641
165 216
197 437
234 601
632 265
343 127
347 167
366 179
322 324
43 257
316 463
401 618
47 355
92 549
618 94
570 174
128 317
529 469
305 388
557 436
121 255
557 45
655 573
36 280
598 631
48 701
284 469
546 691
13 515
8 370
552 612
19 375
92 44
600 232
491 693
527 203
288 65
532 301
243 28
271 306
358 432
693 428
370 486
506 448
502 345
324 541
201 567
381 512
652 65
244 105
123 322
663 45
619 191
586 320
223 599
326 360
423 599
196 587
159 450
340 89
405 393
669 567
279 150
92 108
356 28
215 4
480 394
148 660
276 102
436 231
124 176
428 54
8 94
509 343
635 35
503 121
60 272
584 696
172 424
570 216
406 12
170 309
94 114
216 235
570 139
210 458
434 104
53 706
632 457
507 432
17 677
130 449
425 196
551 161
613 528
247 299
74 164
286 680
329 49
84 537
397 251
220 498
614 99
492 233
209 363
591 276
465 15
328 130
576 151
330 72
47 165
694 269
351 140
147 552
327 592
306 685
644 221
330 546
115 635
264 339
187 163
252 295
342 34
331 313
23 658
88 410
234 66
628 40
708 24
416 622
423 76
100 381
614 404
627 371
233 663
575 689
500 576
206 207
137 201
12 539
358 83
510 487
482 516
661 367
419 458
105 325
179 615
142 566
511 590
295 500
221 441
57 681
19 489
645 461
588 146
521 50
683 628
550 332
169 661
586 640
614 536
231 335
33 278
600 90
326 708
121 233
13 324
459 707
633 244
572 479
157 419
418 121
584 623
54 107
390 107
232 7
390 341
4 214
91 12
62 590
307 285
119 38
573 521
178 372
612 109
260 451
163 272
559 54
663 424
150 157
648 332
45 492
5 610
130 634
633 519
592 566
289 466
73 121
549 581
399 67
113 182
557 400
478 557
658 425
218 205
65 40
107 64
651 1
638 198
558 229
210 366
307 481
389 520
310 659
211 61
503 442
605 389
576 371
423 283
362 695
117 213
248 48
57 151
231 399
205 71
439 373
517 171
38 574
322 499
218 201
651 258
97 677
227 480
628 381
246 22
604 123
430 258
257 222
185 376
251 245
216 300
637 525
598 190
112 33
561 516
156 5
76 525
274 432
210 694
69 532
229 375
334 72
673 626
456 200
609 621
189 398
260 423
406 282
88 10
110 699
629 31
422 81
300 315
115 392
49 623
348 78
393 519
37 232
445 237
27 440
692 560
415 485
126 13
80 118
389 179
473 55
51 242
623 176
596 209
432 457
312 649
302 298
117 680
120 558
187 511
697 704
386 462
553 303
359 694
328 257
678 121
74 626
179 175
283 290
526 351
344 682
22 245
497 700
309 350
560 109
504 262
638 452
193 650
353 42
591 477
248 12
374 514
571 129
191 217
17 369
465 642
16 450
7 533
323 375
592 91
693 54
669 299
138 115
356 265
525 594
344 611
66 196
357 79
105 243
686 201
309 263
270 343
484 612
109 282
256 485
282 496
553 60
387 79
179 584
170 515
230 415
545 632
592 375
501 43
327 29
574 687
347 390
535 677
339 197
509 289
135 288
598 592
409 217
456 254
192 246
251 380
73 421
403 231
506 109
481 5
481 545
289 694
261 508
415 473
281 648
66 71
480 487
635 541
489 363
447 66
359 98
27 100
693 664
480 162
566 1
688 152
521 252
644 346
566 598
506 616
321 21
330 588
635 221
185 189
403 656
427 183
700 105
72 411
609 399
497 618
404 521
402 162
694 134
335 145
441 157
531 290
639 399
493 287
91 541
80 595
630 531
50 102
279 648
368 616
482 433
611 593
587 99
224 377
376 508
122 471
92 415
334 413
160 466
406 370
530 338
113 623
326 159
20 629
673 262
532 703
56 488
202 709
502 137
322 663
152 526
460 302
103 157
326 266
239 370
431 500
279 263
22 531
138 248
63 142
702 433
569 650
379 233
519 592
471 286
203 652
158 438
208 177
318 134
670 282
137 321
432 178
602 114
112 361
384 602
174 226
23 613
452 149
80 627
23 356
396 513
23 363
652 497
300 608
149 633
652 138
257 228
96 124
484 501
44 585
517 416
430 282
188 89
371 134
500 421
666 561
209 241
702 34
144 386
579 303
181 592
530 81
702 411
511 83
222 236
597 46
492 616
157 178
291 354
683 132
309 304
398 436
14 440
342 57
68 584
150 14
372 41
423 407
182 610
392 361
473 405
588 387
38 236
166 274
160 103
122 387
292 559
253 659
298 370
278 171
215 94
46 676
48 284
523 1
545 575
600 52
491 333
619 492
698 260
618 106
299 86
168 322
315 86
505 278
592 135
446 192
691 541
294 368
74 361
554 449
659 488
454 52
190 473
266 518
659 230
530 217
133 394
529 466
412 271
490 354
391 44
318 402
679 163
483 666
250 381
697 439
96 524
642 294
156 280
686 662
186 560
680 599
385 246
149 586
590 17
465 329
602 582
397 335
255 676
99 39
171 211
206 171
670 524
624 462
463 578
605 302
90 403
647 105
281 599
320 165
340 489
321 615
157 208
293 144
218 607
390 602
602 226
385 647
448 359
524 468
635 402
366 204
100 140
115 20
230 225
261 593
185 245
502 49
176 598
633 603
586 508
277 322
215 339
332 224
625 75
644 324
197 504
680 418
496 149
337 461
546 80
53 72
10 282
653 550
366 408
663 635
299 423
256 205
108 683
374 669
25 532
93 628
28 123
309 195
145 172
497 539
330 557
375 240
403 393
125 603
626 104
279 446
515 416
590 110
415 540
422 89
374 95
381 255
368 148
82 104
183 435
218 429
258 476
46 148
289 87
379 466
527 364
562 310
572 502
288 267
508 601
544 479
523 113
89 597
661 494
317 536
80 385
424 157
672 18
296 391
137 561
647 638
162 390
327 129
242 151
415 38
264 440
134 196
440 333
353 486
630 80
666 448
497 625
185 99
108 331
584 533
488 586
18 547
475 5
285 219
513 266
224 335
522 131
568 487
21 293
694 296
569 525
96 264
497 555
527 324
125 312
468 53
633 8
513 616
703 444
254 429
63 349
440 663
12 477
451 406
44 7
81 259
398 509
196 319
76 660
78 202
464 502
16 471
476 694
135 352
440 43
516 379
254 206
214 422
591 197
686 183
621 362
425 364
623 58
423 333
151 57
191 103
410 83
145 538
251 234
546 190
268 126
609 638
350 613
189 243
284 583
367 668
494 121
603 642
27 197
226 636
272 179
153 537
108 100
333 351
201 205
167 359
678 428
452 647
339 112
90 101
578 321
80 276
230 703
389 174
129 600
683 596
634 494
30 256
373 143
203 689
398 691
692 545
333 231
666 36
387 689
631 31
22 121
343 111
297 189
540 419
611 117
133 152
298 85
699 17
414 24
117 197
495 161
2 132
358 324
231 113
200 106
493 228
316 113
258 643
386 340
581 50
152 503
447 555
488 382
555 671
309 575
486 126
326 523
263 378
329 103
226 244
706 54
387 60
187 419
97 91
66 231
211 368
617 514
602 374
119 706
317 127
216 616
452 279
352 646
307 381
191 13
339 276
538 507
520 518
8 192
107 330
696 519
439 368
118 192
56 596
529 540
196 428
465 446
437 547
639 121
615 341
687 244
527 483
318 295
452 515
414 404
429 229
641 69
271 344
698 19
548 515
490 456
397 654
393 41
328 39
195 446
591 220
226 121
615 545
120 422
90 140
618 275
52 20
218 551
373 100
652 458
253 432
143 315
135 173
585 12
638 147
133 476
53 19
309 210