800
3999
0,
1,
2,
3,
4,
5,
6,
7,
8,
9,
10,
11,
12,
13,
14,
15,
16,
17,
18,
19,
20,
21,
22,
23,
24,
25,
26,
27,
28,
29,
30,
31,
32,
33,
34,
35,
36,
37,
38,
39,
40,
41,
42,
43,
44,
45,
46,
47,
48,
49,
50,
51,
52,
53,
54,
55,
56,
57,
58,
59,
60,
61,
62,
63,
64,
65,
66,
67,
68,
69,
70,
71,
72,
73,
74,
75,
76,
77,
78,
79,
80,
81,
82,
83,
84,
85,
86,
87,
88,
89,
90,
91,
92,
93,
94,
95,
96,
97,
98,
99,
100,
101,
102,
103,
104,
105,
106,
107,
108,
109,
110,
111,
112,
113,
114,
115,
116,
117,
118,
119,
120,
121,
122,
123,
124,
125,
126,
127,
128,
129,
130,
131,
132,
133,
134,
135,
136,
137,
138,
139,
140,
141,
142,
143,
144,
145,
146,
147,
148,
149,
150,
151,
152,
153,
154,
155,
156,
157,
158,
159,
160,
161,
162,
163,
164,
165,
166,
167,
168,
169,
170,
171,
172,
173,
174,
175,
176,
177,
178,
179,
180,
181,
182,
183,
184,
185,
186,
187,
188,
189,
190,
191,
192,
193,
194,
195,
196,
197,
198,
199,
200,
201,
202,
203,
204,
205,
206,
207,
208,
209,
210,
211,
212,
213,
214,
215,
216,
217,
218,
219,
220,
221,
222,
223,
224,
225,
226,
227,
228,
229,
230,
231,
232,
233,
234,
235,
236,
237,
238,
239,
240,
241,
242,
243,
244,
245,
246,
247,
248,
249,
250,
251,
252,
253,
254,
255,
256,
257,
258,
259,
260,
261,
262,
263,
264,
265,
266,
267,
268,
269,
270,
271,
272,
273,
274,
275,
276,
277,
278,
279,
280,
281,
282,
283,
284,
285,
286,
287,
288,
289,
290,
291,
292,
293,
294,
295,
296,
297,
298,
299,
300,
301,
302,
303,
304,
305,
306,
307,
308,
309,
310,
311,
312,
313,
314,
315,
316,
317,
318,
319,
320,
321,
322,
323,
324,
325,
326,
327,
328,
329,
330,
331,
332,
333,
334,
335,
336,
337,
338,
339,
340,
341,
342,
343,
344,
345,
346,
347,
348,
349,
350,
351,
352,
353,
354,
355,
356,
357,
358,
359,
360,
361,
362,
363,
364,
365,
366,
367,
368,
369,
370,
371,
372,
373,
374,
375,
376,
377,
378,
379,
380,
381,
382,
383,
384,
385,
386,
387,
388,
389,
390,
391,
392,
393,
394,
395,
396,
397,
398,
399,
400,
401,
402,
403,
404,
405,
406,
407,
408,
409,
410,
411,
412,
413,
414,
415,
416,
417,
418,
419,
420,
421,
422,
423,
424,
425,
426,
427,
428,
429,
430,
431,
432,
433,
434,
435,
436,
437,
438,
439,
440,
441,
442,
443,
444,
445,
446,
447,
448,
449,
450,
451,
452,
453,
454,
455,
456,
457,
458,
459,
460,
461,
462,
463,
464,
465,
466,
467,
468,
469,
470,
471,
472,
473,
474,
475,
476,
477,
478,
479,
480,
481,
482,
483,
484,
485,
486,
487,
488,
489,
490,
491,
492,
493,
494,
495,
496,
497,
498,
499,
500,
501,
502,
503,
504,
505,
506,
507,
508,
509,
510,
511,
512,
513,
514,
515,
516,
517,
518,
519,
520,
521,
522,
523,
524,
525,
526,
527,
528,
529,
530,
531,
532,
533,
534,
535,
536,
537,
538,
539,
540,
541,
542,
543,
544,
545,
546,
547,
548,
549,
550,
551,
552,
553,
554,
555,
556,
557,
558,
559,
560,
561,
562,
563,
564,
565,
566,
567,
568,
569,
570,
571,
572,
573,
574,
575,
576,
577,
578,
579,
580,
581,
582,
583,
584,
585,
586,
587,
588,
589,
590,
591,
592,
593,
594,
595,
596,
597,
598,
599,
600,
601,
602,
603,
604,
605,
606,
607,
608,
609,
610,
611,
612,
613,
614,
615,
616,
617,
618,
619,
620,
621,
622,
623,
624,
625,
626,
627,
628,
629,
630,
631,
632,
633,
634,
635,
636,
637,
638,
639,
640,
641,
642,
643,
644,
645,
646,
647,
648,
649,
650,
651,
652,
653,
654,
655,
656,
657,
658,
659,
660,
661,
662,
663,
664,
665,
666,
667,
668,
669,
670,
671,
672,
673,
674,
675,
676,
677,
678,
679,
680,
681,
682,
683,
684,
685,
686,
687,
688,
689,
690,
691,
692,
693,
694,
695,
696,
697,
698,
699,
700,
701,
702,
703,
704,
705,
706,
707,
708,
709,
710,
711,
712,
713,
714,
715,
716,
717,
718,
719,
720,
721,
722,
723,
724,
725,
726,
727,
728,
729,
730,
731,
732,
733,
734,
735,
736,
737,
738,
739,
740,
741,
742,
743,
744,
745,
746,
747,
748,
749,
750,
751,
752,
753,
754,
755,
756,
757,
758,
759,
760,
761,
762,
763,
764,
765,
766,
767,
768,
769,
770,
771,
772,
773,
774,
775,
776,
777,
778,
779,
780,
781,
782,
783,
784,
785,
786,
787,
788,
789,
790,
791,
792,
793,
794,
795,
796,
797,
798,
799
288 408
408 358
358 216
216 193
193 710
710 550
550 617
617 771
771 628
628 245
245 503
503 239
239 243
243 650
650 530
530 177
177 155
155 692
692 736
736 691
691 66
66 333
333 579
579 525
525 299
299 181
181 242
242 301
301 713
713 666
666 45
45 119
119 201
201 775
775 241
241 2
2 732
732 511
511 85
85 271
271 183
183 262
262 259
259 705
705 589
589 554
554 261
261 520
520 342
342 225
225 701
701 75
75 637
637 421
421 190
190 95
95 496
496 790
790 374
374 673
673 463
463 103
103 729
729 187
187 669
669 231
231 584
584 44
44 573
573 660
660 132
132 10
10 34
34 293
293 634
634 486
486 365
365 346
346 474
474 139
139 578
578 28
28 475
475 751
751 455
455 752
752 191
191 104
104 294
294 625
625 457
457 123
123 267
267 495
495 644
644 303
303 290
290 619
619 118
118 448
448 355
355 741
741 264
264 354
354 164
164 780
780 774
774 686
686 450
450 53
53 96
96 435
435 740
740 510
510 313
313 331
331 266
266 142
142 105
105 120
120 658
658 71
71 613
613 98
98 279
279 497
497 379
379 739
739 194
194 528
528 309
309 481
481 268
268 99
99 64
64 698
698 178
178 603
603 27
27 594
594 797
797 306
306 468
468 378
378 453
453 55
55 731
731 639
639 760
760 162
162 253
253 291
291 284
284 286
286 256
256 134
134 208
208 167
167 591
591 444
444 84
84 307
307 663
663 646
646 131
131 680
680 15
15 176
176 556
556 215
215 630
630 195
195 593
593 383
383 429
429 482
482 21
21 456
456 395
395 712
712 402
402 547
547 369
369 287
287 592
592 604
604 602
602 492
492 289
289 661
661 277
277 143
143 327
327 606
606 52
52 161
161 737
737 757
757 356
356 676
676 567
567 534
534 485
485 326
326 107
107 785
785 432
432 249
249 574
574 317
317 248
248 772
772 614
614 282
282 147
147 203
203 412
412 552
552 366
366 674
674 398
398 62
62 796
796 130
130 769
769 728
728 418
418 125
125 18
18 458
458 321
321 629
629 536
536 792
792 29
29 364
364 788
788 471
471 411
411 685
685 219
219 427
427 360
360 386
386 521
521 684
684 595
595 558
558 392
392 659
659 126
126 237
237 97
97 668
668 557
557 655
655 273
273 702
702 236
236 504
504 706
706 361
361 484
484 127
127 452
452 292
292 149
149 166
166 311
311 281
281 212
212 513
513 79
79 794
794 688
688 169
169 779
779 49
49 144
144 57
57 778
778 246
246 328
328 230
230 620
620 679
679 263
263 325
325 531
531 31
31 349
349 700
700 82
82 223
223 744
744 14
14 70
70 146
146 682
682 541
541 623
623 347
347 302
302 400
400 59
59 425
425 466
466 423
423 714
714 12
12 153
153 332
332 37
37 297
297 405
405 129
129 339
339 422
422 477
477 615
615 113
113 445
445 413
413 305
305 640
640 74
74 276
276 561
561 587
587 652
652 434
434 88
88 753
753 384
384 436
436 575
575 87
87 651
651 437
437 631
631 211
211 399
399 761
761 524
524 362
362 152
152 597
597 766
766 54
54 501
501 690
690 117
117 762
762 401
401 747
747 160
160 285
285 238
238 419
419 416
416 406
406 654
654 678
678 136
136 83
83 8
8 598
598 318
318 580
580 111
111 16
16 150
150 154
154 363
363 514
514 440
440 791
791 549
549 677
677 590
590 247
247 657
657 258
258 789
789 322
322 491
491 179
179 675
675 214
214 724
724 137
137 526
526 716
716 403
403 633
633 545
545 428
428 206
206 269
269 493
493 600
600 544
544 433
433 337
337 795
795 462
462 777
777 323
323 46
46 391
391 479
479 218
218 115
115 344
344 81
81 340
340 329
329 409
409 738
738 274
274 548
548 224
224 135
135 265
265 730
730 250
250 36
36 649
649 515
515 704
704 750
750 535
535 618
618 324
324 499
499 648
648 73
73 17
17 109
109 715
715 180
180 39
39 172
172 4
4 186
186 683
683 519
519 334
334 101
101 697
697 5
5 387
387 442
442 251
251 555
555 487
487 202
202 373
373 382
382 207
207 581
581 68
68 695
695 270
270 205
205 141
141 407
407 77
77 351
351 786
786 204
204 451
451 257
257 743
743 441
441 607
607 19
19 588
588 551
551 371
371 568
568 341
341 502
502 116
116 564
564 763
763 764
764 100
100 461
461 799
799 148
148 168
168 446
446 472
472 635
635 151
151 718
718 767
767 709
709 608
608 58
58 670
670 260
260 396
396 24
24 272
272 26
26 647
647 192
192 439
439 108
108 23
23 476
476 708
708 725
725 69
69 569
569 570
570 438
438 571
571 609
609 773
773 226
226 343
343 240
240 200
200 721
721 78
78 681
681 209
209 426
426 93
93 368
368 638
638 385
385 431
431 459
459 122
122 40
40 703
703 394
394 443
443 6
6 22
22 582
582 233
233 65
65 483
483 390
390 734
734 756
756 522
522 488
488 314
314 376
376 319
319 745
745 612
612 500
500 121
121 345
345 465
465 170
170 533
533 508
508 672
672 696
696 377
377 505
505 577
577 227
227 532
532 320
320 35
35 586
586 565
565 0
0 67
67 470
470 9
9 759
759 626
626 410
410 782
782 469
469 572
572 621
621 643
643 389
389 478
478 61
61 490
490 616
616 234
234 182
182 539
539 308
308 63
63 749
749 114
114 583
583 641
641 599
599 300
300 217
217 174
174 145
145 296
296 60
60 89
89 140
140 165
165 133
133 92
92 694
694 229
229 33
33 235
235 393
393 38
38 348
348 80
80 185
185 498
498 793
793 518
518 50
50 707
707 295
295 560
560 553
553 159
159 529
529 645
645 357
357 210
210 173
173 755
755 254
254 748
748 642
642 252
252 537
537 781
781 106
106 315
315 596
596 464
464 189
189 56
56 540
540 784
784 94
94 199
199 157
157 770
770 310
310 506
506 601
601 543
543 13
13 330
330 480
480 758
758 110
110 430
430 632
632 51
51 653
653 523
523 1
1 417
417 222
222 283
283 711
711 611
611 138
138 720
720 512
512 507
507 727
727 699
699 228
228 163
163 415
415 566
566 662
662 198
198 32
32 316
316 667
667 420
420 585
585 304
304 11
11 447
447 20
20 719
719 783
783 509
509 726
726 336
336 424
424 86
86 735
735 689
689 671
671 175
175 367
367 156
156 404
404 624
624 188
188 489
489 48
48 91
91 232
232 41
41 184
184 278
278 717
717 494
494 221
221 353
353 42
42 656
656 546
546 563
563 664
664 723
723 280
280 359
359 197
197 397
397 538
538 298
298 754
754 576
576 787
787 517
517 43
43 693
693 627
627 255
255 516
516 171
171 768
768 90
90 375
375 275
275 542
542 47
47 7
7 622
622 220
220 562
562 30
30 388
388 776
776 687
687 372
372 460
460 765
765 733
733 636
636 25
25 350
350 449
449 124
124 527
527 112
112 3
3 312
312 213
213 746
746 559
559 72
72 742
742 352
352 454
454 605
605 467
467 722
722 473
473 370
370 414
414 798
798 76
76 381
381 335
335 665
665 158
158 338
338 102
102 244
244 196
196 380
380 610
610 128
760 726
442 158
625 395
11 354
180 224
548 790
520 653
747 36
512 272
372 171
139 133
245 227
430 339
704 792
77 322
523 448
699 245
134 494
636 75
170 184
770 681
773 15
97 348
473 533
375 695
283 704
476 594
634 728
636 105
180 234
550 665
570 640
334 638
692 732
443 72
688 697
309 738
336 727
625 709
460 613
255 297
305 113
122 131
698 31
95 642
317 311
790 275
5 186
332 611
721 537
493 583
442 238
495 301
242 685
13 371
288 443
171 71
369 529
779 362
736 421
301 418
143 514
642 368
44 378
317 524
321 215
78 797
19 12
584 263
531 441
783 316
37 391
346 456
160 639
78 617
112 282
668 236
142 220
19 243
773 67
477 506
420 174
425 1
146 630
298 673
203 537
144 420
638 721
181 558
57 348
726 159
425 432
296 484
364 758
325 702
509 283
662 777
737 101
618 295
159 605
645 689
297 734
257 716
757 434
584 500
245 768
20 626
654 162
95 230
640 309
174 284
331 787
599 30
496 508
105 498
191 400
93 106
409 526
288 572
409 42
150 339
63 145
585 534
482 483
471 112
677 718
396 529
201 17
329 356
332 395
713 386
178 509
243 779
638 535
107 424
6 635
14 367
650 200
222 644
416 67
665 188
723 545
372 781
441 428
679 749
30 113
426 439
736 384
774 87
606 12
199 197
763 418
264 426
353 471
599 261
348 109
422 331
542 652
213 87
73 352
725 327
324 291
665 545
416 128
312 756
434 354
189 282
751 23
350 80
461 109
686 775
226 348
405 439
99 257
71 257
44 115
56 745
25 95
796 293
659 580
194 173
326 376
267 339
2 783
268 325
331 542
593 366
526 745
635 654
288 328
577 618
739 519
82 693
179 317
31 704
246 323
248 761
406 591
493 434
419 687
107 152
83 525
374 377
279 569
51 221
377 129
122 138
353 296
584 463
323 542
469 69
791 233
254 198
253 742
286 291
186 445
609 294
780 115
643 602
204 250
522 183
52 15
658 749
485 577
659 438
561 184
758 589
555 475
125 240
544 287
259 333
519 445
354 703
191 343
364 213
176 182
664 400
664 770
520 205
539 744
128 356
316 617
352 292
50 151
231 548
163 63
532 122
660 285
709 626
635 551
678 384
443 697
591 249
80 91
506 396
627 256
597 775
198 524
273 117
746 18
636 196
212 778
723 57
508 121
596 81
777 361
451 626
598 354
585 736
305 630
345 27
547 7
498 732
525 737
110 493
413 207
766 578
410 257
213 774
155 713
58 567
675 658
535 356
113 683
704 257
587 468
38 769
121 480
786 54
109 510
284 189
465 627
608 40
107 323
307 587
526 689
331 586
267 635
26 517
4 426
103 391
434 584
671 206
308 476
234 678
713 158
46 481
707 233
413 433
514 372
2 275
653 388
517 133
286 10
24 89
447 756
176 797
623 346
766 714
380 303
589 34
127 512
53 743
93 745
147 615
691 184
391 653
350 498
49 15
433 431
226 748
628 212
291 666
628 499
698 646
774 597
533 273
796 208
509 443
457 372
54 427
10 538
198 444
96 382
741 196
765 217
124 560
720 267
98 395
155 336
358 302
565 226
420 513
755 747
736 102
552 114
589 197
176 85
509 489
362 518
298 565
105 294
571 520
208 9
747 12
504 168
204 655
191 201
509 651
438 619
281 777
769 264
292 79
776 148
486 524
115 732
132 666
55 785
715 187
367 371
275 76
421 114
349 378
423 228
312 69
21 638
761 244
232 61
242 84
709 76
163 333
293 510
458 657
393 739
452 662
731 230
525 532
3 157
458 445
451 263
669 303
32 4
717 57
100 488
38 587
447 411
143 604
256 673
585 133
115 475
312 539
340 292
159 323
17 172
445 702
652 164
494 452
42 602
754 270
484 543
511 125
383 407
700 136
795 559
147 330
666 778
755 18
433 531
211 386
168 102
679 466
19 541
180 572
145 493
237 46
164 722
384 697
17 152
578 573
524 169
312 223
776 486
605 446
295 385
385 417
709 388
572 505
654 782
239 588
339 304
237 537
740 251
79 779
665 501
97 674
511 339
791 491
254 123
559 640
712 268
51 449
709 771
232 744
554 493
174 498
10 40
776 731
510 400
646 498
377 250
215 426
99 454
284 362
715 731
668 433
48 365
207 668
603 476
75 715
372 337
576 282
409 170
190 427
340 519
153 674
319 186
666 148
756 567
759 492
171 414
351 716
688 520
468 205
593 528
743 156
544 106
190 205
204 682
466 493
238 287
201 675
572 751
634 46
774 721
63 147
555 341
277 48
345 619
151 457
702 500
461 695
88 397
599 449
110 404
721 350
225 13
616 555
662 398
162 664
71 533
657 328
729 37
354 667
199 530
687 645
292 157
665 38
56 101
764 480
757 116
384 306
608 481
305 366
470 541
363 65
779 236
384 529
613 544
520 625
797 545
292 366
723 268
425 779
318 244
315 46
449 442
375 687
508 301
768 177
46 173
471 421
347 53
613 761
173 414
712 306
717 501
22 527
772 544
498 372
478 240
773 779
370 759
211 36
248 674
435 493
495 267
493 577
604 537
766 778
648 554
536 268
399 462
572 697
249 577
329 718
330 284
334 288
78 773
303 400
50 768
501 607
574 424
283 766
560 316
337 416
348 574
158 470
557 150
492 80
417 707
137 65
740 96
412 793
799 792
205 215
215 663
150 782
111 692
385 668
792 93
291 185
648 348
554 180
98 669
137 793
745 619
524 350
15 748
21 587
344 75
410 380
100 519
562 598
161 588
440 113
67 221
158 755
202 455
305 306
484 99
437 726
720 795
224 787
239 412
662 184
378 348
672 81
7 753
79 78
327 3
285 700
701 360
563 630
416 556
334 732
208 655
672 228
182 700
528 32
428 515
384 417
554 210
141 736
170 694
669 301
607 282
648 444
713 135
290 693
769 560
583 279
618 106
531 621
657 270
680 78
618 766
431 224
441 346
406 644
323 319
421 582
47 506
493 728
221 574
584 767
673 195
404 111
400 103
25 700
695 700
768 689
161 518
15 608
173 685
53 306
751 775
593 169
257 438
605 333
161 688
94 501
739 320
41 463
360 288
388 356
480 103
316 61
191 59
767 532
41 129
82 355
272 41
617 402
556 437
378 433
435 130
676 446
435 447
169 569
623 562
232 199
222 351
533 443
667 255
101 788
799 613
381 77
511 344
106 364
462 561
630 748
776 336
484 662
195 763
500 14
776 220
397 509
608 259
769 475
577 391
308 240
510 354
230 652
64 269
690 792
461 170
99 441
99 380
200 574
620 194
628 585
248 611
678 441
626 155
56 279
601 163
627 31
517 526
149 750
337 530
270 571
459 156
563 711
559 478
708 652
512 71
51 285
349 143
700 93
465 549
115 305
330 797
461 109
57 251
51 473
122 524
68 419
114 734
170 720
179 74
330 521
288 324
374 478
386 543
724 435
544 590
403 599
213 772
88 586
428 131
782 60
38 28
240 51
568 83
688 299
193 694
95 708
178 134
232 688
665 695
663 439
344 769
576 262
704 627
533 256
723 46
366 427
546 373
696 88
350 617
137 238
524 413
582 639
597 1
186 372
24 357
595 565
504 375
644 58
455 612
577 358
784 500
361 505
597 758
198 61
430 35
114 741
20 708
601 511
614 528
323 552
501 694
358 541
101 51
412 326
543 98
686 679
505 274
601 260
37 786
152 331
35 783
455 545
236 316
761 206
745 293
568 275
637 167
764 92
330 620
752 173
713 580
249 356
426 774
231 758
498 443
124 58
672 608
200 766
709 159
230 305
460 661
660 679
57 590
152 354
653 393
787 75
786 427
485 24
471 7
189 498
342 602
274 477
479 489
170 183
40 175
181 39
493 306
703 138
341 447
480 728
530 223
557 765
2 273
221 364
517 115
355 464
202 732
105 581
628 754
435 208
597 744
784 613
171 375
478 13
164 783
645 318
655 753
453 293
753 143
723 298
619 256
792 747
412 412
418 693
247 152
207 150
647 764
201 548
532 453
545 692
201 409
234 228
532 80
335 24
667 203
733 332
145 36
735 518
612 6
779 341
795 553
540 703
127 88
67 733
565 25
58 246
718 428
535 670
450 59
93 122
411 591
535 546
237 646
74 65
274 492
21 707
308 488
441 711
323 662
614 183
751 552
673 284
199 433
15 432
298 70
63 392
663 304
147 343
142 88
782 501
133 761
793 125
567 455
126 509
770 281
111 41
707 399
240 648
593 363
9 292
478 463
398 94
361 3
611 450
553 753
402 208
457 88
253 47
750 570
486 426
643 246
81 595
90 384
417 444
346 482
369 529
405 635
269 509
478 541
47 617
624 296
28 206
298 535
106 350
790 463
448 400
242 468
386 306
744 658
767 773
577 746
231 435
125 755
67 582
305 303
577 488
49 108
70 503
632 617
14 506
20 261
238 489
643 99
160 278
293 601
275 595
234 382
758 140
762 429
40 239
70 72
164 38
133 305
483 701
529 309
177 389
37 592
587 163
82 527
130 615
501 443
446 146
772 425
216 462
404 765
394 665
419 383
401 728
209 59
280 380
158 31
790 711
757 358
630 195
252 617
17 179
330 304
727 1
278 169
394 598
501 6
124 259
264 665
536 255
294 399
38 109
336 735
567 558
765 621
698 47
766 648
516 474
355 494
592 757
469 441
665 47
732 169
673 354
37 240
427 81
677 546
436 688
192 334
185 240
370 296
309 82
279 439
618 507
227 744
123 106
157 345
469 79
497 178
34 407
218 655
313 410
141 364
278 12
428 24
500 617
519 209
510 110
464 8
115 341
81 357
507 389
660 254
347 249
762 402
791 518
608 590
528 697
236 723
445 338
761 443
290 594
378 775
376 152
22 21
58 336
710 458
577 202
620 232
181 219
653 547
636 240
54 151
187 172
50 696
313 64
105 86
344 459
106 75
608 23
492 459
536 742
639 365
645 701
32 410
108 229
244 520
273 566
528 468
454 498
151 547
273 350
591 480
740 641
726 636
332 646
566 88
648 269
467 636
621 577
557 690
29 282
384 570
389 569
100 715
232 577
540 659
304 82
290 785
124 61
635 186
633 383
337 118
176 648
753 370
774 557
386 657
528 667
235 76
579 421
556 249
391 611
280 583
659 456
570 355
683 752
537 41
799 26
131 152
138 434
312 16
796 444
6 206
389 1
212 251
512 176
370 20
161 380
104 260
201 594
306 390
68 399
230 386
35 607
578 350
744 648
479 330
157 96
439 306
42 312
149 156
760 397
323 418
24 516
151 285
192 342
338 679
661 515
786 335
606 221
106 322
410 380
589 271
457 546
65 516
625 309
423 307
367 388
433 642
703 127
401 629
218 190
468 285
790 737
431 376
244 380
468 209
702 707
236 753
656 60
473 378
62 600
200 77
343 16
548 775
339 473
650 554
135 777
671 499
225 559
164 203
138 770
21 178
405 415
74 548
454 328
144 49
225 427
274 16
668 400
712 794
519 548
62 543
154 225
565 347
287 597
666 454
473 63
417 432
276 297
167 318
57 621
50 389
575 529
253 767
733 197
372 64
461 578
730 465
97 268
667 789
505 400
730 312
528 25
572 592
250 397
119 33
354 513
776 93
792 308
305 442
502 113
201 324
222 712
327 273
680 665
281 507
249 253
147 781
421 52
239 614
107 101
609 31
738 33
65 379
114 342
616 97
276 654
741 557
788 266
165 205
774 319
572 420
364 190
48 267
673 316
485 291
42 233
70 573
711 105
443 585
39 103
297 349
579 263
9 677
631 799
681 700
723 640
366 755
313 475
597 474
755 179
199 647
65 39
609 35
86 168
237 314
264 455
394 463
142 229
10 40
245 344
479 733
545 614
15 380
314 454
550 693
155 518
479 385
208 3
508 104
693 80
364 543
184 786
649 454
144 178
609 681
605 191
509 495
747 784
294 197
666 387
414 626
487 5
251 619
504 449
145 277
90 632
37 385
146 671
442 556
621 49
404 727
443 276
549 641
590 677
405 798
580 329
679 628
446 363
122 357
160 610
421 0
500 28
567 396
418 10
464 43
465 315
408 530
477 0
152 100
157 576
209 470
443 49
583 675
615 408
138 634
626 256
632 769
6 104
483 241
87 596
449 751
255 343
749 491
126 740
277 316
382 520
470 172
387 683
484 366
792 458
598 681
584 706
355 223
412 747
295 374
93 594
153 4
452 17
349 75
640 200
650 3
126 477
537 68
153 80
434 70
1 60
262 768
26 760
229 731
451 518
758 60
59 758
144 185
19 752
561 348
646 701
309 616
731 532
606 486
595 681
435 16
547 527
189 160
440 37
210 606
196 19
101 790
651 761
301 15
706 628
442 450
310 220
790 142
469 416
342 1
668 554
279 2
375 525
617 700
78 480
345 298
283 330
165 635
358 352
768 344
207 140
292 540
638 194
661 601
464 613
650 651
26 542
294 527
492 580
618 318
141 451
538 113
750 373
336 321
350 132
464 205
442 438
786 155
168 502
459 588
689 678
315 277
418 759
285 361
10 276
419 568
181 572
370 418
549 218
101 391
695 85
569 119
171 578
272 755
200 39
679 566
378 685
348 559
117 155
73 516
657 382
278 535
356 213
24 473
54 516
660 22
335 577
65 750
538 397
725 34
461 448
733 258
38 510
641 75
185 110
673 671
265 111
233 2
761 294
573 354
230 174
371 430
655 380
659 765
739 54
272 703
745 404
5 450
785 799
663 346
109 669
117 340
217 245
421 461
608 587
790 241
290 737
720 674
314 354
130 587
242 450
142 147
415 59
796 290
462 541
776 525
333 623
565 475
236 224
369 533
201 434
207 53
491 640
283 358
607 759
19 347
259 51
154 490
364 658
143 277
63 93
333 630
453 344
528 227
422 145
274 710
93 381
393 445
776 771
170 17
4 294
777 424
298 607
14 274
71 626
736 375
417 258
45 335
594 404
102 106
310 490
258 313
369 524
789 739
129 313
666 330
788 413
387 261
99 547
152 4
84 561
583 573
548 125
665 331
748 408
632 484
757 461
770 740
789 32
728 424
469 229
338 228
526 578
151 157
513 532
185 224
125 401
413 325
477 184
142 273
340 39
300 197
633 227
721 645
628 481
653 272
322 243
190 611
463 692
53 632
745 559
126 662
567 338
33 312
523 214
312 653
329 496
481 345
295 293
246 126
762 86
129 353
793 473
637 736
527 457
18 254
734 255
259 385
413 254
407 293
730 199
149 283
790 650
774 782
319 580
399 598
396 629
230 61
616 773
64 318
310 90
190 583
684 237
33 158
170 608
358 374
589 766
319 614
252 323
684 472
411 215
599 385
238 529
737 153
659 145
42 590
309 493
681 594
548 616
499 711
164 717
369 740
617 419
600 376
565 266
74 178
318 777
15 85
776 447
528 652
540 691
732 499
491 654
79 619
717 710
177 713
553 245
310 462
100 542
252 39
721 200
749 727
271 442
183 508
514 779
678 447
305 237
325 146
438 407
597 559
82 751
754 312
606 657
551 480
783 601
134 380
406 107
198 93
106 409
744 237
434 472
353 217
427 155
341 750
210 277
34 324
126 474
762 653
764 540
522 59
526 405
35 652
579 222
205 643
626 383
780 787
437 766
41 287
533 24
108 75
367 364
450 731
288 589
131 711
481 282
328 172
486 578
37 639
249 641
574 291
62 167
763 562
769 142
435 209
440 574
271 547
711 223
313 317
772 239
193 561
120 497
35 509
272 737
154 291
334 559
219 141
754 371
196 642
587 616
177 467
730 216
209 608
21 351
784 543
107 170
538 552
449 317
83 64
266 346
137 472
235 376
604 645
767 703
538 611
693 790
8 134
311 319
534 443
441 616
72 705
401 361
20 473
225 592
595 32
597 620
705 498
644 754
526 189
97 106
796 444
282 593
65 303
519 485
376 411
175 750
633 245
471 591
371 53
633 148
314 233
756 289
411 785
55 24
179 704
315 591
728 497
425 626
694 360
794 26
231 322
666 776
321 609
735 4
159 596
674 781
62 710
124 487
343 31
196 238
164 280
489 367
619 579
607 59
422 43
418 654
765 481
52 749
200 147
64 574
104 692
675 621
627 451
92 416
781 674
587 652
441 15
483 379
233 765
765 726
118 326
429 641
123 306
56 277
486 281
532 329
521 764
393 506
253 173
602 756
377 120
163 66
340 37
579 670
553 415
122 64
732 433
223 390
699 431
203 721
284 337
566 713
661 496
168 761
97 307
87 560
378 38
83 38
645 786
126 66
599 44
637 136
169 147
694 421
644 679
31 254
729 347
115 94
795 256
417 529
480 492
140 269
487 783
195 308
365 510
300 742
391 381
580 27
18 177
724 590
416 39
239 699
578 441
710 167
120 67
721 613
595 556
425 98
278 697
644 40
587 475
558 471
299 214
616 253
280 539
688 671
167 137
682 492
481 480
509 494
127 481
288 778
174 85
292 383
459 710
255 23
623 485
775 330
189 504
220 323
753 292
484 231
410 300
261 577
517 315
690 515
216 748
636 760
710 210
102 526
26 145
461 178
466 690
39 268
214 605
500 459
752 682
779 21
276 565
123 70
35 495
502 586
647 32
158 790
177 124
300 78
97 294
518 766
771 785
757 798
154 275
65 644
566 313
326 292
136 631
375 602
139 138
82 370
331 159
32 331
75 551
798 573
543 111
356 267
638 250
740 213
233 149
426 595
480 31
98 233
546 154
156 605
632 690
62 334
355 519
494 688
599 63
487 178
289 385
55 720
762 436
4 45
659 698
67 40
402 120
368 602
118 718
311 144
410 161
153 529
503 597
778 424
0 769
444 402
777 143
584 592
281 208
552 232
20 627
316 778
656 314
614 750
505 362
535 40
190 446
744 340
306 444
107 694
784 567
51 224
746 503
58 261
5 601
182 521
268 488
610 672
621 401
256 122
708 795
608 441
164 779
381 412
761 337
624 755
760 344
713 226
162 747
460 599
615 48
677 706
521 434
450 209
401 713
447 778
599 207
202 195
69 228
10 249
394 607
337 506
373 495
3 388
432 427
380 303
166 512
41 449
458 302
249 655
642 158
126 713
718 642
180 599
766 329
651 223
331 523
231 93
254 706
462 666
24 112
237 602
584 486
600 24
137 701
70 738
111 116
775 182
54 631
792 164
341 688
799 621
164 209
447 274
80 510
487 480
769 613
468 232
706 75
285 22
620 23
485 253
384 334
141 448
140 246
124 641
784 394
272 576
387 792
766 47
609 127
684 0
310 418
747 748
614 380
612 384
669 628
352 352
603 583
226 590
76 520
14 224
97 547
299 342
264 432
309 18
264 308
631 562
571 562
199 625
322 564
138 187
30 418
139 686
685 689
350 231
114 206
411 643
50 753
413 707
660 526
679 438
213 254
258 332
378 507
746 545
44 156
717 776
182 578
555 248
241 438
652 623
516 218
157 387
390 383
763 306
373 386
143 725
750 257
733 304
551 613
170 744
529 240
397 393
113 8
454 405
17 535
512 308
239 585
49 547
1 161
363 730
650 19
391 189
755 626
384 123
707 436
728 626
508 181
755 691
779 680
345 411
151 181
471 392
482 354
248 633
426 72
790 281
453 622
210 156
797 512
9 261
293 334
155 611
742 540
786 591
753 316
723 331
766 641
228 308
757 59
263 144
633 305
151 100
458 389
581 136
772 503
262 637
313 639
334 227
210 330
171 595
102 653
613 126
689 76
507 607
199 206
136 251
526 311
737 598
683 3
681 111
534 92
53 187
658 50
663 214
42 289
92 174
14 672
493 120
759 326
530 750
208 729
222 414
218 471
308 68
662 402
424 393
610 444
64 269
775 599
348 174
794 434
719 504
154 86
611 549
688 401
710 268
29 613
120 382
774 755
554 733
199 456
591 658
122 673
421 717
57 774
338 554
462 664
568 366
298 79
244 589
492 240
148 546
109 393
481 25
248 531
738 187
641 260
141 302
741 229
565 793
328 393
772 681
349 778
83 787
687 554
388 407
67 29
364 93
297 771
263 380
448 380
362 174
428 743
568 187
292 231
585 17
337 118
144 284
751 406
722 216
325 143
717 104
203 555
43 71
409 112
520 530
174 123
284 184
620 620
93 669
65 444
226 3
86 56
304 375
88 444
675 439
747 659
693 157
745 794
307 790
719 558
436 230
656 26
659 396
319 118
637 65
483 170
628 319
611 390
311 202
593 98
350 375
238 327
443 483
683 401
165 673
540 655
612 720
574 420
754 529
767 476
98 395
12 612
247 100
409 228
629 263
142 796
273 281
255 255
413 757
123 575
771 216
138 370
20 317
522 122
309 793
303 447
112 400
729 520
37 535
573 574
206 213
37 113
363 718
629 752
545 502
428 372
785 237
122 326
270 582
516 210
128 364
423 70
708 172
466 368
133 297
795 340
622 488
71 651
130 365
458 52
621 330
420 309
247 92
248 307
405 370
797 497
709 415
794 570
753 166
531 699
482 320
621 107
305 11
162 384
278 6
165 17
76 637
613 172
78 348
713 390
403 84
178 540
281 126
72 672
353 493
429 179
175 78
734 524
311 124
640 442
490 509
640 697
267 624
256 748
472 796
420 199
172 662
476 592
409 203
192 171
242 772
488 231
369 509
463 37
685 534
322 428
127 564
668 26
552 323
468 115
559 178
4 143
515 87
575 340
302 10
2 553
659 631
312 749
402 322
719 5
363 312
748 138
590 235
754 88
113 733
726 525
367 629
408 273
590 789
466 687
521 270
129 293
488 40
545 145
797 428
657 69
513 44
342 572
527 20
198 418
15 772
483 556
421 149
613 260
176 690
473 651
417 145
237 675
743 621
354 127
792 216
500 747
328 517
12 389
385 183
461 461
266 403
692 406
79 182
314 495
331 0
45 83
671 470
361 410
115 162
524 376
717 114
454 485
581 196
217 732
728 31
417 535
139 531
57 705
195 157
442 445
122 729
520 64
20 648
104 302
540 310
46 48
580 93
466 334
338 266
403 725
507 521
200 149
643 393
330 510
464 633
443 91
287 170
735 358
626 770
723 321
165 332
682 419
297 522
160 529
732 226
789 162
113 333
362 274
639 172
592 149
395 240
573 726
269 13
434 106
774 651
281 668
106 628
577 240
179 747
362 568
254 355
393 390
16 346
80 496
422 33
275 282
408 522
420 271
37 750
448 767
382 109
107 694
238 41
88 460
685 653
119 685
168 60
418 563
719 75
390 84
434 255
772 765
50 142
552 291
321 348
654 90
305 21
194 465
638 708
184 428
581 377
479 450
448 724
565 345
709 290
491 359
723 114
207 145
241 692
365 246
685 106
737 600
437 523
322 17
611 780
183 779
677 595
622 691
301 211
475 707
742 268
363 438
631 544
447 387
90 775
570 487
569 435
369 75
293 100
752 587
339 60
170 209
754 74
123 786
377 44
460 350
168 452
383 606
645 409
225 358
337 151
510 720
283 511
555 247
685 324
434 598
593 207
280 284
593 42
37 68
596 321
28 764
410 58
691 467
659 677
32 734
357 293
298 462
305 185
715 394
192 324
775 132
24 64
722 581
451 578
538 485
218 210
364 780
255 497
54 458
660 623
558 742
721 532
128 249
378 728
315 126
149 275
748 529
278 799
492 370
486 84
756 130
530 502
778 424
635 19
366 181
609 250
307 682
266 455
98 245
136 322
279 65
338 633
241 417
663 623
294 77
242 282
277 716
775 546
689 28
565 66
668 612
633 246
562 647
324 179
352 464
30 316
635 548
335 548
462 378
156 134
426 450
235 572
91 519
76 711
362 450
456 320
472 229
90 77
788 712
191 60
798 576
395 146
191 770
447 67
221 199
345 328
543 65
360 674
715 734
269 378
497 745
618 111
654 96
665 109
109 539
56 698
249 677
82 643
796 125
602 750
746 293
444 660
194 494
398 655
283 55
696 646
349 83
608 112
304 334
443 2
744 379
449 225
520 563
728 257
568 575
471 571
145 436
787 732
297 412
64 779
792 462
571 139
750 581
505 588
142 493
229 693
274 385
475 106
598 711
462 109
635 147
21 134
329 45
503 637
29 337
31 302
25 8
473 209
23 334
2 763
121 721
171 714
610 222
703 328
439 625
293 13
58 318
75 252
130 243
468 219
66 434
644 152
76 255
444 433
349 532
544 149
205 474
14 539
248 57
191 121
81 482
463 336
432 554
116 415
67 598
173 402
67 722
200 7
129 531
506 372
193 288
571 423
72 598
503 768
5 511
112 250
483 144
352 293
402 538
116 165
234 415
258 377
51 552
44 228
557 457
175 735
686 777
646 457
125 279
751 730
174 545
639 632
308 183
23 451
406 470
406 245
597 654
661 214
688 10
799 503
768 616
594 178
128 205
789 777
127 393
440 673
655 602
137 369
98 733
513 501
768 629
292 260
649 658
182 438
493 662
171 107
124 630
56 749
711 502
493 165
281 433
738 634
600 147
662 144
139 701
778 285
511 408
231 286
755 196
515 98
201 667
456 513
574 409
215 471
519 348
293 785
333 497
709 321
67 528
703 349
137 190
572 95
252 41
439 311
563 381
208 329
348 550
491 396
210 382
507 422
56 781
555 61
410 271
674 398
114 339
668 730
697 375
478 110
695 343
392 21
138 533
702 286
465 60
269 368
666 339
301 79
101 228
715 558
575 277
413 577
641 559
247 387
250 536
776 408
19 578
653 390
187 627
433 690
108 414
422 563
581 265
541 412
210 724
643 754
247 322
113 122
275 356
533 261
443 40
248 236
274 359
167 19
644 747
461 344
169 619
550 683
418 578
208 229
220 718
253 724
333 549
0 233
457 585
663 96
204 34
413 485
15 656
584 503
12 553
732 201
641 554
310 577
244 196
573 561
541 87
543 136
91 532
641 429
576 636
756 345
335 68
612 273
149 83
266 84
331 629
211 482
773 189
478 766
648 193
686 449
70 577
26 340
493 107
764 709
616 619
281 707
216 231
423 458
602 165
489 317
468 124
426 736
264 283
172 657
64 310
696 715
152 258
781 494
233 791
702 203
664 720
429 134
787 355
170 652
218 744
403 795
398 340
194 40
101 178
452 498
645 247
347 717
92 370
296 435
304 282
582 35
327 726
668 9
781 105
141 572
511 132
477 207
314 261
1 563
263 162
357 0
514 482
165 195
613 707
159 549
247 120
341 140
525 622
682 218
90 653
143 249
427 290
89 455
354 152
130 71
319 133
756 279
477 699
256 295
218 373
706 286
193 83
343 542
291 424
291 387
164 786
617 160
466 309
110 798
350 797
163 693
503 536
516 466
497 11
327 405
285 426
298 442
472 691
88 305
789 27
640 185
466 672
247 288
776 421
262 763
741 145
508 343
519 253
440 459
593 335
533 54
369 586
492 679
172 82
350 344
700 135
471 765
119 8
713 163
445 153
244 669
88 90
238 320
639 554
429 93
340 594
214 55
444 277
479 469
408 748
493 208
760 470
27 73
241 180
762 461
613 616
464 265
233 788
316 29
107 114
380 752
551 348
432 99
409 477
371 503
768 454
52 45
422 578
279 104
232 417
87 339
168 329
22 476
562 719
113 422
435 415
382 351
652 145
26 450
1 30
641 416
98 353
736 112
202 763
263 329
288 588
189 772
143 323
191 205
122 165
143 705
150 547
689 600
278 303
676 225
299 629
681 611
270 764
172 257
698 618
651 654
350 372
165 618
691 327
469 753
129 191
238 386
246 545
263 341
628 653
40 290
33 632
276 774
261 332
303 104
45 756
386 80
358 433
330 240
580 578
701 292
598 526
476 161
654 433
495 322
392 240
420 394
169 577
17 565
666 259
314 388
732 167
201 37
543 495
181 782
161 706
20 529
660 716
749 472
167 159
100 155
57 698
670 110
398 649
543 53
285 285
549 696
645 296
42 517
539 163
12 457
498 419
523 424
162 319
100 245
591 451
388 101
449 3
520 192
529 360
681 635
103 292
20 467
411 408
476 381
164 169
10 366
565 457
53 388
702 600
235 424
329 585
70 61
464 475
326 490
695 16
409 333
589 787
33 248
729 385
378 42
715 126
116 579
706 315
671 727
415 206
707 582
276 662
469 393
603 21
179 722
712 555
229 431
314 658
313 495
269 420
559 484
360 369
163 121
386 175
775 426
721 36
341 85
214 427
568 220
444 482
310 236
404 2
214 77
82 636
654 440
736 175
402 215
450 341
637 789
147 232
725 499
397 660
320 416
413 292
110 695
347 523
688 451
537 89
203 546
153 229
112 702
159 19
527 109
246 650
506 255
772 59
58 718
396 42
753 679
46 323
515 39
246 66
271 128
591 358
498 517
391 707
693 500
729 85
40 469
22 73
747 651
496 195
340 738
696 68
412 473
123 140
164 455
273 400
785 121
403 7
290 31
24 101
348 393
243 161
473 303
399 671
605 632
110 584
251 99
429 407