820
4099
0,
1,
2,
3,
4,
5,
6,
7,
8,
9,
10,
11,
12,
13,
14,
15,
16,
17,
18,
19,
20,
21,
22,
23,
24,
25,
26,
27,
28,
29,
30,
31,
32,
33,
34,
35,
36,
37,
38,
39,
40,
41,
42,
43,
44,
45,
46,
47,
48,
49,
50,
51,
52,
53,
54,
55,
56,
57,
58,
59,
60,
61,
62,
63,
64,
65,
66,
67,
68,
69,
70,
71,
72,
73,
74,
75,
76,
77,
78,
79,
80,
81,
82,
83,
84,
85,
86,
87,
88,
89,
90,
91,
92,
93,
94,
95,
96,
97,
98,
99,
100,
101,
102,
103,
104,
105,
106,
107,
108,
109,
110,
111,
112,
113,
114,
115,
116,
117,
118,
119,
120,
121,
122,
123,
124,
125,
126,
127,
128,
129,
130,
131,
132,
133,
134,
135,
136,
137,
138,
139,
140,
141,
142,
143,
144,
145,
146,
147,
148,
149,
150,
151,
152,
153,
154,
155,
156,
157,
158,
159,
160,
161,
162,
163,
164,
165,
166,
167,
168,
169,
170,
171,
172,
173,
174,
175,
176,
177,
178,
179,
180,
181,
182,
183,
184,
185,
186,
187,
188,
189,
190,
191,
192,
193,
194,
195,
196,
197,
198,
199,
200,
201,
202,
203,
204,
205,
206,
207,
208,
209,
210,
211,
212,
213,
214,
215,
216,
217,
218,
219,
220,
221,
222,
223,
224,
225,
226,
227,
228,
229,
230,
231,
232,
233,
234,
235,
236,
237,
238,
239,
240,
241,
242,
243,
244,
245,
246,
247,
248,
249,
250,
251,
252,
253,
254,
255,
256,
257,
258,
259,
260,
261,
262,
263,
264,
265,
266,
267,
268,
269,
270,
271,
272,
273,
274,
275,
276,
277,
278,
279,
280,
281,
282,
283,
284,
285,
286,
287,
288,
289,
290,
291,
292,
293,
294,
295,
296,
297,
298,
299,
300,
301,
302,
303,
304,
305,
306,
307,
308,
309,
310,
311,
312,
313,
314,
315,
316,
317,
318,
319,
320,
321,
322,
323,
324,
325,
326,
327,
328,
329,
330,
331,
332,
333,
334,
335,
336,
337,
338,
339,
340,
341,
342,
343,
344,
345,
346,
347,
348,
349,
350,
351,
352,
353,
354,
355,
356,
357,
358,
359,
360,
361,
362,
363,
364,
365,
366,
367,
368,
369,
370,
371,
372,
373,
374,
375,
376,
377,
378,
379,
380,
381,
382,
383,
384,
385,
386,
387,
388,
389,
390,
391,
392,
393,
394,
395,
396,
397,
398,
399,
400,
401,
402,
403,
404,
405,
406,
407,
408,
409,
410,
411,
412,
413,
414,
415,
416,
417,
418,
419,
420,
421,
422,
423,
424,
425,
426,
427,
428,
429,
430,
431,
432,
433,
434,
435,
436,
437,
438,
439,
440,
441,
442,
443,
444,
445,
446,
447,
448,
449,
450,
451,
452,
453,
454,
455,
456,
457,
458,
459,
460,
461,
462,
463,
464,
465,
466,
467,
468,
469,
470,
471,
472,
473,
474,
475,
476,
477,
478,
479,
480,
481,
482,
483,
484,
485,
486,
487,
488,
489,
490,
491,
492,
493,
494,
495,
496,
497,
498,
499,
500,
501,
502,
503,
504,
505,
506,
507,
508,
509,
510,
511,
512,
513,
514,
515,
516,
517,
518,
519,
520,
521,
522,
523,
524,
525,
526,
527,
528,
529,
530,
531,
532,
533,
534,
535,
536,
537,
538,
539,
540,
541,
542,
543,
544,
545,
546,
547,
548,
549,
550,
551,
552,
553,
554,
555,
556,
557,
558,
559,
560,
561,
562,
563,
564,
565,
566,
567,
568,
569,
570,
571,
572,
573,
574,
575,
576,
577,
578,
579,
580,
581,
582,
583,
584,
585,
586,
587,
588,
589,
590,
591,
592,
593,
594,
595,
596,
597,
598,
599,
600,
601,
602,
603,
604,
605,
606,
607,
608,
609,
610,
611,
612,
613,
614,
615,
616,
617,
618,
619,
620,
621,
622,
623,
624,
625,
626,
627,
628,
629,
630,
631,
632,
633,
634,
635,
636,
637,
638,
639,
640,
641,
642,
643,
644,
645,
646,
647,
648,
649,
650,
651,
652,
653,
654,
655,
656,
657,
658,
659,
660,
661,
662,
663,
664,
665,
666,
667,
668,
669,
670,
671,
672,
673,
674,
675,
676,
677,
678,
679,
680,
681,
682,
683,
684,
685,
686,
687,
688,
689,
690,
691,
692,
693,
694,
695,
696,
697,
698,
699,
700,
701,
702,
703,
704,
705,
706,
707,
708,
709,
710,
711,
712,
713,
714,
715,
716,
717,
718,
719,
720,
721,
722,
723,
724,
725,
726,
727,
728,
729,
730,
731,
732,
733,
734,
735,
736,
737,
738,
739,
740,
741,
742,
743,
744,
745,
746,
747,
748,
749,
750,
751,
752,
753,
754,
755,
756,
757,
758,
759,
760,
761,
762,
763,
764,
765,
766,
767,
768,
769,
770,
771,
772,
773,
774,
775,
776,
777,
778,
779,
780,
781,
782,
783,
784,
785,
786,
787,
788,
789,
790,
791,
792,
793,
794,
795,
796,
797,
798,
799,
800,
801,
802,
803,
804,
805,
806,
807,
808,
809,
810,
811,
812,
813,
814,
815,
816,
817,
818,
819
226 186
186 320
320 224
224 496
496 36
36 129
129 280
280 3
3 815
815 323
323 407
407 614
614 356
356 404
404 732
732 685
685 479
479 495
495 392
392 518
518 252
252 738
738 5
5 394
394 704
704 21
21 378
378 499
499 6
6 628
628 223
223 819
819 454
454 599
599 530
530 671
671 788
788 245
245 313
313 568
568 456
456 250
250 477
477 383
383 534
534 127
127 80
80 618
618 802
802 44
44 215
215 157
157 314
314 38
38 340
340 691
691 47
47 92
92 563
563 255
255 233
233 462
462 453
453 642
642 672
672 377
377 50
50 559
559 626
626 31
31 296
296 693
693 344
344 305
305 10
10 741
741 25
25 75
75 293
293 747
747 243
243 120
120 500
500 98
98 292
292 362
362 587
587 104
104 743
743 721
721 555
555 68
68 814
814 448
448 66
66 20
20 185
185 58
58 354
354 170
170 584
584 522
522 34
34 437
437 278
278 90
90 271
271 144
144 286
286 653
653 473
473 544
544 364
364 660
660 13
13 509
509 602
602 360
360 324
324 489
489 371
371 455
455 485
485 790
790 724
724 523
523 748
748 322
322 800
800 600
600 281
281 397
397 593
593 341
341 444
444 288
288 264
264 664
664 336
336 603
603 262
262 225
225 327
327 733
733 425
425 333
333 805
805 753
753 761
761 542
542 513
513 203
203 193
193 778
778 594
594 579
579 601
601 610
610 244
244 703
703 188
188 283
283 506
506 207
207 606
606 112
112 434
434 145
145 605
605 116
116 306
306 60
60 731
731 30
30 242
242 78
78 451
451 632
632 803
803 421
421 491
491 573
573 673
673 151
151 617
617 228
228 265
265 40
40 569
569 82
82 388
388 94
94 535
535 464
464 677
677 321
321 811
811 447
447 582
582 261
261 687
687 179
179 766
766 572
572 316
316 163
163 375
375 277
277 149
149 222
222 625
625 51
51 167
167 400
400 650
650 560
560 715
715 370
370 164
164 726
726 623
623 607
607 24
24 734
734 793
793 648
648 690
690 777
777 428
428 148
148 643
643 408
408 622
622 74
74 384
384 48
48 274
274 310
310 557
557 728
728 55
55 79
79 627
627 76
76 331
331 695
695 508
508 739
739 307
307 253
253 211
211 756
756 752
752 125
125 105
105 713
713 96
96 566
566 445
445 136
136 440
440 804
804 159
159 476
476 420
420 247
247 604
604 43
43 798
798 597
597 131
131 191
191 789
789 88
88 737
737 358
358 22
22 140
140 221
221 546
546 775
775 248
248 619
619 538
538 758
758 11
11 644
644 357
357 121
121 465
465 541
541 520
520 41
41 195
195 760
760 391
391 65
65 469
469 369
369 553
553 290
290 531
531 231
231 759
759 152
152 792
792 439
439 9
9 220
220 472
472 654
654 318
318 735
735 334
334 337
337 487
487 480
480 138
138 669
669 155
155 810
810 232
232 679
679 548
548 486
486 682
682 591
591 504
504 114
114 26
26 142
142 229
229 154
154 561
561 783
783 59
59 545
545 684
684 791
791 393
393 651
651 402
402 590
590 431
431 401
401 639
639 396
396 312
312 694
694 276
276 745
745 461
461 315
315 812
812 192
192 697
697 562
562 14
14 269
269 666
666 656
656 52
52 471
471 343
343 19
19 303
303 64
64 446
446 240
240 657
657 109
109 379
379 146
146 816
816 381
381 574
574 169
169 415
415 655
655 173
173 117
117 212
212 259
259 353
353 171
171 717
717 72
72 291
291 308
308 102
102 332
332 45
45 662
662 219
219 663
663 514
514 443
443 817
817 706
706 162
162 507
507 133
133 147
147 123
123 372
372 744
744 385
385 424
424 503
503 249
249 28
28 365
365 77
77 178
178 62
62 630
630 17
17 589
589 740
740 35
35 463
463 398
398 641
641 53
53 516
516 710
710 69
69 70
70 675
675 616
616 330
330 502
502 494
494 299
299 411
411 433
433 200
200 754
754 218
218 576
576 701
701 99
99 150
150 543
543 346
346 526
526 39
39 237
237 567
567 536
536 266
266 101
101 113
113 497
497 251
251 417
417 712
712 134
134 478
478 645
645 510
510 284
284 511
511 2
2 702
702 287
287 674
674 236
236 705
705 1
1 361
361 156
156 132
132 363
363 350
350 227
227 552
552 519
519 160
160 0
0 189
189 770
770 368
368 565
565 18
18 16
16 413
413 611
611 720
720 571
571 517
517 213
213 729
729 180
180 196
196 640
640 268
268 367
367 467
467 583
583 577
577 380
380 304
304 784
784 681
681 709
709 629
629 202
202 532
532 73
73 723
723 67
67 382
382 762
762 637
637 688
688 158
158 649
649 119
119 33
33 771
771 457
457 46
46 409
409 492
492 122
122 355
355 258
258 301
301 49
49 763
763 429
429 174
174 588
588 776
776 670
670 585
585 730
730 214
214 81
81 547
547 260
260 93
93 620
620 521
521 389
389 294
294 297
297 175
175 809
809 217
217 183
183 335
335 449
449 772
772 700
700 387
387 390
390 135
135 755
755 289
289 15
15 210
210 665
665 638
638 110
110 696
696 194
194 498
498 84
84 460
460 359
359 470
470 554
554 376
376 395
395 537
537 118
118 550
550 765
765 61
61 172
172 95
95 137
137 634
634 722
722 216
216 493
493 115
115 209
209 347
347 386
386 686
686 484
484 708
708 37
37 501
501 427
427 539
539 466
466 808
808 339
339 797
797 205
205 580
580 165
165 767
767 799
799 23
23 309
309 435
435 85
85 326
326 615
615 403
403 7
7 773
773 635
635 302
302 769
769 442
442 106
106 525
525 328
328 230
230 490
490 633
633 161
161 206
206 667
667 176
176 551
551 325
325 273
273 416
416 801
801 91
91 204
204 631
631 430
430 621
621 182
182 419
419 658
658 83
83 254
254 714
714 107
107 141
141 198
198 414
414 436
436 246
246 263
263 570
570 12
12 103
103 187
187 57
57 418
418 636
636 459
459 267
267 794
794 564
564 279
279 592
592 177
177 475
475 410
410 201
201 348
348 54
54 718
718 366
366 782
782 86
86 751
751 181
181 130
130 692
692 71
71 399
399 609
609 785
785 598
598 540
540 450
450 807
807 578
578 806
806 272
272 126
126 764
764 405
405 32
32 374
374 608
608 56
56 311
311 295
295 166
166 108
108 699
699 100
100 596
596 352
352 87
87 4
4 257
257 432
432 441
441 298
298 285
285 128
128 488
488 581
581 89
89 668
668 781
781 796
796 422
422 612
612 338
338 813
813 197
197 676
676 458
458 438
438 483
483 29
29 153
153 235
235 613
613 624
624 275
275 652
652 143
143 524
524 742
742 689
689 349
349 818
818 42
42 595
595 780
780 423
423 750
750 342
342 373
373 139
139 406
406 749
749 787
787 474
474 716
716 768
768 746
746 8
8 515
515 774
774 351
351 199
199 661
661 528
528 698
698 736
736 27
27 725
725 680
680 241
241 270
270 184
184 234
234 300
300 256
256 556
556 533
533 505
505 779
779 647
647 190
190 426
426 757
757 646
646 678
678 345
345 168
168 481
481 512
512 795
795 719
719 111
111 529
529 329
329 659
659 707
707 317
317 575
575 452
452 412
412 97
97 468
468 124
124 238
238 282
282 549
549 711
711 586
586 786
786 63
63 239
239 527
527 319
319 208
208 482
482 727
727 558
558 683
354 806
459 807
56 303
530 756
301 477
213 17
394 171
737 377
506 770
668 374
679 339
333 783
205 62
558 541
133 729
144 208
645 716
166 264
565 596
266 272
757 113
652 224
287 1
152 697
466 444
355 74
685 237
19 778
342 637
62 280
25 720
358 175
514 689
513 391
506 14
137 719
448 728
167 430
222 560
405 785
735 662
545 7
388 526
763 521
450 103
554 172
122 806
658 478
730 94
201 303
701 459
705 750
8 506
463 561
233 766
233 435
583 723
341 760
139 325
777 463
34 171
477 334
237 121
556 113
650 167
579 578
316 66
10 791
746 10
79 633
579 647
809 760
191 212
212 191
639 809
115 624
305 763
496 464
429 598
31 552
812 469
514 577
705 5
761 744
469 447
551 585
168 729
93 387
693 168
661 33
450 114
473 384
157 563
501 287
10 621
685 810
739 292
518 63
686 273
399 4
217 187
361 770
610 56
472 306
443 124
311 281
620 653
262 341
369 513
68 737
657 564
804 543
599 633
409 444
650 507
51 359
332 621
610 792
600 370
450 526
741 816
680 449
416 379
764 70
530 355
524 324
731 388
645 739
491 619
819 720
812 656
746 47
544 264
63 310
221 692
771 413
728 197
171 179
742 412
702 143
346 436
776 457
296 370
275 81
508 250
385 496
537 455
360 132
380 395
315 807
808 625
693 170
124 179
440 291
593 66
122 245
137 435
270 215
208 572
463 293
269 251
651 430
732 338
185 320
202 134
542 694
539 205
156 46
279 748
212 630
754 705
105 118
704 3
306 283
381 225
185 387
416 819
630 388
721 13
610 42
646 325
553 207
456 662
65 388
703 475
396 7
324 647
317 38
619 474
713 11
612 536
413 142
521 58
171 332
467 41
487 649
113 96
81 344
761 249
405 818
150 541
389 358
20 653
805 360
566 641
142 77
0 681
9 652
213 507
316 300
509 374
292 612
618 164
621 88
808 811
242 241
282 785
233 543
495 206
350 749
610 332
512 782
618 115
137 219
141 490
386 450
128 561
778 729
73 461
122 210
313 643
677 756
580 418
544 26
777 31
185 35
292 235
700 324
305 257
609 40
540 634
509 727
636 168
519 541
95 214
673 658
804 520
76 659
247 686
124 22
206 503
776 737
739 181
349 292
369 794
729 767
659 210
335 661
774 336
618 301
782 745
209 763
192 779
300 580
148 340
611 695
522 241
647 668
551 334
754 317
338 447
272 780
449 401
98 147
599 22
617 428
426 667
660 768
210 59
588 304
520 561
490 215
308 796
446 299
25 792
187 802
526 243
141 793
587 208
515 706
615 649
6 701
590 588
204 464
36 402
426 624
468 69
244 111
122 111
696 188
142 592
781 150
52 375
499 121
68 600
260 27
91 504
490 326
465 212
649 20
61 794
567 264
713 802
53 591
151 104
629 398
201 670
482 596
775 302
8 171
396 124
461 699
331 614
255 431
57 9
784 311
725 381
48 302
819 147
629 660
453 289
162 312
34 37
756 320
337 497
445 570
593 614
2 283
371 569
120 90
297 533
190 393
484 636
332 280
152 589
325 69
527 671
795 187
296 199
96 84
560 398
640 694
434 340
119 654
677 436
336 709
667 153
74 517
288 589
798 402
742 112
453 535
599 456
630 797
438 329
314 274
310 93
788 587
460 483
683 229
682 110
495 396
51 154
195 757
579 702
654 179
231 446
73 410
109 604
316 425
183 805
370 572
324 373
740 580
396 256
514 229
315 317
8 643
253 181
490 819
414 108
214 443
709 666
582 361
94 349
435 387
10 331
816 113
379 405
308 308
579 787
166 214
540 419
265 440
480 329
297 808
25 543
770 495
256 403
250 818
677 83
206 551
361 184
281 35
459 702
733 457
616 116
148 142
44 210
762 237
500 726
434 551
596 461
464 0
110 651
782 802
325 199
407 277
347 345
517 410
179 151
814 454
622 790
456 70
117 98
455 88
552 566
217 167
320 13
206 707
304 214
234 307
362 777
696 377
640 256
672 562
714 343
509 28
13 470
617 683
596 322
303 370
404 689
373 480
10 436
59 389
228 137
789 270
301 580
106 567
721 797
16 608
581 222
24 209
731 745
608 265
271 128
661 387
134 517
336 341
597 814
4 556
650 9
380 619
322 434
36 346
101 128
280 721
501 569
288 437
620 483
105 315
208 446
567 252
720 55
284 457
685 770
760 542
739 739
501 395
320 155
812 660
40 177
160 427
332 553
196 671
53 24
627 651
554 207
272 740
53 3
415 616
75 97
527 277
149 606
266 673
818 623
450 602
406 146
391 456
449 254
178 601
479 494
622 552
408 111
812 248
209 124
181 98
775 194
6 266
321 288
645 345
613 306
750 27
62 303
471 312
704 218
761 326
491 496
365 779
426 627
254 10
481 550
237 715
644 655
521 8
155 364
533 43
601 708
11 461
38 35
702 299
377 541
299 120
82 421
489 736
383 105
72 425
124 635
602 773
115 337
702 710
17 567
711 267
624 332
481 502
159 305
298 138
714 371
793 766
175 19
239 306
683 377
206 731
9 311
429 664
483 131
211 639
102 519
656 803
776 510
475 27
247 86
376 814
471 704
8 638
384 419
450 462
819 305
316 570
219 229
252 128
497 355
679 711
369 246
294 819
689 44
278 80
569 114
386 436
78 553
544 96
230 362
666 569
160 544
352 526
134 712
639 514
240 358
349 404
793 287
328 749
155 800
157 150
202 286
726 51
276 817
246 751
498 117
267 216
628 599
630 745
36 758
271 409
183 575
311 36
746 662
609 490
667 810
733 239
250 593
624 206
548 386
597 727
116 20
814 20
307 26
375 616
531 576
745 573
163 453
171 48
235 559
441 701
803 134
386 673
62 3
386 70
343 546
456 708
212 654
509 117
801 709
282 731
185 239
732 400
39 134
383 779
77 277
257 379
47 811
303 373
598 562
291 414
573 755
233 485
795 401
1 803
237 654
208 747
738 431
283 611
262 598
296 233
95 342
186 544
273 430
232 391
267 741
467 357
276 493
555 724
739 161
679 185
621 410
387 248
132 442
87 575
20 179
783 347
667 629
682 402
435 73
489 23
32 179
789 599
220 600
725 199
313 448
589 174
324 523
659 175
812 233
760 765
198 578
101 449
453 134
21 282
486 83
186 381
283 17
537 366
794 589
739 633
503 31
137 638
187 300
337 630
157 508
639 534
598 248
299 657
290 793
573 130
106 504
444 810
469 725
200 316
717 30
196 99
603 266
547 722
791 363
812 173
817 383
702 428
4 64
268 108
188 774
757 76
787 816
212 484
735 275
51 654
49 687
610 393
447 677
287 200
270 651
595 377
722 600
61 204
53 113
216 269
535 180
431 473
774 187
210 469
791 467
117 0
645 447
414 512
616 812
297 161
5 59
46 696
692 482
128 11
474 178
755 757
157 148
806 315
1 315
65 218
292 687
473 291
142 337
95 53
163 287
179 523
492 777
519 305
230 622
779 659
285 118
391 208
809 583
686 676
342 23
656 547
793 220
547 138
434 305
467 381
638 122
450 494
355 295
457 156
67 386
55 359
376 190
138 148
593 699
102 51
742 677
386 276
166 732
784 726
741 77
223 640
210 623
726 754
433 188
158 104
769 47
617 667
520 633
689 101
730 384
217 213
795 523
357 284
499 191
292 528
104 60
708 542
752 379
53 526
34 399
228 621
816 166
334 1
205 24
795 130
678 143
487 379
432 303
673 66
255 393
775 795
340 136
762 800
56 38
356 734
625 106
434 18
353 194
0 590
367 39
206 687
621 401
285 437
81 217
293 210
421 481
399 505
408 163
115 53
550 352
517 190
230 193
483 532
585 177
526 184
803 616
584 74
203 704
494 614
464 636
432 539
266 26
534 681
148 264
398 557
383 726
447 212
433 513
603 415
667 764
153 810
129 594
139 792
626 665
255 113
78 510
94 430
621 305
743 685
240 719
239 183
311 729
803 380
529 680
290 731
262 56
236 472
98 753
749 168
641 584
75 203
321 673
351 435
685 680
716 347
87 129
598 730
672 532
154 578
597 129
632 495
211 535
560 666
746 28
73 654
165 5
104 152
243 291
370 83
513 800
434 55
421 646
752 250
389 759
812 384
586 461
3 517
799 21
616 574
715 172
105 239
301 200
51 721
541 266
119 446
170 774
624 723
57 273
131 504
498 383
564 324
706 68
375 761
62 170
514 786
701 120
442 632
150 407
766 313
74 302
133 471
287 462
38 171
58 541
691 529
579 563
163 83
181 509
251 789
409 60
480 626
379 337
364 755
116 456
283 23
88 81
362 160
606 459
781 350
477 298
403 708
18 88
453 548
731 128
343 154
785 478
267 137
805 567
327 198
661 303
637 639
300 335
416 446
630 663
196 784
139 49
422 348
657 506
561 740
324 117
142 723
659 375
366 358
9 44
720 741
335 90
324 653
115 791
347 408
761 738
41 341
149 446
274 78
734 635
451 683
281 578
573 20
692 222
344 75
347 580
207 304
811 636
20 644
264 487
14 149
277 343
208 589
30 195
47 603
554 554
318 298
158 280
587 67
569 81
709 557
318 515
95 180
818 107
749 776
158 590
668 685
554 462
364 439
706 338
99 751
766 112
682 792
182 812
805 232
142 557
96 539
694 549
203 317
480 719
470 353
788 621
49 119
674 633
42 601
637 348
268 404
312 511
347 171
398 753
196 773
425 636
265 436
813 660
165 615
782 806
778 776
463 191
129 324
296 485
203 291
172 459
161 386
88 508
595 535
74 18
486 54
713 389
547 286
435 62
363 793
529 158
684 725
141 704
596 446
286 606
529 712
649 638
440 249
441 448
259 695
444 443
518 124
458 521
17 418
187 332
200 35
336 71
441 324
221 193
735 569
570 610
729 294
508 513
391 667
113 12
734 246
204 676
2 623
551 214
109 58
451 742
73 567
388 9
532 638
139 761
413 346
639 308
213 294
309 549
43 30
725 260
291 373
215 600
724 583
687 726
566 187
643 504
676 169
99 71
624 367
611 659
741 260
323 290
42 237
131 556
608 46
472 481
358 408
192 67
224 401
363 28
149 200
71 786
549 461
746 660
129 437
292 195
447 562
663 366
645 417
207 732
464 418
506 316
682 385
395 37
729 200
237 118
405 675
256 407
649 16
286 295
33 655
56 5
595 638
719 659
9 494
639 52
805 26
703 644
61 733
337 462
217 477
476 140
210 715
738 676
46 753
717 593
713 147
764 93
794 105
88 208
8 185
450 109
674 258
201 816
331 1
448 13
805 743
12 640
683 52
355 91
256 795
785 494
242 136
58 694
59 172
606 272
77 187
120 33
630 701
669 242
211 288
527 514
546 648
75 697
374 206
497 734
104 685
47 375
753 419
309 803
785 407
234 66
360 525
421 243
365 519
811 781
389 106
579 11
224 8
289 806
651 59
5 641
316 9
217 693
739 571
371 302
312 167
569 650
485 114
92 75
175 103
349 390
446 177
307 494
375 638
410 228
357 287
408 369
285 489
263 366
365 544
574 571
171 819
521 601
661 348
51 795
216 627
471 117
681 515
650 625
683 150
340 291
107 119
431 353
546 373
175 773
759 668
363 414
23 668
661 244
185 509
627 506
130 506
265 753
149 552
223 8
601 427
285 177
795 809
298 361
538 403
343 536
635 748
385 174
572 802
371 169
297 417
742 282
429 630
540 26
745 642
261 246
393 216
116 357
354 397
787 734
88 743
440 255
615 623
316 800
449 202
362 104
444 55
677 728
428 583
808 146
41 7
152 7
683 349
425 375
807 535
748 329
535 780
79 143
679 527
662 300
317 757
491 807
809 140
237 318
371 171
812 292
242 672
430 446
123 788
403 155
734 370
726 264
742 434
137 666
396 315
655 242
109 84
140 532
332 138
365 817
495 690
85 247
710 397
738 661
623 286
334 565
136 764
224 78
778 555
439 17
545 795
378 98
87 324
703 610
10 220
214 309
596 593
659 354
731 245
709 156
180 420
631 518
141 500
136 462
281 529
510 759
538 724
269 700
814 181
399 608
422 807
753 120
421 426
545 110
684 617
169 271
743 154
101 768
706 240
65 482
395 91
578 637
473 168
495 175
446 565
458 626
666 668
85 346
608 429
735 586
700 179
809 454
26 96
30 472
379 590
393 326
273 192
604 450
575 481
559 694
531 108
693 706
417 770
415 581
746 488
282 90
476 164
188 404
11 30
667 51
151 513
621 563
109 435
99 529
421 238
796 15
486 685
180 166
788 776
141 450
3 603
196 138
784 556
714 680
199 187
131 186
290 2
329 723
303 41
171 384
91 528
274 337
503 272
24 773
686 477
268 267
93 221
748 422
126 49
438 156
288 88
317 444
270 520
538 643
95 95
323 657
673 692
405 606
744 220
260 37
237 679
644 631
372 363
56 393
674 482
788 333
307 95
538 199
9 0
247 90
221 733
136 397
61 203
529 682
214 154
297 274
381 642
500 597
155 227
269 793
414 538
188 100
563 572
621 522
388 296
406 556
255 329
818 448
776 413
27 198
619 91
134 192
656 62
617 748
83 360
458 634
593 482
158 41
609 381
485 329
519 100
693 689
166 53
147 575
652 477
279 109
434 498
816 693
131 96
639 277
297 346
139 641
183 679
304 710
70 140
599 334
703 192
186 531
11 140
285 24
688 494
816 413
592 316
84 324
507 607
178 590
588 399
118 351
542 722
180 778
318 447
423 88
200 154
351 500
610 654
180 666
714 57
235 404
67 403
305 705
506 801
758 402
718 284
488 747
275 681
171 541
152 346
198 338
309 724
678 58
799 556
465 45
489 480
456 647
160 358
63 640
466 83
97 641
486 758
331 426
605 501
772 69
779 294
693 738
662 234
280 644
271 390
486 11
557 647
454 403
383 67
534 571
245 574
498 116
626 637
735 518
398 272
215 710
755 347
380 42
322 13
216 539
420 812
407 469
762 238
132 138
501 176
420 299
541 497
704 711
439 280
404 596
285 584
163 279
635 617
680 54
206 609
600 24
428 471
561 303
766 92
289 7
322 792
432 99
173 30
359 366
791 372
775 42
190 116
89 498
320 672
778 726
84 342
615 235
446 660
503 45
252 364
69 141
92 756
639 288
222 373
9 805
138 302
217 477
671 421
201 325
305 741
627 52
294 763
511 671
212 605
196 241
694 393
206 213
29 515
759 87
64 691
421 740
513 399
618 792
431 392
276 303
621 770
445 388
293 529
305 107
735 801
163 23
592 631
578 171
140 724
452 356
474 578
295 548
97 606
569 59
611 780
135 130
105 136
790 704
516 495
589 244
478 30
637 148
399 64
96 249
580 182
46 36
784 715
767 744
410 770
507 173
521 360
632 270
704 294
348 200
808 810
215 591
563 233
707 596
213 715
654 204
353 164
209 535
721 721
531 273
30 541
401 756
803 168
605 368
560 140
293 711
585 164
692 596
694 633
82 658
801 693
516 594
451 683
41 710
255 679
470 718
319 44
222 771
526 20
19 793
329 71
272 56
326 156
735 98
150 296
78 603
761 332
781 726
662 747
531 493
491 50
322 351
775 316
435 710
145 186
88 408
549 628
365 304
787 71
355 49
762 3
605 179
600 418
38 807
487 359
191 130
199 316
227 2
646 759
324 693
517 428
425 301
502 338
489 337
756 318
453 475
504 415
643 269
78 46
278 240
347 105
67 724
485 603
698 223
53 204
637 338
336 148
399 505
278 83
277 65
374 587
511 35
578 453
336 600
816 27
431 533
747 644
681 411
256 811
185 709
646 600
748 474
300 453
722 420
623 549
665 635
238 324
152 594
713 690
281 720
180 529
130 98
18 638
85 511
390 552
69 475
201 722
799 368
725 693
561 613
190 135
441 429
233 563
221 324
818 304
598 150
655 45
121 754
361 672
364 324
558 536
765 284
114 262
778 493
276 156
759 471
384 468
534 386
536 445
91 154
147 37
125 251
635 672
456 65
106 119
43 512
452 94
621 273
419 142
225 785
445 54
120 482
222 485
325 190
517 457
181 805
602 784
225 194
661 611
791 246
320 242
169 531
378 642
200 649
371 641
344 140
754 130
534 193
530 176
746 457
124 506
486 231
735 686
800 711
278 424
584 208
271 572
274 419
238 284
722 231
672 133
480 70
311 556
679 411
21 414
670 292
306 532
381 68
197 618
381 746
349 307
304 325
648 739
806 614
478 575
84 284
758 498
92 109
803 79
750 296
581 157
476 66
66 259
397 215
333 161
302 803
649 596
548 491
50 121
809 547
721 166
599 141
679 749
257 350
411 663
81 362
127 699
260 587
534 27
255 553
176 332
675 788
502 680
251 158
485 591
222 265
0 602
469 165
118 553
159 359
129 280
12 525
241 413
344 573
265 698
758 62
113 379
399 496
7 738
448 360
385 376
725 381
804 165
737 473
699 760
33 709
443 482
219 204
817 17
183 54
356 17
624 389
308 78
15 302
546 97
735 283
496 200
561 667
189 184
434 162
550 670
168 423
177 242
40 160
330 213
124 16
146 89
200 598
718 0
613 359
579 66
192 458
471 126
211 178
698 683
687 805
466 675
596 733
581 637
282 477
227 515
478 731
311 81
174 812
694 285
267 673
722 781
9 687
485 3
770 196
790 149
457 571
339 225
130 128
671 782
283 768
553 779
601 539
615 231
509 440
495 478
340 801
360 120
378 132
298 21
81 525
232 737
39 688
349 509
694 322
746 108
489 55
23 304
302 182
739 510
627 385
573 94
349 22
647 334
615 26
66 209
669 457
248 204
663 165
15 652
403 82
438 420
793 307
300 502
256 146
780 793
318 709
357 695
387 417
143 320
66 636
465 319
788 47
490 377
632 156
715 251
672 284
463 109
138 296
573 6
501 140
490 771
658 206
112 464
484 360
404 725
296 264
149 15
222 457
85 698
222 413
408 525
652 484
3 328
732 758
807 590
419 633
129 95
543 604
496 227
417 767
574 91
722 772
521 5
632 634
619 8
434 539
604 541
160 688
812 155
403 615
730 738
781 618
643 278
762 246
545 424
551 185
366 147
268 206
251 0
561 689
455 453
745 674
629 706
808 53
202 325
577 527
13 677
311 611
289 466
763 533
519 85
155 425
811 238
794 199
802 710
50 581
71 470
294 303
781 15
408 151
779 177
247 767
102 595
796 189
20 285
218 202
699 662
305 522
535 138
760 68
272 316
179 812
599 507
368 572
453 609
486 628
627 638
168 132
259 436
181 754
730 575
395 712
292 19
716 701
312 115
433 425
674 57
51 263
175 102
282 498
811 3
104 477
49 212
400 215
501 106
206 89
711 626
544 257
810 495
136 405
124 193
787 764
671 639
813 605
330 337
508 241
313 747
555 373
150 627
750 706
193 695
392 584
116 339
457 381
210 397
240 704
169 416
157 464
252 668
54 574
544 350
560 356
328 813
367 213
614 673
676 549
726 136
429 466
64 52
417 279
516 661
460 192
404 448
704 628
141 87
108 515
507 518
312 443
312 21
11 738
339 392
479 118
709 451
482 318
8 159
252 137
409 653
350 477
170 519
14 112
254 623
153 453
395 218
173 389
631 646
380 717
51 227
71 131
263 196
447 359
621 661
390 53
692 378
109 580
398 227
753 410
308 390
17 31
107 812
360 635
762 149
715 687
802 123
793 349
515 446
343 682
507 363
97 395
598 599
783 407
777 257
283 707
268 214
156 686
406 458
527 76
417 407
321 608
689 55
180 734
193 740
702 58
238 132
65 536
683 535
426 409
202 71
800 451
545 141
275 427
318 246
404 814
591 230
133 249
304 303
213 788
31 25
175 675
294 477
592 345
134 11
40 18
347 421
623 454
789 334
323 801
498 104
151 176
311 347
630 344
41 454
134 666
215 766
777 774
403 347
618 277
573 517
107 770
464 569
797 238
619 789
511 627
242 819
138 8
712 286
568 461
460 607
638 761
665 300
650 759
651 88
212 365
318 356
88 176
81 34
53 549
659 462
570 817
150 157
207 661
633 554
815 424
589 756
566 83
25 769
654 9
59 777
632 647
7 310
623 410
173 489
227 461
374 597
632 447
90 316
419 149
104 487
192 102
183 809
612 71
123 636
531 817
637 629
592 483
313 508
105 430
212 278
219 21
459 628
45 476
288 410
516 125
343 593
60 3
104 132
569 415
48 290
228 161
407 624
603 61
331 700
549 696
694 88
523 532
421 655
170 43
219 578
152 68
556 94
102 303
194 463
394 311
540 265
648 678
187 380
304 73
639 255
343 606
448 807
456 353
689 450
333 96
265 413
670 784
233 194
241 591
660 3
82 478
181 201
705 725
196 710
485 486
593 61
42 734
91 32
369 204
424 103
156 196
385 771
407 610
577 439
390 714
671 87
515 818
290 586
53 104
457 217
412 322
34 746
350 267
526 496
262 489
697 600
323 727
243 508
489 241
684 814
735 610
123 701
149 595
107 485
392 798
277 365
634 540
304 671
290 159
217 577
515 527
690 535
35 432
159 462
225 174
731 239
758 653
45 471
704 628
165 313
490 465
327 262
181 799
198 175
463 240
153 431
604 725
494 419
262 328
227 658
95 802
84 342
603 478
352 255
420 199
160 339
35 716
463 557
622 298
236 774
635 596
780 160
285 374
634 812
155 707
359 183
425 718
287 348
569 687
109 782
151 546
625 450
782 331
40 541
418 542
526 405
395 754
531 529
661 214
559 18
623 133
532 562
691 768
745 261
422 756
429 221
160 81
474 409
691 178
233 776
77 3
490 315
729 211
470 587
52 244
95 298
775 27
618 373
347 525
416 82
817 699
676 124
113 780
593 644
195 320
370 803
590 464
418 229
707 561
704 166
658 17
375 490
662 496
536 20
569 704
72 0
414 57
17 620
60 648
348 289
260 622
610 249
215 463
700 808
493 262
211 462
470 89
533 102
672 551
87 630
241 681
776 589
746 808
8 33
92 772
392 664
304 558
188 334
268 421
295 211
203 277
623 815
614 721
708 459
585 701
534 134
661 673
801 138
455 133
602 288
319 798
496 252
601 136
528 212
776 677
757 316
636 299
282 257
459 284
191 534
100 524
82 204
706 705
275 714
166 70
32 712
103 192
278 100
800 286
219 172
550 82
143 402
407 224
656 188
165 667
169 584
423 568
62 293
697 296
595 483
512 795
794 342
79 449
7 413
590 339
705 689
219 731
736 229
310 611
651 331
377 784
410 93
602 310
120 656
305 70
764 0
597 202
443 553
624 436
171 529
367 811
702 730
733 593
567 17
69 162
0 646
287 689
69 259
812 221
629 788
768 496
462 25
201 242
48 160
290 273
590 575
149 362
765 112
417 524
425 245
179 350
476 316
338 438
46 672
474 582
475 160
719 291
487 139
234 560
64 644
256 651
647 277
280 171
182 769
807 267
44 690
749 435
177 332
238 584
10 258
594 439
408 665
228 129
739 585
188 50
417 730
430 517
749 223
38 742
267 663
740 452
729 810
673 243
753 346
315 560
442 595
688 44
785 536
682 777
117 502
736 498
140 687
492 191
337 236
560 758
500 663
287 258
749 1
662 577
804 450
520 703
699 109
456 620
783 329
55 742
809 807
423 793
64 803
797 560
779 497
254 600
537 393
714 631
428 572
142 210
652 650
654 564
615 524
617 559
355 805
207 464
556 805
699 613
797 475
124 330
10 47
602 287
691 232
214 738
565 451
671 486
577 764
136 313
687 169
465 148
680 735
596 783
254 8
353 737
52 409
509 638
115 673
348 262
191 311
133 382
12 819
310 436
67 573
210 743
691 355
380 534
795 243
504 519
120 631
510 229
165 773
38 576
391 776
450 276
132 10
809 795
249 409
225 560
545 526
259 335
648 508
630 57
497 216
103 277
739 86
426 408
798 470
195 293
273 498
380 45
614 692
723 83
312 281
685 105
542 187
169 309
359 524
415 371
255 336
504 187
403 32
545 181
627 89
735 242
775 461
157 783
315 251
481 311
324 149
469 471
659 599
574 580
419 379
555 2
306 97
485 301
132 359
65 175
768 669
636 799
25 756
433 133
220 67
760 639
250 321
92 573
567 360
107 231
338 601
186 455
745 96
503 20
233 353
403 155
664 805
752 673
339 326
141 122
186 450
397 415
267 406
704 368
809 452
157 556
755 616
506 630
694 289
396 763
244 197
520 207
294 601
150 753
16 751
599 90
37 350
752 755
339 479
365 500
12 538
31 139
767 733
45 425
647 411
134 462
265 325
461 428
408 776
740 9
46 66
246 572
506 389
44 158
61 723
291 536
107 519
258 611
511 17
301 584
704 183
173 544
277 788
472 123
74 35
427 363
771 674
165 706
347 345
663 56
566 209
484 748
672 643
366 777
761 354
249 723
714 286
182 807
285 773
400 635
750 300
669 421
90 337
565 156
318 290
590 753
310 204
729 376
117 631
733 289
246 311
157 342
615 384
496 307
776 103
383 494
536 147
610 281
269 359
600 5
599 558
14 624
778 733
706 649
560 194
138 573
486 783
282 479
241 801
437 67
708 571
74 185
782 681
137 283
404 544
291 197
91 24
509 78
343 278
362 94
106 323
258 361
441 53
497 150
622 27
87 654
300 126
120 731
498 158
404 130
196 579
662 371
406 210
226 601
541 447
102 418
254 728
669 685
780 503
802 242
580 734
461 551
79 64
132 336
296 551
196 622
416 799
773 105
308 269
359 301
466 708
791 108
685 37
275 3
469 143
197 368
564 397
461 20
750 102
727 676
679 559
78 431
539 123
409 780
816 645
381 506
457 575
267 575
305 256
512 390
476 232
354 165
535 659
356 201
763 423
745 417
440 268
818 280
702 299
446 436
269 92
630 171
76 284
401 159
613 529
637 227
549 748
580 682
744 181
685 606
703 357
348 467
511 232
562 408
100 259
89 504
678 673
690 29
172 555
653 678
235 744
651 724
739 628
765 134
468 158
48 128
672 800
325 411
27 680
242 761
135 502
775 452
352 418
610 669
586 397
46 581
112 247
444 676
147 357
13 567
74 614
268 254
139 206
362 201
73 631
117 775
207 138
432 555
244 478
693 263
183 618
724 75
212 780
74 405
470 328
213 542
448 364
285 723
474 201
549 114
343 749
628 699
342 73
291 154
158 656
344 485
746 121
647 729
338 731
353 732
12 635
103 14
704 229
291 775
559 46
643 363
393 604
635 702
796 715
717 176
804 141
45 448
161 515
397 806
448 343
693 148
494 10
533 322
722 383
500 702
524 1
678 754
131 606
432 540
523 541
110 183
784 314
363 334
278 725
767 393
426 605
564 457
179 4
299 474
305 693
327 816
664 754
693 732
202 93
475 47
736 449
134 671
652 83
707 90
622 280
620 447
272 402
409 48
569 295
567 160
8 746
482 398
123 113
499 618
269 706
720 292
127 481
150 43
329 508
185 161
588 288
339 576
601 612
489 90
499 197
794 386
679 578
63 638
356 752
811 253
717 47
221 261
420 131
222 354
359 340
529 292
157 288
9 546
176 757
230 419
698 359
376 351
349 650
402 497
224 48
732 430
813 110
303 227
206 127
178 536
6 348
311 704
231 692
775 682
586 367
61 638
440 775
535 218
276 183
397 452
65 312
551 103
126 706
741 651
492 414
118 423
364 655
571 611
698 690
440 775
547 108
767 137
775 421
484 455
46 62
137 312
328 771
733 121
559 410
487 81
347 535
205 748
77 753
666 629
387 697
737 199
262 764
337 384
665 360
498 682
145 236
325 652
33 530
537 307
721 524
36 804
438 653
281 239
575 522
574 121
205 504
816 428
238 706
4 626
467 135
519 318
817 521
456 811
72 365
718 788
447 568
112 245
393 555
677 416
212 385
722 34
647 750
165 246
587 406
51 222
527 611
23 578
316 555
422 238
785 343
721 185
102 756
746 479
13 353
687 756
418 11
538 657
245 659
705 48
31 374
462 325
121 200
144 480
307 95
488 693
646 116
407 192
558 379
132 127
349 334
647 218
126 290
463 728
250 42
801 458
354 544
539 272
423 285
237 89
32 656
118 296
772 504
152 388
273 441
753 91
547 5
417 594
235 465
6 281
405 133
165 122
305 334
290 40
719 671
201 646
134 130
316 12
404 83
7 179
181 279
771 294
311 560
12 711
783 494
79 318
732 760
227 455
40 581
766 170
801 407
528 793
361 788
778 9
324 656
259 320
431 722
660 150
813 341
694 157
385 246
392 382
95 117
305 74
288 101
513 738
789 775
778 463
103 58
683 48
442 814
102 225
425 465
237 308
81 532
478 416
218 666
817 714
679 711
639 596
33 341
531 507
456 41
562 469
532 799
623 481
785 410
552 128
539 480
705 295
602 654
659 276
235 487
178 432
64 762
414 384
804 663
62 637
672 780
790 73
511 588
394 663
496 211
758 184
393 237
675 403
756 509
52 168
86 526
252 124
346 117
644 361
536 779
113 371
213 665
84 8
299 337
773 250
107 25
496 535
599 5
676 375
6 624
340 780
273 291
532 662
272 113
785 282
29 240
109 751
291 103
31 645
291 97
127 284
238 325
712 534
407 792
297 199
252 426
504 622
777 520
302 427
625 500
582 147
170 651
522 3
161 64
806 284
477 590
475 7
324 456
611 494
424 409
629 608
281 277
800 613
399 723
2 295
537 807
88 435
285 239
649 273
516 502
372 311
146 599
704 532
123 278
725 567
214 502
4 444
706 642
239 249
281 19
299 131
673 741
251 100
368 427
163 508
140 427
258 595
91 610
531 643
637 346