860
4299
0,
1,
2,
3,
4,
5,
6,
7,
8,
9,
10,
11,
12,
13,
14,
15,
16,
17,
18,
19,
20,
21,
22,
23,
24,
25,
26,
27,
28,
29,
30,
31,
32,
33,
34,
35,
36,
37,
38,
39,
40,
41,
42,
43,
44,
45,
46,
47,
48,
49,
50,
51,
52,
53,
54,
55,
56,
57,
58,
59,
60,
61,
62,
63,
64,
65,
66,
67,
68,
69,
70,
71,
72,
73,
74,
75,
76,
77,
78,
79,
80,
81,
82,
83,
84,
85,
86,
87,
88,
89,
90,
91,
92,
93,
94,
95,
96,
97,
98,
99,
100,
101,
102,
103,
104,
105,
106,
107,
108,
109,
110,
111,
112,
113,
114,
115,
116,
117,
118,
119,
120,
121,
122,
123,
124,
125,
126,
127,
128,
129,
130,
131,
132,
133,
134,
135,
136,
137,
138,
139,
140,
141,
142,
143,
144,
145,
146,
147,
148,
149,
150,
151,
152,
153,
154,
155,
156,
157,
158,
159,
160,
161,
162,
163,
164,
165,
166,
167,
168,
169,
170,
171,
172,
173,
174,
175,
176,
177,
178,
179,
180,
181,
182,
183,
184,
185,
186,
187,
188,
189,
190,
191,
192,
193,
194,
195,
196,
197,
198,
199,
200,
201,
202,
203,
204,
205,
206,
207,
208,
209,
210,
211,
212,
213,
214,
215,
216,
217,
218,
219,
220,
221,
222,
223,
224,
225,
226,
227,
228,
229,
230,
231,
232,
233,
234,
235,
236,
237,
238,
239,
240,
241,
242,
243,
244,
245,
246,
247,
248,
249,
250,
251,
252,
253,
254,
255,
256,
257,
258,
259,
260,
261,
262,
263,
264,
265,
266,
267,
268,
269,
270,
271,
272,
273,
274,
275,
276,
277,
278,
279,
280,
281,
282,
283,
284,
285,
286,
287,
288,
289,
290,
291,
292,
293,
294,
295,
296,
297,
298,
299,
300,
301,
302,
303,
304,
305,
306,
307,
308,
309,
310,
311,
312,
313,
314,
315,
316,
317,
318,
319,
320,
321,
322,
323,
324,
325,
326,
327,
328,
329,
330,
331,
332,
333,
334,
335,
336,
337,
338,
339,
340,
341,
342,
343,
344,
345,
346,
347,
348,
349,
350,
351,
352,
353,
354,
355,
356,
357,
358,
359,
360,
361,
362,
363,
364,
365,
366,
367,
368,
369,
370,
371,
372,
373,
374,
375,
376,
377,
378,
379,
380,
381,
382,
383,
384,
385,
386,
387,
388,
389,
390,
391,
392,
393,
394,
395,
396,
397,
398,
399,
400,
401,
402,
403,
404,
405,
406,
407,
408,
409,
410,
411,
412,
413,
414,
415,
416,
417,
418,
419,
420,
421,
422,
423,
424,
425,
426,
427,
428,
429,
430,
431,
432,
433,
434,
435,
436,
437,
438,
439,
440,
441,
442,
443,
444,
445,
446,
447,
448,
449,
450,
451,
452,
453,
454,
455,
456,
457,
458,
459,
460,
461,
462,
463,
464,
465,
466,
467,
468,
469,
470,
471,
472,
473,
474,
475,
476,
477,
478,
479,
480,
481,
482,
483,
484,
485,
486,
487,
488,
489,
490,
491,
492,
493,
494,
495,
496,
497,
498,
499,
500,
501,
502,
503,
504,
505,
506,
507,
508,
509,
510,
511,
512,
513,
514,
515,
516,
517,
518,
519,
520,
521,
522,
523,
524,
525,
526,
527,
528,
529,
530,
531,
532,
533,
534,
535,
536,
537,
538,
539,
540,
541,
542,
543,
544,
545,
546,
547,
548,
549,
550,
551,
552,
553,
554,
555,
556,
557,
558,
559,
560,
561,
562,
563,
564,
565,
566,
567,
568,
569,
570,
571,
572,
573,
574,
575,
576,
577,
578,
579,
580,
581,
582,
583,
584,
585,
586,
587,
588,
589,
590,
591,
592,
593,
594,
595,
596,
597,
598,
599,
600,
601,
602,
603,
604,
605,
606,
607,
608,
609,
610,
611,
612,
613,
614,
615,
616,
617,
618,
619,
620,
621,
622,
623,
624,
625,
626,
627,
628,
629,
630,
631,
632,
633,
634,
635,
636,
637,
638,
639,
640,
641,
642,
643,
644,
645,
646,
647,
648,
649,
650,
651,
652,
653,
654,
655,
656,
657,
658,
659,
660,
661,
662,
663,
664,
665,
666,
667,
668,
669,
670,
671,
672,
673,
674,
675,
676,
677,
678,
679,
680,
681,
682,
683,
684,
685,
686,
687,
688,
689,
690,
691,
692,
693,
694,
695,
696,
697,
698,
699,
700,
701,
702,
703,
704,
705,
706,
707,
708,
709,
710,
711,
712,
713,
714,
715,
716,
717,
718,
719,
720,
721,
722,
723,
724,
725,
726,
727,
728,
729,
730,
731,
732,
733,
734,
735,
736,
737,
738,
739,
740,
741,
742,
743,
744,
745,
746,
747,
748,
749,
750,
751,
752,
753,
754,
755,
756,
757,
758,
759,
760,
761,
762,
763,
764,
765,
766,
767,
768,
769,
770,
771,
772,
773,
774,
775,
776,
777,
778,
779,
780,
781,
782,
783,
784,
785,
786,
787,
788,
789,
790,
791,
792,
793,
794,
795,
796,
797,
798,
799,
800,
801,
802,
803,
804,
805,
806,
807,
808,
809,
810,
811,
812,
813,
814,
815,
816,
817,
818,
819,
820,
821,
822,
823,
824,
825,
826,
827,
828,
829,
830,
831,
832,
833,
834,
835,
836,
837,
838,
839,
840,
841,
842,
843,
844,
845,
846,
847,
848,
849,
850,
851,
852,
853,
854,
855,
856,
857,
858,
859
369 333
333 773
773 802
802 429
429 118
118 466
466 171
171 80
80 107
107 243
243 646
646 522
522 404
404 819
819 642
642 688
688 698
698 694
694 489
489 803
803 121
121 156
156 294
294 785
785 342
342 843
843 220
220 752
752 180
180 468
468 848
848 672
672 134
134 201
201 351
351 751
751 266
266 686
686 850
850 345
345 551
551 456
456 637
637 578
578 764
764 246
246 840
840 517
517 33
33 25
25 465
465 30
30 455
455 191
191 696
696 161
161 763
763 738
738 403
403 702
702 839
839 523
523 393
393 228
228 375
375 692
692 97
97 340
340 847
847 140
140 159
159 571
571 317
317 39
39 164
164 841
841 326
326 109
109 531
531 567
567 689
689 2
2 607
607 295
295 744
744 844
844 380
380 346
346 71
71 449
449 253
253 747
747 826
826 597
597 708
708 143
143 695
695 485
485 160
160 60
60 384
384 371
371 62
62 269
269 268
268 504
504 673
673 312
312 609
609 446
446 394
394 562
562 304
304 851
851 783
783 5
5 488
488 188
188 129
129 37
37 247
247 127
127 31
31 29
29 343
343 3
3 49
49 194
194 808
808 452
452 244
244 231
231 74
74 583
583 515
515 390
390 183
183 45
45 595
595 473
473 199
199 50
50 58
58 203
203 541
541 44
44 765
765 83
83 223
223 132
132 483
483 736
736 535
535 204
204 115
115 148
148 337
337 419
419 334
334 209
209 215
215 552
552 719
719 318
318 18
18 61
61 125
125 423
423 178
178 20
20 202
202 767
767 530
530 603
603 650
650 8
8 589
589 284
284 382
382 437
437 13
13 235
235 165
165 585
585 196
196 192
192 494
494 716
716 379
379 481
481 157
157 6
6 265
265 451
451 679
679 789
789 325
325 706
706 804
804 88
88 99
99 462
462 374
374 558
558 226
226 546
546 133
133 788
788 748
748 214
214 472
472 363
363 806
806 236
236 293
293 687
687 727
727 424
424 256
256 735
735 245
245 623
623 684
684 95
95 233
233 14
14 301
301 648
648 540
540 502
502 458
458 335
335 407
407 438
438 784
784 222
222 779
779 184
184 389
389 666
666 670
670 124
124 42
42 633
633 167
167 569
569 298
298 829
829 103
103 168
168 46
46 396
396 771
771 624
624 172
172 712
712 415
415 331
331 408
408 532
532 675
675 630
630 418
418 777
777 85
85 644
644 718
718 242
242 51
51 500
500 588
588 110
110 832
832 391
391 668
668 153
153 591
591 822
822 794
794 82
82 570
570 116
116 117
117 710
710 584
584 690
690 655
655 828
828 766
766 90
90 324
324 219
219 639
639 669
669 170
170 278
278 431
431 846
846 162
162 200
200 40
40 76
76 313
313 823
823 417
417 1
1 471
471 734
734 398
398 270
270 189
189 93
93 23
23 447
447 463
463 572
572 338
338 812
812 54
54 291
291 442
442 366
366 448
448 286
286 43
43 635
635 564
564 605
605 392
392 611
611 66
66 195
195 281
281 237
237 676
676 482
482 207
207 715
715 707
707 469
469 257
257 549
549 634
634 728
728 251
251 300
300 227
227 67
67 858
858 753
753 827
827 737
737 817
817 621
621 308
308 474
474 599
599 114
114 496
496 645
645 561
561 662
662 177
177 618
618 713
713 557
557 464
464 853
853 770
770 287
287 800
800 152
152 444
444 486
486 120
120 757
757 349
349 319
319 139
139 344
344 4
4 402
402 498
498 548
548 262
262 111
111 775
775 249
249 356
356 264
264 754
754 697
697 671
671 745
745 643
643 629
629 573
573 185
185 835
835 106
106 145
145 614
614 406
406 740
740 35
35 838
838 296
296 627
627 154
154 528
528 750
750 703
703 640
640 798
798 704
704 55
55 477
477 362
362 131
131 119
119 210
210 821
821 17
17 813
813 330
330 38
38 248
248 399
399 795
795 385
385 211
211 100
100 619
619 524
524 480
480 310
310 373
373 682
682 9
9 361
361 626
626 433
433 383
383 358
358 69
69 493
493 411
411 729
729 793
793 720
720 665
665 175
175 354
354 791
791 430
430 587
587 732
732 565
565 78
78 141
141 778
778 73
73 288
288 218
218 321
321 239
239 467
467 731
731 701
701 34
34 810
810 723
723 112
112 426
426 234
234 711
711 212
212 376
376 805
805 622
622 352
352 661
661 360
360 461
461 664
664 780
780 186
186 272
272 315
315 432
432 654
654 104
104 809
809 475
475 21
21 279
279 527
527 801
801 229
229 181
181 123
123 683
683 216
216 678
678 852
852 435
435 560
560 513
513 631
631 691
691 536
536 543
543 820
820 41
41 575
575 533
533 27
27 425
425 126
126 726
726 816
816 641
641 241
241 213
213 604
604 53
53 559
559 760
760 221
221 273
273 617
617 660
660 518
518 274
274 198
198 48
48 854
854 768
768 28
28 357
357 166
166 102
102 232
232 130
130 582
582 15
15 277
277 657
657 445
445 521
521 328
328 267
267 616
616 381
381 77
77 350
350 610
610 601
601 776
776 292
292 182
182 563
563 336
336 526
526 632
632 663
663 436
436 19
19 553
553 674
674 108
108 620
620 282
282 556
556 615
615 653
653 652
652 302
302 89
89 101
101 781
781 717
717 320
320 470
470 238
238 428
428 311
311 72
72 598
598 276
276 762
762 224
224 606
606 782
782 818
818 372
372 824
824 786
786 341
341 412
412 368
368 395
395 420
420 724
724 613
613 254
254 534
534 348
348 197
197 84
84 749
749 815
815 681
681 190
190 837
837 501
501 511
511 314
314 577
577 460
460 280
280 510
510 364
364 252
252 113
113 217
217 586
586 476
476 10
10 743
743 205
205 16
16 733
733 746
746 855
855 322
322 208
208 490
490 814
814 441
441 525
525 520
520 12
12 857
857 544
544 799
799 505
505 414
414 714
714 0
0 290
290 59
59 79
79 271
271 566
566 285
285 309
309 263
263 105
105 755
755 275
275 92
92 136
136 506
506 187
187 289
289 774
774 830
830 63
63 386
386 596
596 796
796 741
741 499
499 299
299 492
492 329
329 91
91 32
32 792
792 537
537 327
327 416
416 440
440 594
594 454
454 845
845 410
410 316
316 306
306 581
581 834
834 730
730 649
649 538
538 339
339 413
413 545
545 128
128 96
96 297
297 529
529 602
602 158
158 725
725 135
135 347
347 174
174 547
547 612
612 250
250 332
332 150
150 790
790 397
397 772
772 370
370 554
554 307
307 450
450 495
495 138
138 169
169 608
608 52
52 479
479 856
856 260
260 65
65 512
512 705
705 555
555 24
24 722
722 147
147 508
508 149
149 405
405 283
283 600
600 693
693 421
421 56
56 574
574 230
230 401
401 797
797 457
457 155
155 409
409 825
825 26
26 225
225 36
36 22
22 323
323 47
47 57
57 685
685 179
179 206
206 367
367 87
87 787
787 756
756 255
255 137
137 507
507 759
759 849
849 590
590 503
503 656
656 568
568 651
651 769
769 353
353 359
359 240
240 70
70 680
680 721
721 86
86 64
64 355
355 497
497 176
176 193
193 365
365 859
859 758
758 11
11 142
142 303
303 259
259 519
519 261
261 459
459 509
509 478
478 580
580 68
68 739
739 576
576 378
378 439
439 811
811 677
677 94
94 842
842 539
539 163
163 81
81 516
516 514
514 388
388 422
422 659
659 647
647 550
550 638
638 377
377 427
427 75
75 400
400 593
593 151
151 542
542 7
7 658
658 258
258 443
443 173
173 742
742 98
98 491
491 761
761 122
122 305
305 667
667 434
434 700
700 625
625 699
699 831
831 453
453 146
146 484
484 579
579 807
807 592
592 628
628 833
833 709
709 144
144 636
636 387
387 836
836 487
343 154
853 32
517 859
650 743
514 601
408 485
518 141
659 623
561 681
451 55
699 376
648 707
374 836
470 105
177 820
662 743
854 334
754 547
495 501
568 723
584 698
292 382
310 268
53 300
109 673
246 700
443 202
168 382
463 827
829 90
579 855
645 431
587 829
277 760
669 411
420 201
823 585
215 53
443 45
208 607
305 423
26 795
813 755
776 723
461 648
514 624
557 704
380 66
732 539
273 268
446 475
821 497
575 769
828 204
194 369
602 739
668 84
244 398
497 669
649 610
222 116
694 812
693 143
274 3
398 534
433 104
382 688
699 374
520 634
56 268
332 448
266 786
742 424
220 599
661 501
89 73
583 751
310 280
107 125
647 33
52 626
294 136
601 496
647 561
456 400
573 576
246 530
528 803
24 408
159 786
428 232
840 598
718 775
215 737
368 840
323 380
596 366
581 149
838 794
426 256
1 780
481 72
204 651
476 619
308 147
236 690
386 823
304 651
725 114
310 12
398 789
382 71
777 809
737 278
136 855
84 752
148 424
757 836
384 224
44 640
332 99
389 32
766 238
198 530
391 297
645 740
237 179
266 306
542 749
54 452
37 89
541 498
550 609
75 131
743 201
842 846
561 772
124 527
690 744
718 430
90 428
189 111
306 603
595 546
41 108
129 388
350 377
599 208
464 33
382 485
127 809
198 206
111 418
605 59
530 828
412 838
684 751
577 634
596 38
40 101
154 446
168 853
140 291
58 162
170 258
26 519
660 576
45 62
632 82
246 44
129 739
228 146
362 598
14 753
155 328
784 494
676 287
721 539
159 616
184 15
162 361
205 716
40 211
255 199
549 642
849 600
584 340
582 508
396 275
617 214
209 694
190 535
675 31
309 654
415 782
449 735
740 467
781 665
201 241
849 583
397 536
509 213
817 644
236 124
4 784
228 92
218 599
707 518
461 313
29 533
240 337
180 43
535 54
652 49
174 237
263 331
722 94
671 91
39 567
286 729
68 761
201 812
100 717
755 392
746 509
221 50
711 684
64 777
197 284
163 403
89 656
724 358
659 361
374 834
415 26
34 55
131 70
548 584
370 5
307 488
207 679
780 55
849 423
285 121
194 290
634 553
492 362
337 186
637 624
33 486
746 286
688 458
532 416
160 619
533 131
829 165
466 808
65 342
95 601
83 240
839 440
857 819
139 7
744 139
417 534
835 214
320 337
299 143
344 781
183 323
375 367
555 83
87 201
356 650
846 320
297 414
722 225
254 607
512 460
157 354
21 537
783 584
29 353
295 595
371 276
203 268
84 477
791 265
819 690
634 540
724 92
191 851
604 59
838 833
400 38
309 521
405 25
824 276
352 737
695 90
414 360
203 169
845 83
691 203
714 818
578 538
464 218
416 481
650 347
121 146
454 504
277 580
668 643
166 411
403 432
224 469
288 636
762 378
239 166
289 573
352 795
75 371
591 590
791 452
841 755
230 59
193 746
204 570
797 690
75 587
668 57
843 837
91 437
6 784
21 474
208 148
597 713
688 70
379 311
293 274
10 86
637 52
79 815
635 399
279 337
32 722
524 84
484 470
282 224
372 95
354 440
515 7
778 761
632 692
667 89
387 680
201 178
844 87
99 811
457 20
757 36
805 279
378 669
230 133
331 571
168 96
582 720
257 5
398 391
550 777
658 512
716 218
528 545
696 255
630 345
741 60
494 178
293 593
607 760
516 763
76 318
615 410
90 697
414 649
185 84
509 83
175 147
760 797
617 708
276 615
273 443
572 386
630 452
11 360
464 354
212 708
36 175
118 651
46 95
90 299
93 575
360 779
155 149
796 450
456 451
83 405
282 653
318 615
770 348
476 299
674 735
372 761
535 168
421 806
412 341
280 67
373 171
810 216
639 323
104 848
834 683
326 29
419 467
715 194
383 59
423 190
389 508
814 706
189 517
449 443
664 736
764 170
663 665
313 125
571 255
537 538
142 756
832 405
524 196
103 25
534 275
40 148
14 332
409 355
572 711
176 223
107 401
693 763
704 131
544 642
740 382
582 115
554 562
767 97
746 851
21 17
804 220
165 182
512 440
659 733
852 37
347 214
444 586
420 354
26 227
546 319
642 844
771 251
622 857
127 527
677 301
479 754
324 89
165 268
364 659
589 785
91 127
173 393
86 340
499 677
311 99
644 463
643 14
600 151
666 487
368 793
462 840
588 560
691 278
214 230
639 567
287 19
615 425
276 567
486 732
734 282
156 710
699 351
76 700
11 682
264 792
441 825
489 758
598 580
501 509
720 51
218 494
781 442
587 473
794 306
137 137
79 37
146 49
688 223
159 663
52 601
537 354
41 762
844 686
31 446
759 97
473 25
501 408
214 499
707 183
775 33
334 508
600 197
615 111
130 311
29 512
181 211
485 525
235 331
227 661
726 689
647 354
839 512
251 105
36 575
27 363
325 601
748 855
769 64
51 735
627 605
49 372
590 723
529 591
651 477
701 603
554 71
620 554
704 212
256 562
340 449
820 91
161 9
745 4
762 53
324 517
198 304
484 512
381 646
758 47
851 145
186 412
33 828
256 531
384 477
354 716
798 54
627 647
606 370
437 681
390 356
859 571
363 299
768 705
339 109
819 689
720 737
42 542
67 395
51 821
134 413
269 73
121 513
793 610
527 369
331 358
489 184
36 512
707 71
103 75
250 3
395 426
136 629
418 407
677 495
641 741
638 265
810 799
103 513
761 395
737 335
575 743
329 332
109 637
188 719
637 310
817 402
824 741
86 778
455 624
117 350
759 633
571 481
128 106
312 113
182 443
541 281
656 536
393 223
599 199
24 609
90 692
83 14
392 593
556 136
282 681
115 330
393 166
403 175
378 515
382 601
46 63
56 830
805 313
35 125
214 645
523 176
306 144
689 61
293 116
392 661
64 669
417 252
281 560
130 620
491 545
547 48
456 700
746 646
616 153
547 352
344 585
554 64
553 161
52 552
707 679
787 534
258 823
168 769
44 631
801 463
294 674
833 838
190 249
661 292
426 794
144 340
32 664
317 310
823 545
152 417
493 168
124 136
715 304
824 391
346 288
684 341
370 155
692 703
145 93
559 425
331 159
218 637
502 3
686 25
5 843
85 450
601 222
124 845
122 730
545 644
459 489
127 293
855 64
191 721
287 38
266 669
69 664
27 737
243 372
396 22
265 680
790 155
95 11
616 579
394 837
488 222
548 622
380 557
721 169
152 116
68 432
294 487
745 286
331 23
712 328
702 505
618 474
256 834
604 355
118 584
571 583
203 220
724 363
298 340
163 540
606 128
843 256
393 186
29 454
518 521
470 99
512 272
321 521
8 738
429 790
812 699
463 175
113 718
716 410
534 553
499 102
199 23
371 573
319 35
593 620
265 533
757 557
441 361
15 359
754 753
525 375
378 448
541 621
269 480
801 832
638 830
740 654
392 9
661 642
24 808
640 234
321 376
765 440
678 25
398 226
793 664
548 417
607 700
735 837
26 739
854 129
283 481
827 713
702 164
436 452
339 177
6 79
820 741
107 476
260 96
95 801
655 85
221 162
585 476
433 1
677 620
588 575
726 828
342 618
238 812
285 156
694 559
304 424
700 680
787 363
798 29
456 857
110 84
458 627
401 487
110 247
587 62
320 175
177 769
505 412
37 643
364 190
392 235
304 760
115 99
578 303
525 800
7 446
273 109
425 620
510 611
468 469
698 267
302 11
98 509
287 852
127 283
287 572
820 490
296 11
205 715
742 721
314 188
221 114
55 459
1 30
590 193
327 738
87 850
717 208
831 501
128 724
30 406
113 464
276 189
594 470
352 9
433 271
46 857
231 14
843 700
80 272
729 856
45 832
435 240
75 524
450 386
730 548
859 682
360 104
77 122
719 289
250 343
367 522
283 97
515 269
298 732
225 734
211 61
118 346
738 674
6 851
60 811
764 683
546 841
813 428
753 107
405 736
269 134
288 657
377 128
154 604
71 327
358 126
237 127
245 840
213 295
2 641
413 780
735 829
551 828
442 514
754 675
364 518
283 586
443 259
611 671
443 752
90 82
486 236
206 784
306 391
253 294
757 154
688 619
845 604
629 716
397 407
247 794
105 699
634 384
787 109
215 373
309 635
52 654
509 695
775 245
723 444
749 757
816 265
701 694
852 448
661 579
209 280
105 525
395 144
143 3
786 216
613 672
761 224
471 725
805 776
210 287
119 167
32 315
12 859
762 184
652 666
558 666
483 565
791 423
476 681
125 126
824 289
648 498
297 556
475 50
821 651
6 324
404 87
226 241
567 290
697 693
284 589
302 444
563 803
307 512
75 500
121 102
434 843
39 80
674 5
30 432
27 251
498 757
571 254
844 572
503 211
418 430
411 553
426 668
231 490
772 643
82 334
250 319
222 169
415 731
156 224
337 318
297 815
234 699
38 384
322 496
517 389
539 699
717 688
634 552
319 263
653 818
837 853
123 69
445 488
194 566
242 316
185 764
811 25
201 20
807 209
453 277
827 659
849 311
32 31
771 113
182 85
825 790
630 225
458 189
8 302
657 859
671 824
144 25
617 656
232 382
778 745
121 218
747 614
517 744
714 55
843 732
339 238
637 730
783 358
491 709
416 462
746 360
587 270
817 35
626 675
774 837
506 706
837 377
40 299
266 449
750 592
588 643
662 825
519 414
745 4
399 566
831 221
760 77
471 340
595 604
242 158
596 348
199 165
793 638
68 139
318 268
765 481
383 743
619 328
225 816
602 68
522 331
592 742
319 483
633 354
492 295
505 381
121 32
504 343
700 664
323 688
548 177
459 149
264 506
215 774
455 653
203 808
69 588
169 578
740 696
688 689
105 197
458 719
230 839
592 126
707 194
584 848
831 420
277 608
249 828
148 179
642 615
818 699
280 826
474 500
847 854
704 823
16 209
743 799
613 290
143 209
168 692
851 574
55 345
595 514
181 549
711 326
485 178
258 295
546 169
347 400
638 376
132 773
259 222
744 154
789 346
599 654
548 705
726 839
270 664
5 859
280 666
526 483
337 88
230 586
510 615
528 118
38 688
832 203
483 477
647 41
785 566
406 845
194 856
347 568
668 771
401 40
520 397
126 144
676 98
314 500
418 250
58 476
420 683
538 10
342 48
410 86
653 503
495 530
541 63
237 261
733 377
588 679
374 771
319 572
74 351
354 688
447 740
84 369
264 837
227 374
8 777
603 288
246 730
767 655
660 362
608 669
625 718
335 17
175 463
547 596
229 831
247 614
319 710
147 418
415 857
787 163
439 761
139 300
431 523
685 627
617 100
852 378
433 797
131 758
311 701
846 563
655 411
240 618
211 729
676 531
405 642
611 44
775 748
616 382
292 511
589 103
393 499
857 592
360 263
564 36
35 625
368 507
225 253
719 116
229 74
384 832
659 339
789 75
278 854
93 698
110 578
90 685
714 386
81 43
415 118
687 267
447 849
74 559
526 644
4 47
82 151
475 543
133 588
768 503
425 334
504 253
194 785
662 713
389 397
523 219
207 632
690 707
55 192
562 230
828 404
622 203
335 267
153 363
619 135
735 631
122 398
813 834
468 121
796 544
768 558
335 13
263 345
811 230
202 852
548 321
324 423
128 347
384 254
152 415
124 649
834 704
111 84
47 121
823 269
463 356
651 332
774 736
197 60
51 370
251 140
672 246
287 151
640 502
829 697
1 729
668 805
196 339
403 247
695 173
369 809
625 782
789 556
357 66
395 780
661 70
46 509
85 377
182 379
340 205
707 102
221 247
197 723
18 839
155 691
420 379
254 95
308 851
625 377
831 755
312 807
733 581
1 809
69 69
380 857
783 93
597 739
793 632
3 105
424 434
332 838
368 490
263 618
333 548
18 857
644 514
699 344
274 56
72 77
782 623
237 807
417 589
617 21
435 577
760 312
2 499
837 510
470 146
37 727
133 278
461 358
213 92
831 724
598 167
547 158
608 164
188 50
4 699
34 519
66 719
116 92
244 687
181 65
422 143
292 842
676 761
69 300
9 489
859 144
660 815
341 827
582 111
833 829
604 63
501 542
43 715
95 362
554 234
303 371
467 859
784 81
563 849
546 655
427 306
453 547
558 339
716 706
674 552
261 26
730 563
0 705
594 834
664 686
87 684
424 21
470 47
25 93
689 776
250 590
254 601
275 591
0 540
640 383
626 386
559 760
621 514
149 774
401 408
251 110
213 486
468 657
285 746
391 802
277 354
352 334
58 6
801 297
214 239
857 400
69 737
10 520
689 560
689 520
389 447
46 429
555 296
421 554
52 48
102 376
154 265
802 736
831 851
813 307
691 803
661 103
622 747
167 363
845 73
200 671
834 117
830 192
162 191
190 620
301 798
59 363
184 110
16 425
150 311
527 134
315 140
437 778
535 415
53 513
426 714
356 156
686 343
492 685
65 13
116 189
520 658
478 144
559 258
62 65
434 375
91 514
278 187
673 497
623 555
13 168
696 726
232 555
792 770
157 495
242 758
342 326
520 149
267 728
265 78
781 821
352 617
416 549
760 830
827 350
251 259
712 662
639 475
617 670
546 694
494 41
571 508
281 153
610 223
827 311
718 13
360 140
575 407
367 156
594 608
422 666
804 169
513 236
814 620
396 247
194 558
228 568
592 400
414 819
782 254
467 69
584 846
212 667
329 274
28 46
289 659
232 679
801 101
496 548
110 106
83 529
820 584
631 98
595 538
93 273
503 223
665 449
147 455
10 379
396 693
833 419
809 183
834 67
67 316
802 667
695 298
837 590
556 322
582 730
49 748
186 452
508 685
57 143
407 69
225 467
315 237
795 41
315 518
829 579
88 92
162 608
744 494
654 657
625 518
805 468
630 662
363 714
664 87
556 826
398 66
271 775
533 95
602 670
777 41
809 504
512 7
846 428
810 795
854 140
107 799
763 351
230 845
341 409
590 823
136 275
755 375
714 219
140 154
359 791
618 176
324 131
178 571
746 675
507 330
32 234
569 265
115 539
140 576
548 664
203 662
396 127
230 255
740 190
679 112
271 526
55 77
328 653
762 39
799 568
644 434
513 366
137 522
57 692
497 63
366 445
668 66
99 375
13 447
190 451
787 12
176 588
775 149
232 208
790 559
564 833
739 24
530 66
193 811
16 284
769 474
568 275
363 511
291 691
510 686
105 450
247 180
487 171
155 81
61 360
426 716
309 794
587 691
530 679
94 31
669 609
547 852
332 476
644 688
448 349
146 201
770 212
565 674
669 504
81 851
712 286
192 268
123 244
638 828
257 496
715 304
147 153
836 685
153 447
453 856
115 176
732 374
63 51
371 637
782 833
51 365
61 50
93 593
380 222
274 811
499 443
496 817
53 242
720 596
33 284
526 59
89 761
413 305
844 368
818 246
681 457
683 805
433 519
653 807
321 110
368 96
774 709
307 79
223 712
781 191
798 318
454 504
305 293
94 199
438 630
493 636
426 754
320 5
306 607
282 430
271 178
101 403
671 716
4 744
749 485
71 559
770 283
102 484
196 321
564 613
595 548
449 484
320 724
303 274
621 345
616 830
33 445
835 184
772 189
33 166
621 595
569 51
834 708
620 742
373 301
591 155
828 607
114 655
622 192
685 705
734 540
66 256
58 684
821 291
234 654
107 164
289 205
284 526
471 395
203 9
575 593
775 92
43 661
499 339
130 441
358 145
706 108
704 49
629 712
590 725
812 369
818 802
403 188
643 346
323 782
840 859
127 257
817 699
474 65
519 115
170 493
456 3
357 127
697 354
141 149
527 600
382 529
768 717
847 803
225 188
757 534
13 596
258 168
86 75
546 463
723 550
667 764
50 821
597 633
588 728
777 274
259 154
498 321
429 675
856 412
3 565
49 544
190 472
174 563
672 124
726 831
687 520
140 614
286 826
558 262
802 58
520 159
350 622
681 587
99 34
210 465
697 278
535 640
693 331
573 146
173 514
455 768
449 303
201 215
854 459
316 438
658 805
227 538
232 847
154 233
695 717
644 693
147 392
745 308
588 358
322 231
473 418
10 500
394 306
432 537
560 29
215 838
107 538
197 235
434 803
566 800
804 510
532 33
699 1
326 646
292 703
556 300
821 331
531 547
433 93
812 104
192 176
662 300
836 83
278 471
477 502
657 112
173 703
589 839
399 27
504 518
808 621
671 736
711 181
64 789
562 59
300 568
84 802
564 705
539 13
264 788
428 654
275 133
4 12
125 182
630 320
632 652
200 174
11 380
293 267
77 400
579 713
117 641
620 658
745 857
180 585
228 490
405 567
717 782
267 186
2 829
670 455
268 513
714 287
526 109
141 38
434 726
75 180
206 117
573 825
793 472
421 841
506 272
570 564
847 807
526 62
594 417
10 837
743 17
354 342
762 391
134 627
539 682
105 596
477 269
796 604
165 7
653 551
376 728
490 819
821 174
142 186
743 405
137 264
726 516
707 629
174 11
240 84
570 90
442 568
678 646
479 431
53 118
155 500
551 376
308 272
296 675
572 602
544 698
546 238
645 539
410 627
145 17
481 806
224 199
426 194
206 20
659 456
730 14
715 68
44 309
307 463
237 741
572 837
83 79
25 677
171 765
50 479
388 517
715 718
203 215
767 842
825 615
497 548
92 301
617 728
753 222
494 658
66 846
604 316
622 40
519 168
346 757
168 297
310 114
598 139
597 150
749 270
236 178
31 398
32 280
210 395
245 151
573 631
133 85
168 254
567 409
7 304
650 695
66 365
213 740
138 463
742 378
538 211
78 123
91 822
321 637
340 298
131 788
570 74
270 442
208 74
328 153
814 793
488 126
490 437
415 508
229 642
126 157
342 255
297 383
469 688
251 302
82 487
50 476
501 45
123 444
116 655
79 370
270 850
289 59
716 578
776 450
714 644
221 767
206 444
85 116
807 712
557 560
436 41
813 287
279 231
346 171
70 628
265 549
84 521
126 562
567 456
318 375
284 744
212 750
382 425
61 126
636 381
777 139
432 32
549 712
597 363
670 810
227 147
80 717
101 180
726 273
305 344
97 252
603 145
772 747
483 730
696 85
790 226
250 461
835 721
595 803
132 533
554 211
403 394
182 153
329 25
26 71
521 262
581 45
397 481
333 40
830 682
438 790
638 100
599 268
619 287
31 698
801 739
503 283
355 526
126 7
69 96
379 733
176 76
499 779
447 331
281 240
746 368
689 657
193 77
657 740
78 133
69 381
21 741
503 388
392 850
675 420
703 412
84 237
5 480
201 288
394 110
809 820
559 623
304 783
357 262
273 611
229 161
539 47
681 516
520 86
272 225
574 393
164 626
370 518
736 859
353 194
206 579
49 265
597 635
449 522
233 779
636 145
757 843
135 225
82 708
749 596
192 322
704 56
174 255
337 711
347 388
675 517
582 611
453 181
565 451
293 367
133 577
272 802
76 672
281 495
6 19
370 852
441 776
335 78
719 76
342 187
340 54
54 371
716 798
564 357
669 581
428 465
581 370
171 298
233 212
57 561
450 772
681 359
401 659
486 349
115 22
640 190
218 662
491 226
435 315
365 848
440 723
187 47
593 86
345 262
3 306
131 28
819 237
262 598
188 348
526 533
684 391
853 666
309 131
412 809
784 805
538 180
22 296
147 718
95 551
222 780
137 88
790 810
435 512
49 808
358 718
707 1
95 745
639 710
499 317
21 167
115 777
5 0
87 545
713 810
738 303
566 485
469 837
291 622
435 180
468 786
615 682
301 393
572 834
472 352
555 93
687 590
268 22
221 722
744 436
532 217
791 271
454 801
172 729
31 836
714 788
600 845
366 202
684 314
495 858
644 61
515 121
450 231
350 618
489 465
314 584
206 857
505 705
186 172
413 390
746 574
107 466
279 369
513 573
836 337
154 687
337 799
681 219
813 639
567 549
572 321
47 817
372 664
543 635
444 517
106 167
177 700
681 557
309 569
846 246
77 398
835 92
163 304
132 86
546 145
709 392
583 386
27 133
394 471
656 344
453 24
723 522
503 345
471 196
530 754
328 433
255 498
375 619
649 201
527 116
616 111
172 807
579 246
694 802
367 672
98 636
450 299
130 844
112 25
9 86
797 673
597 141
537 408
24 314
84 337
644 701
292 150
382 705
734 135
580 474
72 209
39 831
191 216
328 167
689 368
846 432
411 750
344 803
159 422
424 701
777 857
124 758
323 419
419 214
819 373
119 194
90 458
613 784
796 733
794 789
530 628
77 802
402 645
719 528
484 815
207 688
812 232
76 204
225 35
407 453
279 79
750 78
189 314
209 436
446 809
8 61
630 37
578 98
777 610
77 375
222 413
821 33
32 808
271 85
626 170
621 192
659 371
422 440
687 692
562 194
112 534
777 674
732 200
346 296
242 730
612 438
86 774
292 722
530 843
725 444
173 137
817 716
808 58
140 472
400 130
632 147
185 316
388 27
341 549
70 829
420 343
44 421
555 220
252 728
114 105
786 587
764 192
62 25
188 31
480 475
426 618
105 576
531 27
493 725
561 24
794 382
726 365
568 845
14 569
729 125
622 626
515 804
470 755
530 84
171 147
226 807
455 294
841 608
750 73
548 99
298 689
701 843
740 831
602 302
31 539
789 148
112 511
87 460
791 430
813 77
301 13
841 670
711 175
375 449
389 197
411 693
842 141
123 358
339 30
627 117
363 260
206 708
603 128
476 465
285 430
257 130
111 858
708 330
132 122
499 485
598 539
279 369
381 370
163 176
274 404
150 742
55 763
781 834
727 796
169 230
23 316
558 331
557 261
240 849
592 221
88 717
487 791
86 536
461 167
609 528
273 823
409 542
295 566
218 575
518 752
391 757
403 536
38 630
69 847
740 73
108 88
493 429
671 471
581 559
800 377
428 670
157 312
387 110
65 80
854 610
39 756
159 82
700 827
75 744
360 773
736 633
313 594
648 796
628 521
552 216
711 738
563 269
407 403
445 637
16 719
336 790
791 626
184 520
584 857
803 428
400 47
716 499
209 491
219 1
225 802
708 501
625 147
658 335
10 444
183 618
531 746
439 63
99 554
499 193
573 748
309 411
801 664
383 108
246 586
28 227
190 269
187 528
93 518
135 501
812 159
228 70
680 443
87 26
445 137
676 679
465 104
803 208
131 659
279 293
399 530
430 115
263 132
130 110
811 378
535 452
176 257
573 439
48 583
394 570
263 245
330 90
767 240
752 814
267 48
820 368
856 682
580 596
601 219
89 818
460 297
557 434
77 773
853 57
260 204
240 13
600 64
706 367
359 792
320 331
195 174
484 22
132 98
281 283
43 585
344 819
620 677
106 555
196 121
778 470
510 216
372 113
445 546
500 806
213 205
108 292
651 679
757 494
161 382
455 506
194 421
775 57
403 305
397 540
464 183
193 542
146 69
76 154
45 393
731 544
79 141
412 743
650 828
427 612
353 843
579 91
286 12
347 424
493 777
667 579
636 857
548 654
827 547
11 471
470 787
828 488
324 723
313 193
210 705
415 605
103 24
837 283
25 329
188 57
477 702
283 661
592 686
80 542
114 2
793 105
271 771
290 857
415 0
402 340
243 124
566 771
315 56
379 188
130 642
215 609
111 586
472 577
551 398
699 243
307 275
28 142
781 656
623 750
765 279
183 812
715 425
313 473
179 559
444 713
14 599
512 839
730 484
635 414
489 740
273 479
751 823
541 318
744 215
251 278
858 766
485 723
507 115
217 814
280 697
441 755
85 457
518 549
321 206
403 472
388 107
799 142
644 780
100 356
238 545
654 210
504 372
790 47
164 423
165 626
837 387
465 285
633 589
159 812
804 792
658 657
354 672
752 416
543 365
293 39
344 430
97 37
493 167
482 278
504 106
748 96
680 797
704 21
373 336
266 370
275 538
92 278
773 467
117 338
296 801
383 200
314 660
356 736
713 845
691 855
392 685
381 500
279 603
21 112
434 589
439 4
173 597
518 476
821 751
498 44
684 849
295 81
392 401
516 67
531 196
583 280
299 421
94 426
130 194
736 627
344 720
352 103
785 155
657 327
392 233
835 157
688 641
236 356
126 70
749 170
230 167
212 682
558 173
224 676
244 859
643 260
718 699
603 155
468 671
750 518
289 587
562 30
223 224
210 397
71 241
564 776
782 496
402 628
584 105
642 178
127 467
496 264
529 360
280 416
805 289
433 22
409 408
688 721
672 444
277 538
644 138
107 92
171 281
292 353
644 730
182 355
14 665
119 41
567 362
389 207
394 390
476 80
658 368
797 756
813 343
770 818
229 340
204 314
299 744
429 839
95 591
799 487
158 471
548 159
822 548
470 515
291 523
614 419
210 590
222 122
486 511
186 75
675 486
220 722
120 553
498 822
444 565
662 797
535 577
220 826
301 835
638 278
559 27
504 758
149 243
582 498
188 705
184 519
259 138
381 696
75 324
121 184
705 806
135 212
491 44
783 541
681 455
316 181
204 340
837 259
623 311
371 632
372 633
597 572
418 457
642 484
60 65
369 98
421 199
143 84
437 578
413 29
716 467
615 666
333 456
16 597
770 525
19 494
221 827
246 793
507 683
111 54
715 558
628 73
812 86
489 331
697 685
529 672
135 100
599 60
62 121
410 307
488 379
662 810
766 319
583 427
823 591
392 616
112 232
64 48
336 237
421 807
319 606
772 480
368 27
530 758
764 3
33 60
832 743
457 472
602 804
39 794
592 205
608 779
163 210
91 354
648 460
214 501
32 745
748 768
381 707
588 155
783 607
489 532
333 466
393 704
621 180
558 661
125 560
628 234
747 523
738 27
371 611
103 687
556 16
512 589
610 840
813 207
231 679
444 313
362 744
141 526
191 256
852 14
55 599
428 465
100 610
393 114
377 201
490 508
569 552
720 222
674 289
318 380
598 18
738 769
607 712
558 183
72 803
36 824
87 437
533 341
664 823
521 126
326 168
711 197
625 593
325 73
818 624
424 620
113 781
128 21
25 846
251 760
774 316
3 373
706 223
534 833
720 821
115 432
195 567
502 226
709 537
118 244
459 463
206 426
41 212
739 437
545 479
388 313
164 38
772 533
826 752
58 738
478 856
444 551
313 176
715 535
162 315
241 156
483 252
360 545
829 565
493 375
352 500
674 103
462 798
842 736
52 458
737 108
544 617
619 320
23 806
116 619
366 649
560 445
72 468
663 108
134 725
736 402
425 651
99 739
346 134
771 66
109 855
580 549
344 759
597 567
59 239
504 678
546 454
857 342
53 645
434 298
106 81
681 384
820 328
240 299
80 659
488 78
396 820
684 323
281 132
823 604
636 812
692 72
334 51
1 301
656 10
197 350
431 594
41 258
529 134
813 98
660 729
529 415
703 64
558 122
710 543
457 464
205 95
250 736
626 627
807 532
381 325
731 357
366 616
273 234
34 23
811 353
741 615
146 571
414 436
226 41
259 487
783 388
652 296
513 247
241 481
133 111
69 527
330 154
807 683
586 447
636 650
694 240
290 503
859 173
164 710
340 555
239 429
304 598
39 736
104 324
97 445
393 167
156 492
151 508
820 831
485 463
102 850
640 341
136 472
172 104
220 781
229 543
321 838
359 608
173 307
778 185
807 611
749 393
216 391
334 306
45 95
619 712
114 196
504 669
567 435
300 413
185 188
837 685
204 722
26 499
776 299
113 495
18 838
642 319
409 557
324 787
802 67
119 347
368 70
183 83
495 120
509 203
27 6
746 780
503 181
433 650
438 415
572 830
631 81
24 107
433 380
511 212
453 813
721 733
857 433
660 309
179 506
252 746
286 661
64 784
463 583
810 767
730 631
126 168
94 608
223 305
448 119
191 184
358 306
608 709
633 376
487 244
697 523
848 163
494 147
17 710
858 100
660 174
240 235
270 668
838 482
766 277
795 671
751 554
839 406
670 149
31 574
725 693
690 768
182 752
485 300
718 103
640 788
816 390
543 832
302 358
767 18
687 845
824 33
350 182
461 555
246 340
135 127
373 662
16 42
350 55
401 225
637 569
504 181
323 56
312 816
518 780
677 32
736 228
472 90
275 530
356 770
217 792
175 146
356 536
509 127
13 10
162 653
534 245
252 787
349 812
328 567
555 475
499 656
191 824
831 21
755 752
489 261
87 422
493 780
535 440
302 234
725 490
836 742
145 117
818 535
154 640
711 196
286 693
612 152
309 836
24 22
304 717
281 700
335 675
50 92
17 422
664 249
375 472
556 54
625 167
718 238
565 742
93 850
213 651
710 691
4 373
593 454
112 428
257 421
139 632
620 367
367 47
675 664
226 414
56 491
660 183
172 300
526 655
772 754
135 752
124 764
619 313
156 757
830 283
364 278
336 727
511 799
89 616
540 804
540 204
654 796
544 238
12 538
429 377
492 408
273 577
457 43
369 34
640 365
489 165
363 618
98 9
778 819
136 295
232 764
278 565
42 859
254 410
177 2
788 188
809 502
758 785
304 630
567 525
252 726
92 138
351 302
634 747
689 251
858 495
339 267
185 818
556 302
390 392
748 827
72 95
785 262
155 505
428 507
84 26
55 131
454 619
663 759
60 49
272 254
733 95
501 534
724 678
252 384
613 279
738 551
662 295
734 244
527 4
528 433
146 27
193 307
796 750
777 259
511 465
271 247
838 534
833 66
282 530
748 219
751 776
802 663
301 812
112 151
779 319
372 364
722 696
609 555
765 548
152 389
116 223
371 362
163 62
463 548
78 630
529 573
586 42
549 802
332 782
520 286
369 247
391 750
124 197
89 798
446 236
730 152
751 758
71 246
100 513
424 42
598 2
553 724
504 103
686 528
37 320
131 499
721 154
138 323
591 380
731 6
421 444
44 28
298 255
625 86
688 784
250 264
668 552
235 274
809 607
511 204
805 638
71 46
702 854
507 288
33 612
203 375
23 817
367 158
362 377
336 613
810 824
149 167
677 27
585 548
418 141
786 13
643 780
0 55
477 474
2 345
770 449
390 566
700 552
407 640
87 811
163 597
32 99
265 365
9 437
78 245
2 718
134 675
365 357
640 742
103 570
302 265
824 752
164 829
793 151
214 714
308 293
687 240
608 581
701 491
117 588
281 787
446 107
424 686
447 728
192 837
93 65
42 418
563 813
835 702
665 155
139 656
651 785
703 648
461 448
235 845
337 148
163 856
819 325
666 449
794 690
486 117
219 518
399 508
825 111
284 285
552 380
190 458
529 446
581 672
309 150
93 824
853 13
97 114
721 288
663 244
692 169
167 498
97 94
617 145
586 198
373 265
725 722
605 418
533 111
58 631
264 293
182 752
334 227
489 29
621 259
18 732
345 341
438 290
359 600
656 801
524 396
521 348
29 264
741 351
795 130
49 356
277 203
508 550
433 318
475 686
431 583
66 303
171 261
653 306
593 636
613 348
479 486
233 278
736 571
475 422
477 625
21 68
131 715
644 157
278 742
250 557
493 822
494 163
331 335
125 240
115 47
183 43
396 320
499 4
651 614
711 716
397 724
49 276