870
4349
0,
1,
2,
3,
4,
5,
6,
7,
8,
9,
10,
11,
12,
13,
14,
15,
16,
17,
18,
19,
20,
21,
22,
23,
24,
25,
26,
27,
28,
29,
30,
31,
32,
33,
34,
35,
36,
37,
38,
39,
40,
41,
42,
43,
44,
45,
46,
47,
48,
49,
50,
51,
52,
53,
54,
55,
56,
57,
58,
59,
60,
61,
62,
63,
64,
65,
66,
67,
68,
69,
70,
71,
72,
73,
74,
75,
76,
77,
78,
79,
80,
81,
82,
83,
84,
85,
86,
87,
88,
89,
90,
91,
92,
93,
94,
95,
96,
97,
98,
99,
100,
101,
102,
103,
104,
105,
106,
107,
108,
109,
110,
111,
112,
113,
114,
115,
116,
117,
118,
119,
120,
121,
122,
123,
124,
125,
126,
127,
128,
129,
130,
131,
132,
133,
134,
135,
136,
137,
138,
139,
140,
141,
142,
143,
144,
145,
146,
147,
148,
149,
150,
151,
152,
153,
154,
155,
156,
157,
158,
159,
160,
161,
162,
163,
164,
165,
166,
167,
168,
169,
170,
171,
172,
173,
174,
175,
176,
177,
178,
179,
180,
181,
182,
183,
184,
185,
186,
187,
188,
189,
190,
191,
192,
193,
194,
195,
196,
197,
198,
199,
200,
201,
202,
203,
204,
205,
206,
207,
208,
209,
210,
211,
212,
213,
214,
215,
216,
217,
218,
219,
220,
221,
222,
223,
224,
225,
226,
227,
228,
229,
230,
231,
232,
233,
234,
235,
236,
237,
238,
239,
240,
241,
242,
243,
244,
245,
246,
247,
248,
249,
250,
251,
252,
253,
254,
255,
256,
257,
258,
259,
260,
261,
262,
263,
264,
265,
266,
267,
268,
269,
270,
271,
272,
273,
274,
275,
276,
277,
278,
279,
280,
281,
282,
283,
284,
285,
286,
287,
288,
289,
290,
291,
292,
293,
294,
295,
296,
297,
298,
299,
300,
301,
302,
303,
304,
305,
306,
307,
308,
309,
310,
311,
312,
313,
314,
315,
316,
317,
318,
319,
320,
321,
322,
323,
324,
325,
326,
327,
328,
329,
330,
331,
332,
333,
334,
335,
336,
337,
338,
339,
340,
341,
342,
343,
344,
345,
346,
347,
348,
349,
350,
351,
352,
353,
354,
355,
356,
357,
358,
359,
360,
361,
362,
363,
364,
365,
366,
367,
368,
369,
370,
371,
372,
373,
374,
375,
376,
377,
378,
379,
380,
381,
382,
383,
384,
385,
386,
387,
388,
389,
390,
391,
392,
393,
394,
395,
396,
397,
398,
399,
400,
401,
402,
403,
404,
405,
406,
407,
408,
409,
410,
411,
412,
413,
414,
415,
416,
417,
418,
419,
420,
421,
422,
423,
424,
425,
426,
427,
428,
429,
430,
431,
432,
433,
434,
435,
436,
437,
438,
439,
440,
441,
442,
443,
444,
445,
446,
447,
448,
449,
450,
451,
452,
453,
454,
455,
456,
457,
458,
459,
460,
461,
462,
463,
464,
465,
466,
467,
468,
469,
470,
471,
472,
473,
474,
475,
476,
477,
478,
479,
480,
481,
482,
483,
484,
485,
486,
487,
488,
489,
490,
491,
492,
493,
494,
495,
496,
497,
498,
499,
500,
501,
502,
503,
504,
505,
506,
507,
508,
509,
510,
511,
512,
513,
514,
515,
516,
517,
518,
519,
520,
521,
522,
523,
524,
525,
526,
527,
528,
529,
530,
531,
532,
533,
534,
535,
536,
537,
538,
539,
540,
541,
542,
543,
544,
545,
546,
547,
548,
549,
550,
551,
552,
553,
554,
555,
556,
557,
558,
559,
560,
561,
562,
563,
564,
565,
566,
567,
568,
569,
570,
571,
572,
573,
574,
575,
576,
577,
578,
579,
580,
581,
582,
583,
584,
585,
586,
587,
588,
589,
590,
591,
592,
593,
594,
595,
596,
597,
598,
599,
600,
601,
602,
603,
604,
605,
606,
607,
608,
609,
610,
611,
612,
613,
614,
615,
616,
617,
618,
619,
620,
621,
622,
623,
624,
625,
626,
627,
628,
629,
630,
631,
632,
633,
634,
635,
636,
637,
638,
639,
640,
641,
642,
643,
644,
645,
646,
647,
648,
649,
650,
651,
652,
653,
654,
655,
656,
657,
658,
659,
660,
661,
662,
663,
664,
665,
666,
667,
668,
669,
670,
671,
672,
673,
674,
675,
676,
677,
678,
679,
680,
681,
682,
683,
684,
685,
686,
687,
688,
689,
690,
691,
692,
693,
694,
695,
696,
697,
698,
699,
700,
701,
702,
703,
704,
705,
706,
707,
708,
709,
710,
711,
712,
713,
714,
715,
716,
717,
718,
719,
720,
721,
722,
723,
724,
725,
726,
727,
728,
729,
730,
731,
732,
733,
734,
735,
736,
737,
738,
739,
740,
741,
742,
743,
744,
745,
746,
747,
748,
749,
750,
751,
752,
753,
754,
755,
756,
757,
758,
759,
760,
761,
762,
763,
764,
765,
766,
767,
768,
769,
770,
771,
772,
773,
774,
775,
776,
777,
778,
779,
780,
781,
782,
783,
784,
785,
786,
787,
788,
789,
790,
791,
792,
793,
794,
795,
796,
797,
798,
799,
800,
801,
802,
803,
804,
805,
806,
807,
808,
809,
810,
811,
812,
813,
814,
815,
816,
817,
818,
819,
820,
821,
822,
823,
824,
825,
826,
827,
828,
829,
830,
831,
832,
833,
834,
835,
836,
837,
838,
839,
840,
841,
842,
843,
844,
845,
846,
847,
848,
849,
850,
851,
852,
853,
854,
855,
856,
857,
858,
859,
860,
861,
862,
863,
864,
865,
866,
867,
868,
869
188 495
495 798
798 772
772 369
369 862
862 112
112 396
396 523
523 789
789 614
614 656
656 320
320 161
161 666
666 344
344 486
486 142
142 126
126 655
655 91
91 722
722 342
342 269
269 34
34 348
348 756
756 551
551 332
332 683
683 1
1 550
550 0
0 763
763 668
668 260
260 3
3 347
347 328
328 103
103 43
43 164
164 538
538 527
527 558
558 38
38 263
263 676
676 174
174 672
672 358
358 760
760 848
848 350
350 707
707 836
836 718
718 32
32 642
642 37
37 204
204 400
400 429
429 803
803 14
14 544
544 64
64 561
561 211
211 580
580 834
834 719
719 339
339 706
706 127
127 255
255 497
497 807
807 25
25 515
515 265
265 96
96 792
792 859
859 338
338 244
244 853
853 784
784 8
8 504
504 765
765 221
221 592
592 352
352 773
773 747
747 708
708 800
800 147
147 410
410 593
593 766
766 458
458 861
861 51
51 585
585 220
220 739
739 63
63 625
625 316
316 652
652 802
802 675
675 195
195 268
268 303
303 267
267 720
720 216
216 809
809 314
314 557
557 587
587 506
506 205
205 337
337 304
304 78
78 570
570 562
562 380
380 680
680 646
646 574
574 190
190 414
414 482
482 762
762 581
581 26
26 444
444 215
215 172
172 536
536 601
601 84
84 831
831 113
113 715
715 812
812 15
15 152
152 275
275 814
814 528
528 367
367 374
374 769
769 489
489 66
66 483
483 224
224 298
298 839
839 425
425 733
733 684
684 573
573 315
315 678
678 94
94 696
696 664
664 349
349 306
306 700
700 406
406 631
631 98
98 394
394 584
584 607
607 669
669 688
688 278
278 18
18 238
238 530
530 791
791 641
641 27
27 364
364 115
115 651
651 635
635 56
56 50
50 226
226 431
431 36
36 392
392 602
602 274
274 372
372 22
22 247
247 322
322 645
645 395
395 548
548 644
644 245
245 578
578 74
74 667
667 457
457 416
416 290
290 248
248 76
76 695
695 445
445 596
596 727
727 73
73 213
213 53
53 589
589 730
730 480
480 181
181 179
179 209
209 599
599 231
231 823
823 415
415 663
663 830
830 266
266 363
363 586
586 435
435 321
321 381
381 795
795 517
517 867
867 825
825 428
428 271
271 212
212 131
131 864
864 759
759 235
235 790
790 376
376 639
639 167
167 598
598 28
28 470
470 232
232 173
173 351
351 623
623 143
143 709
709 286
286 490
490 128
128 391
391 670
670 183
183 133
133 23
23 178
178 149
149 786
786 357
357 531
531 612
612 471
471 464
464 813
813 816
816 805
805 175
175 647
647 448
448 144
144 732
732 166
166 511
511 310
310 242
242 192
192 30
30 141
141 852
852 634
634 662
662 125
125 311
311 590
590 49
49 797
797 513
513 116
116 565
565 716
716 459
459 365
365 572
572 743
743 373
373 397
397 140
140 419
419 741
741 405
405 424
424 280
280 541
541 452
452 535
535 123
123 108
108 386
386 844
844 279
279 758
758 403
403 832
832 124
124 11
11 6
6 24
24 259
259 594
594 100
100 60
60 815
815 637
637 822
822 222
222 439
439 869
869 106
106 111
111 135
135 442
442 186
186 434
434 206
206 443
443 687
687 665
665 137
137 377
377 606
606 796
796 546
546 493
493 837
837 754
754 685
685 624
624 102
102 819
819 438
438 616
616 703
703 7
7 407
407 323
323 385
385 726
726 228
228 430
430 689
689 686
686 817
817 16
16 185
185 866
866 340
340 519
519 698
698 12
12 694
694 207
207 484
484 828
828 218
218 811
811 627
627 176
176 114
114 847
847 713
713 508
508 354
354 838
838 630
630 736
736 388
388 808
808 501
501 731
731 829
829 79
79 162
162 520
520 460
460 20
20 600
600 171
171 29
29 843
843 19
19 529
529 375
375 487
487 301
301 412
412 110
110 845
845 865
865 432
432 136
136 714
714 745
745 31
31 752
752 233
233 690
690 243
243 199
199 309
309 88
88 514
514 677
677 608
608 77
77 475
475 717
717 368
368 223
223 454
454 295
295 477
477 632
632 72
72 440
440 461
461 621
621 437
437 555
555 305
305 532
532 383
383 725
725 159
159 282
282 751
751 447
447 542
542 545
545 276
276 821
821 325
325 55
55 297
297 194
194 603
603 671
671 246
246 618
618 472
472 307
307 184
184 326
326 61
61 401
401 156
156 67
67 579
579 158
158 281
281 9
9 449
449 850
850 82
82 168
168 615
615 724
724 469
469 151
151 492
492 421
421 59
59 272
272 95
95 691
691 69
69 198
198 605
605 71
71 139
139 478
478 781
781 330
330 518
518 463
463 537
537 820
820 17
17 130
130 287
287 324
324 496
496 225
225 48
48 200
200 456
456 738
738 208
208 379
379 473
473 54
54 68
68 101
101 711
711 5
5 863
863 270
270 818
818 858
858 120
120 427
427 782
782 241
241 779
779 148
148 155
155 768
768 197
197 467
467 58
58 121
121 90
90 583
583 361
361 841
841 617
617 284
284 187
187 163
163 134
134 299
299 742
742 42
42 673
673 146
146 474
474 783
783 512
512 240
240 479
479 780
780 826
826 494
494 353
353 620
620 335
335 776
776 249
249 855
855 566
566 35
35 633
633 261
261 521
521 334
334 507
507 378
378 70
70 214
214 510
510 770
770 436
436 503
503 701
701 778
778 699
699 575
575 648
648 499
499 488
488 681
681 794
794 857
857 4
4 387
387 92
92 748
748 692
692 453
453 45
45 65
65 420
420 524
524 638
638 99
99 846
846 296
296 329
329 180
180 359
359 595
595 86
86 462
462 291
291 491
491 801
801 393
393 654
654 640
640 2
2 362
362 682
682 533
533 539
539 150
150 356
356 202
202 787
787 653
653 177
177 294
294 239
239 418
418 693
693 481
481 485
485 13
13 389
389 252
252 370
370 660
660 636
636 44
44 851
851 755
755 193
193 132
132 80
80 411
411 81
81 505
505 371
371 525
525 842
842 433
433 775
775 629
629 300
300 833
833 643
643 341
341 543
543 384
384 229
229 679
679 788
788 509
509 47
47 41
41 441
441 289
289 498
498 93
93 806
806 522
522 774
774 404
404 568
568 856
856 549
549 262
262 734
734 119
119 728
728 622
622 468
468 217
217 264
264 588
588 285
285 234
234 476
476 302
302 196
196 308
308 516
516 868
868 422
422 650
650 563
563 283
283 710
710 160
160 57
57 840
840 767
767 450
450 547
547 564
564 451
451 273
273 408
408 824
824 849
849 702
702 552
552 597
597 771
771 591
591 346
346 610
610 559
559 860
860 336
336 52
52 319
319 827
827 785
785 237
237 567
567 105
105 569
569 97
97 10
10 313
313 87
87 658
658 85
85 104
104 343
343 737
737 203
203 288
288 21
21 122
122 182
182 750
750 740
740 333
333 626
626 500
500 191
191 153
153 757
757 611
611 399
399 189
189 62
62 236
236 83
83 556
556 729
729 540
540 697
697 777
777 628
628 705
705 256
256 704
704 446
446 201
201 417
417 40
40 764
764 455
455 107
107 227
227 609
609 560
560 466
466 804
804 277
277 744
744 735
735 292
292 169
169 170
170 657
657 254
254 712
712 582
582 426
426 571
571 89
89 345
345 810
810 210
210 746
746 749
749 251
251 138
138 721
721 46
46 502
502 382
382 219
219 253
253 109
109 674
674 317
317 554
554 854
854 312
312 257
257 723
723 75
75 118
118 619
619 423
423 413
413 659
659 835
835 33
33 318
318 250
250 117
117 402
402 761
761 154
154 649
649 165
165 366
366 526
526 576
576 661
661 230
230 145
145 409
409 390
390 604
604 534
534 553
553 157
157 293
293 355
355 360
360 793
793 129
129 327
327 398
398 39
39 753
753 577
577 465
465 613
613 799
799 258
258 331
7 652
281 472
109 560
371 478
753 733
811 213
464 640
35 608
681 602
8 498
111 296
46 48
160 852
780 334
134 132
438 732
153 602
49 266
254 235
408 149
228 694
173 570
829 713
697 230
24 641
697 168
647 519
763 822
35 737
386 311
345 573
115 306
250 774
319 599
3 857
326 656
205 316
458 814
246 843
659 123
775 355
530 476
745 154
470 596
424 103
776 2
566 392
253 565
777 631
228 301
204 278
398 768
442 217
347 602
137 58
814 864
506 14
812 639
11 411
238 573
345 616
734 497
473 559
40 723
183 354
821 382
384 591
211 766
121 738
516 479
543 9
786 166
393 845
111 676
87 108
830 310
487 213
821 844
208 806
816 314
467 37
642 210
671 174
335 849
829 127
57 669
657 53
117 659
707 232
149 631
315 347
304 547
794 554
418 660
200 432
429 849
716 692
425 653
787 684
851 297
681 596
172 545
865 120
447 173
742 764
561 605
802 675
497 303
178 150
809 5
854 330
466 5
222 867
145 425
9 103
64 136
383 433
51 46
500 228
146 268
819 564
121 380
238 10
214 822
541 87
746 0
437 649
336 230
169 327
279 581
459 710
209 638
515 554
464 536
247 829
168 104
321 177
133 61
449 553
183 865
67 464
267 311
681 158
411 455
355 842
15 196
816 399
528 422
606 580
188 666
134 417
796 81
314 603
360 698
268 449
54 147
339 114
773 795
451 754
247 5
662 242
629 460
737 260
70 849
55 466
490 428
268 219
109 609
5 473
345 671
137 509
348 333
751 423
696 588
39 654
643 290
389 752
135 801
93 91
570 643
778 529
164 273
433 461
593 703
635 832
284 749
598 200
383 236
128 495
185 505
75 634
784 363
8 641
493 410
297 458
36 175
584 230
680 511
592 41
218 499
253 855
400 682
124 867
463 232
618 756
648 699
386 575
605 674
812 439
687 159
424 650
52 809
207 271
11 113
440 468
98 111
527 514
681 508
241 272
846 482
77 626
360 238
154 436
404 425
523 520
21 55
101 362
833 796
202 716
511 305
456 29
661 251
404 363
441 113
531 449
813 731
442 845
786 130
555 633
393 497
63 307
414 786
78 636
327 256
188 198
342 286
569 36
781 403
119 544
771 602
681 18
697 213
676 467
599 867
262 670
237 663
132 509
610 260
58 30
520 486
260 62
844 851
640 223
284 47
850 347
595 471
679 226
542 150
129 615
238 766
477 727
437 854
617 9
383 630
442 357
670 522
818 794
145 268
619 835
61 652
749 429
127 268
38 752
344 372
640 581
676 480
184 818
483 481
67 9
239 257
7 859
383 649
116 741
228 200
855 248
288 453
47 131
402 727
496 163
589 795
460 835
730 809
316 530
205 520
119 270
727 154
729 615
588 799
838 460
630 526
689 404
616 731
610 769
328 561
648 830
297 407
782 778
289 104
598 349
29 701
285 802
60 189
601 371
688 645
720 593
607 345
608 320
641 428
342 63
669 590
747 139
76 538
842 114
302 621
800 694
68 755
67 856
617 143
604 636
550 349
481 15
13 744
383 590
63 490
451 268
25 429
596 763
191 182
547 603
633 724
546 63
180 227
176 64
642 458
693 155
395 266
91 838
466 669
750 379
133 666
763 48
670 163
793 154
638 589
92 297
544 609
178 555
818 742
715 571
737 850
619 554
785 227
744 782
427 312
6 90
761 91
423 798
564 719
552 694
727 464
772 203
436 417
266 457
865 34
152 38
227 45
426 310
270 156
666 125
465 103
164 652
679 690
270 610
87 46
176 195
279 150
623 784
410 369
562 395
244 238
403 199
205 207
199 178
653 78
418 475
844 316
76 851
372 648
843 185
617 234
587 25
459 529
694 371
361 311
506 440
48 356
759 201
116 208
347 362
618 523
260 775
131 146
582 184
34 124
49 698
642 238
631 763
653 634
5 235
861 800
791 679
87 811
7 133
204 362
350 59
417 259
744 589
111 602
735 668
661 393
124 555
834 528
232 85
446 690
425 667
359 156
106 361
113 298
769 10
515 600
642 644
760 629
764 161
324 704
231 149
229 95
392 185
299 98
367 203
49 826
286 7
798 738
202 683
849 394
670 342
164 386
104 364
734 123
652 213
285 179
377 699
396 815
521 794
589 213
697 220
266 669
610 70
365 803
539 179
717 450
126 813
178 655
601 119
868 247
569 201
559 370
36 498
772 57
404 171
178 576
788 467
859 795
511 658
729 494
134 230
347 55
737 493
789 178
73 381
37 401
382 716
283 738
848 778
163 716
190 634
525 490
146 258
519 795
383 509
246 659
92 528
798 154
700 93
786 358
342 37
497 520
805 136
609 378
768 385
682 489
284 412
137 11
507 417
43 537
650 73
190 651
522 481
774 640
185 773
192 128
124 728
510 791
412 499
513 237
779 803
25 309
203 694
50 20
306 351
646 490
493 261
512 42
650 150
199 851
383 209
193 640
24 186
594 239
657 268
5 867
145 503
656 393
145 764
533 803
490 780
533 332
298 398
212 738
698 75
740 80
659 851
358 637
22 17
295 74
85 714
786 219
296 653
626 87
15 22
177 377
193 235
410 587
249 238
212 403
396 391
267 859
168 387
647 750
856 672
125 708
727 225
126 851
303 205
718 473
649 836
216 603
212 705
327 473
780 181
202 112
676 56
135 207
862 820
409 401
134 682
765 378
182 301
107 88
257 437
40 200
435 442
721 47
647 13
715 684
479 493
558 651
81 660
193 427
192 49
51 768
325 230
286 577
8 102
164 789
62 185
865 734
564 623
615 687
34 836
657 454
766 116
285 554
868 840
256 80
838 101
97 412
279 230
266 87
668 2
759 746
497 294
842 177
486 76
469 605
520 812
486 186
867 821
571 469
51 68
466 821
363 206
28 385
312 371
75 600
812 373
469 210
382 28
759 200
31 281
480 446
252 14
478 392
749 861
460 869
601 686
724 76
633 130
755 247
337 404
22 611
463 844
5 18
303 534
442 635
88 646
844 834
151 792
810 16
720 797
767 609
409 271
128 467
109 569
393 147
178 508
508 590
792 479
521 112
764 76
752 349
734 5
281 207
339 854
452 670
664 471
235 498
851 677
645 189
447 56
334 424
478 664
124 715
662 840
313 492
667 134
656 107
505 14
597 407
614 394
470 171
676 386
167 393
591 808
787 162
63 227
473 45
86 498
785 735
586 397
459 283
328 497
834 648
364 37
637 735
372 111
0 178
267 117
851 439
7 193
535 839
181 169
537 38
28 473
196 744
338 26
735 277
349 384
722 73
90 392
95 771
681 863
374 475
75 740
565 274
483 270
711 532
322 698
653 736
525 221
183 510
458 578
448 417
449 590
354 354
805 235
469 417
741 600
585 479
663 178
32 701
88 526
561 598
463 257
448 140
445 630
249 363
777 311
4 466
63 495
462 28
162 288
86 383
18 1
735 91
850 393
450 75
447 704
828 322
291 180
231 578
242 153
250 624
337 289
58 288
854 414
757 528
600 58
686 671
80 277
779 503
192 626
747 346
665 650
401 464
223 727
262 165
515 830
659 789
801 270
83 651
770 605
478 539
845 588
657 315
840 232
235 504
544 456
48 668
803 689
820 93
213 59
413 220
730 731
564 758
243 181
722 374
23 322
568 48
191 781
589 70
837 24
60 720
679 432
311 842
404 156
476 266
127 380
295 180
334 11
599 422
410 729
280 772
486 657
77 9
295 489
173 658
283 567
453 296
40 340
324 521
71 657
407 446
632 434
180 692
284 624
354 632
27 18
252 809
441 454
102 146
815 304
507 677
550 649
401 536
362 107
321 117
302 508
243 236
176 578
718 643
489 663
614 785
492 79
606 785
286 258
775 108
636 696
647 74
198 595
27 43
830 0
299 321
635 329
462 812
811 498
212 131
261 814
558 687
578 6
828 105
131 573
44 491
707 582
531 255
628 578
269 792
547 536
281 302
416 697
92 127
268 644
213 803
347 110
136 178
830 670
735 343
779 382
643 506
844 744
8 283
137 805
226 486
641 742
651 694
802 477
696 66
830 843
263 238
518 263
285 449
233 136
34 844
855 128
201 692
817 555
670 425
339 611
504 376
719 501
284 769
363 260
226 129
229 222
704 435
56 557
82 576
282 28
95 581
835 440
463 114
732 249
525 337
357 716
460 790
743 571
468 546
680 606
446 835
128 586
330 328
395 52
416 429
510 437
23 709
514 86
816 6
256 518
16 844
815 179
276 29
10 726
758 755
238 55
631 90
187 396
351 172
514 702
39 760
772 618
283 223
504 229
16 299
242 598
217 781
339 46
388 527
638 766
71 82
467 429
477 527
523 407
86 480
786 22
43 601
625 211
548 511
147 134
422 131
517 103
349 406
375 28
20 162
581 591
72 405
348 214
131 532
6 24
376 445
169 797
26 16
584 193
759 201
41 549
4 247
555 207
461 54
713 815
652 506
318 330
782 298
709 227
74 545
377 803
181 492
789 558
150 406
52 36
432 336
837 313
398 177
409 488
529 134
627 564
257 772
795 630
366 178
287 242
700 102
466 205
427 245
268 404
354 340
402 108
450 757
28 184
544 573
166 670
51 321
826 417
747 706
109 210
126 678
171 62
540 699
530 33
667 578
297 317
539 75
107 627
828 757
675 297
291 317
263 717
736 858
19 362
68 9
332 6
173 531
67 456
128 726
128 561
557 100
120 314
741 257
548 679
835 179
225 258
690 56
388 157
128 109
361 717
202 849
59 307
261 482
486 250
108 209
508 629
18 360
594 779
172 779
541 602
192 766
11 161
594 193
786 599
769 186
436 512
266 383
499 602
534 386
325 816
363 172
149 775
31 174
78 683
829 699
711 458
852 122
580 615
78 420
70 416
543 157
235 364
324 391
306 715
256 463
330 55
705 624
540 793
91 27
478 732
391 85
752 281
245 647
641 580
768 809
545 865
720 472
773 455
767 790
266 74
372 868
525 196
143 540
222 402
357 106
228 288
225 91
645 398
250 297
365 88
769 413
7 321
734 30
692 194
330 607
131 145
754 722
4 706
630 473
236 859
618 309
36 70
601 186
483 183
169 851
850 691
185 491
413 811
671 628
52 183
542 808
538 236
168 397
570 688
132 597
791 84
29 315
446 24
318 631
318 176
759 321
723 507
576 618
758 176
754 648
224 611
814 848
714 174
702 413
280 739
515 804
208 544
105 557
817 219
60 869
863 109
117 509
773 821
87 751
164 678
570 716
348 445
772 471
573 647
233 344
171 451
329 739
556 143
754 311
663 220
531 823
346 244
533 537
220 661
76 309
559 512
1 377
543 808
242 194
594 178
314 40
469 306
848 156
227 838
297 352
592 832
84 752
485 355
780 678
296 646
228 419
733 326
7 441
583 333
458 400
241 252
371 38
266 337
402 808
365 694
293 232
838 706
185 552
245 53
59 27
333 457
428 316
511 24
311 210
734 105
186 587
829 105
341 383
475 424
205 618
595 268
645 198
401 788
329 69
422 411
620 409
147 301
492 773
287 202
357 704
347 87
752 843
156 772
664 383
354 686
505 619
518 108
76 860
159 65
814 85
348 596
332 373
829 822
840 759
363 41
470 247
167 349
566 588
597 842
782 140
174 222
42 813
293 246
513 515
809 668
628 355
734 582
814 851
95 722
792 9
797 200
484 576
169 714
267 661
774 558
714 693
367 478
241 410
486 335
122 551
406 270
665 157
458 721
327 326
783 184
715 140
509 493
187 27
676 453
236 689
525 679
506 139
631 798
863 153
440 661
573 699
237 371
695 341
267 116
54 280
464 102
387 201
531 482
627 636
418 541
14 616
480 222
443 83
677 11
605 262
737 252
74 198
720 262
698 2
156 813
865 379
391 720
134 708
278 51
347 707
728 525
279 280
109 354
194 479
623 414
323 574
564 484
69 91
579 381
35 432
66 393
633 32
416 732
375 94
238 636
626 771
143 447
773 674
396 509
512 264
471 151
421 489
510 535
79 127
799 316
672 221
213 497
433 826
14 41
292 163
622 434
172 426
593 807
338 490
235 589
791 8
102 610
166 246
638 864
51 441
267 565
811 563
25 16
804 513
48 746
451 565
282 177
156 729
128 446
51 301
241 399
582 701
652 784
330 133
241 277
428 593
190 841
85 802
631 620
859 239
348 558
34 576
446 564
226 244
556 389
754 284
288 444
53 21
451 144
673 728
256 249
288 471
310 644
354 93
328 814
132 318
657 1
680 432
729 560
638 420
595 152
693 697
813 569
214 466
582 460
447 285
548 648
137 639
702 332
300 745
653 693
831 68
721 841
671 605
780 400
510 760
17 388
195 789
352 777
499 689
660 460
869 825
578 454
181 580
347 763
218 459
345 155
132 806
377 250
241 497
126 551
420 74
492 570
178 271
786 173
380 449
399 131
492 65
283 387
206 185
448 627
663 137
454 191
297 658
450 673
620 492
46 728
198 791
168 221
740 285
631 718
44 545
89 571
428 681
280 379
525 560
147 43
656 145
378 657
115 237
198 437
242 54
309 408
572 403
242 645
49 207
198 161
327 791
127 799
606 785
565 38
563 342
642 183
805 452
448 452
842 508
739 454
477 675
175 177
487 828
137 497
386 265
188 249
423 42
254 520
427 318
234 424
623 636
667 792
732 500
469 482
462 401
843 508
646 788
537 402
204 747
519 498
418 842
140 494
538 560
777 860
728 755
836 665
567 288
332 655
264 416
808 754
79 714
384 473
666 502
641 816
170 492
396 39
354 365
534 675
818 132
558 565
251 726
305 7
627 329
749 30
73 328
215 646
696 443
547 276
591 304
815 800
186 546
101 459
433 581
378 448
107 1
536 365
513 423
116 633
78 465
624 738
636 647
378 206
161 554
106 591
513 745
410 277
163 764
311 793
596 442
800 705
824 526
51 292
814 597
775 616
552 186
459 542
656 21
660 114
807 589
855 511
524 758
825 841
472 523
724 209
64 131
828 587
754 100
506 866
159 769
142 274
655 191
451 464
806 674
609 599
379 567
7 95
556 589
258 780
55 1
191 232
814 192
198 639
316 192
98 400
321 6
365 537
409 539
742 599
622 364
179 491
826 521
723 758
333 465
617 25
637 381
53 752
643 627
317 208
312 33
283 416
51 351
678 862
494 388
67 542
527 434
837 358
529 474
161 442
849 334
170 332
797 155
602 388
58 737
141 139
95 266
619 89
844 581
221 488
640 166
197 853
119 762
724 448
721 572
626 827
262 386
211 316
461 60
698 44
92 699
296 819
679 551
471 458
166 20
95 28
126 170
361 367
97 622
305 554
585 168
588 76
624 783
23 195
487 166
721 713
456 486
274 170
167 661
443 780
434 413
11 627
226 286
520 665
60 577
373 459
783 699
692 800
844 232
739 528
288 441
414 673
194 622
556 784
239 382
162 447
568 710
712 680
305 489
299 465
769 420
47 153
407 488
554 513
821 273
669 62
165 178
425 618
614 847
601 784
590 408
496 122
192 214
448 237
603 301
414 487
248 528
449 607
201 618
550 617
471 289
309 633
430 655
481 481
745 264
204 182
401 10
625 746
359 330
134 553
860 99
664 758
98 223
203 185
253 352
751 35
775 661
736 583
622 427
65 169
207 268
175 610
37 274
611 566
521 691
800 379
140 865
424 415
543 118
197 511
345 527
57 719
590 467
787 678
525 823
185 494
580 550
676 808
713 565
582 79
749 206
773 340
90 518
461 315
276 173
700 657
248 594
444 178
567 766
703 130
421 667
576 656
559 418
443 553
185 813
775 475
793 347
693 52
863 523
438 395
584 599
404 571
219 851
256 768
408 156
102 3
353 103
740 646
280 580
177 679
583 787
22 560
32 271
378 372
85 609
413 666
575 437
722 255
172 107
247 717
698 448
162 24
696 250
316 792
470 791
368 369
5 490
574 426
335 584
110 693
381 232
536 284
645 301
798 254
235 356
28 364
166 485
36 132
137 277
786 835
56 49
153 404
528 707
525 403
492 117
376 338
493 240
647 383
573 713
196 580
546 158
519 5
66 704
732 513
124 178
731 52
185 210
190 187
702 152
721 175
822 651
638 810
775 741
77 433
53 766
654 833
432 751
857 639
202 403
328 69
648 321
245 815
197 170
462 381
392 630
257 586
612 395
734 30
289 259
120 482
427 863
738 53
250 690
388 180
596 694
473 528
615 810
228 209
144 774
812 838
719 701
123 643
399 215
243 0
64 291
13 535
340 240
709 578
176 312
2 364
347 102
26 479
582 858
441 635
532 535
710 686
355 158
750 76
458 511
358 338
628 841
476 158
505 276
726 490
239 483
138 149
412 137
291 322
468 407
804 110
796 611
519 784
426 404
288 618
841 305
741 833
278 701
606 531
124 384
242 535
302 378
772 579
7 239
802 229
160 45
508 302
349 431
320 776
483 554
694 261
765 585
531 645
377 414
308 242
665 239
295 508
48 107
475 855
480 277
98 821
119 433
675 198
691 812
271 298
144 635
231 468
685 210
478 695
40 460
45 104
309 82
503 287
524 527
352 361
707 239
316 368
254 58
348 446
208 67
470 292
735 45
561 861
21 709
857 430
348 640
215 26
577 74
650 754
667 770
608 226
168 291
426 114
757 17
94 335
679 507
803 63
108 41
169 758
585 217
332 106
694 385
535 232
385 350
160 286
347 557
634 849
499 386
207 292
547 304
725 182
703 406
693 608
551 293
65 80
248 816
151 589
382 812
100 412
789 437
231 606
757 736
470 101
346 159
855 60
372 642
539 156
827 132
815 337
408 411
789 101
205 373
843 309
675 485
45 159
716 157
755 653
410 289
446 325
801 155
643 372
307 259
352 764
320 368
443 154
868 804
767 336
237 46
198 694
468 787
363 409
278 196
66 80
65 786
14 586
362 847
524 692
471 479
155 449
482 377
516 817
560 329
141 749
849 418
286 483
529 185
796 826
260 206
754 116
113 2
301 656
538 714
849 85
854 361
365 720
452 215
66 635
51 663
619 436
857 457
126 448
129 82
804 47
527 172
736 327
88 120
452 251
683 357
775 734
734 606
335 276
645 670
846 222
828 545
499 861
125 282
402 553
493 392
807 723
123 603
441 11
344 616
511 510
592 498
738 368
771 148
219 396
719 823
239 619
635 87
49 585
840 60
287 436
587 483
847 473
69 269
526 194
647 116
445 588
393 3
499 792
231 319
214 706
726 479
445 444
517 83
618 666
536 426
111 395
724 851
231 709
717 364
145 494
798 698
840 212
580 323
822 211
354 266
646 40
703 303
47 60
33 427
657 14
802 286
730 841
834 188
357 494
567 770
89 558
778 236
308 590
618 253
206 462
396 342
89 709
788 480
109 591
443 172
668 209
415 490
690 335
371 761
714 793
521 249
20 281
152 144
578 262
302 586
274 84
400 759
813 513
774 734
501 619
807 162
251 152
662 713
495 221
434 533
853 804
639 448
457 671
845 756
105 94
500 184
44 375
137 495
94 365
65 423
592 757
787 514
132 413
746 631
176 553
855 268
81 271
228 565
852 512
600 374
623 566
45 798
132 679
828 195
279 196
77 421
217 825
206 732
385 286
99 327
74 811
687 170
334 465
767 295
205 113
358 30
441 530
490 381
400 376
37 512
536 680
259 471
38 217
13 350
484 334
304 473
111 43
179 298
626 20
859 539
419 412
356 29
618 101
350 712
587 607
761 668
182 427
615 708
229 195
396 778
394 241
805 730
744 151
142 646
579 451
24 45
864 191
91 596
447 383
436 857
356 426
475 121
445 87
817 692
779 14
282 752
864 851
475 387
843 785
831 734
82 514
399 336
773 489
620 471
770 60
98 19
47 375
171 198
301 388
634 195
858 526
289 270
720 756
761 382
668 610
546 202
632 742
428 520
180 612
506 703
396 43
256 346
775 671
503 502
61 30
140 422
585 300
787 584
334 738
26 659
678 541
129 446
220 69
401 382
442 317
562 705
673 739
384 494
676 378
191 288
11 207
645 644
765 778
216 476
868 277
37 753
440 494
769 777
5 239
202 418
500 832
603 647
562 463
542 508
845 684
795 273
232 840
529 640
305 86
841 763
815 237
652 206
477 672
239 6
504 482
185 421
30 278
119 668
612 495
622 426
46 260
647 814
165 739
128 383
282 142
755 25
344 861
606 136
710 850
271 392
534 751
627 861
568 278
576 25
480 43
288 694
502 632
718 410
710 622
765 500
631 141
155 282
568 868
221 713
275 354
679 660
150 525
646 467
857 718
734 137
44 778
210 340
240 498
638 0
361 677
747 477
586 570
553 133
749 202
758 154
327 303
145 535
432 141
265 675
293 700
806 417
328 545
374 837
560 342
672 730
425 779
859 342
589 103
421 52
44 520
535 763
779 599
493 510
740 294
397 143
600 106
577 672
151 98
119 468
471 289
149 335
824 737
691 495
141 869
255 390
375 270
746 654
466 215
120 794
400 235
302 322
237 851
51 364
861 3
188 218
201 554
587 236
198 216
665 670
591 779
51 696
108 486
201 518
810 200
619 316
530 68
100 859
328 289
283 426
295 316
430 523
108 380
722 840
759 203
777 23
46 6
722 431
650 646
163 310
578 420
461 724
482 615
127 768
354 759
587 835
377 692
826 856
695 825
306 229
835 358
35 463
553 272
501 373
747 865
588 188
462 508
444 764
803 614
317 734
625 227
592 624
755 293
34 324
758 36
319 64
698 18
561 159
142 695
251 55
463 531
551 694
480 340
353 411
421 371
252 135
745 141
747 149
197 140
164 768
432 643
542 605
100 757
722 537
782 594
471 267
462 573
830 746
515 660
96 744
7 467
426 293
171 572
160 45
417 263
260 593
202 76
414 371
837 764
562 36
381 230
481 584
425 119
524 270
34 400
90 556
520 67
844 22
691 200
436 817
644 158
41 2
7 416
131 265
568 632
808 96
374 52
371 275
251 50
397 389
647 492
461 559
687 796
534 729
620 846
740 826
499 619
448 780
360 489
461 517
216 136
754 655
788 70
639 717
682 751
654 554
131 834
316 731
64 389
473 705
143 315
74 764
157 451
660 16
187 617
634 522
369 9
851 428
856 526
388 631
462 207
45 493
14 641
423 584
405 208
753 233
81 461
500 217
706 439
101 620
380 749
522 78
147 546
443 613
868 367
35 61
233 559
237 673
703 734
64 559
61 156
552 765
630 653
673 645
767 312
493 245
508 531
277 454
551 208
99 5
110 40
529 203
13 34
857 396
687 166
209 773
842 715
253 682
164 660
815 488
220 592
264 755
232 338
474 500
635 268
195 865
130 478
680 655
618 564
512 281
628 573
375 456
224 399
534 98
459 427
29 316
55 193
313 34
542 1
526 328
581 363
67 21
152 861
185 7
69 781
408 217
15 461
240 551
114 343
3 642
74 451
531 236
114 540
151 534
244 611
308 383
145 7
63 134
680 93
687 805
709 494
867 403
334 479
177 54
841 76
206 690
786 176
717 831
121 424
175 135
301 46
227 338
398 409
86 848
68 153
587 526
571 837
395 508
825 763
330 253
249 38
707 184
409 445
603 175
776 324
821 26
215 566
780 429
501 695
774 494
511 552
711 344
122 509
672 3
187 643
753 260
172 210
121 43
844 458
339 8
584 362
422 85
761 253
181 497
415 785
568 417
14 824
673 705
622 76
134 709
793 684
131 691
704 849
423 744
821 703
210 654
600 19
661 625
79 392
317 575
28 664
509 193
207 323
695 608
758 718
282 140
427 26
343 561
699 623
8 826
146 860
445 0
836 353
434 105
581 383
584 556
106 803
257 843
436 668
417 776
159 203
465 820
92 221
614 547
7 133
187 533
737 541
55 532
734 7
668 424
539 554
625 343
446 201
145 130
51 278
744 369
128 513
388 38
7 63
568 222
122 454
231 451
787 307
468 60
585 868
511 609
445 769
339 196
667 247
671 536
206 317
21 431
173 805
124 732
825 107
271 614
398 485
715 40
625 702
580 728
119 238
364 558
750 816
594 215
716 18
694 484
849 780
732 195
119 106
502 298
55 827
125 697
293 364
822 443
759 869
440 306
62 561
100 673
755 215
596 454
660 672
306 289
670 812
205 820
461 73
601 811
406 811
710 831
71 211
157 595
36 160
168 559
720 301
643 377
60 598
456 773
420 571
863 432
665 183
17 529
457 103
9 608
358 54
458 789
147 312
834 633
255 229
469 227
106 220
578 177
418 610
10 584
410 400
62 160
648 238
818 829
311 85
377 282
343 502
238 179
61 453
25 774
752 81
169 829
613 764
181 754
254 697
662 335
722 785
340 740
183 367
796 653
526 343
700 847
280 543
420 706
265 454
351 368
218 191
254 609
473 775
121 623
555 81
554 466
731 683
168 261
557 548
481 46
686 690
345 670
322 157
672 151
513 712
313 156
599 779
327 188
378 78
837 105
90 299
337 213
253 728
649 335
832 5
690 99
39 672
544 238
435 449
220 291
449 707
276 632
115 613
12 205
722 617
306 362
509 737
539 854
842 840
869 404
572 100
794 277
104 616
841 310
6 522
610 425
37 247
485 684
218 155
451 859
92 598
41 405
179 229
214 11
446 255
138 564
751 698
712 341
815 134
240 666
657 146
776 652
155 622
615 582
25 236
845 851
591 109
800 354
434 8
417 528
805 78
660 158
30 304
75 13
556 680
815 559
744 855
361 394
827 496
370 581
668 852
101 461
337 645
771 50
769 283
652 814
50 253
738 657
633 337
570 248
303 833
707 369
656 788
91 761
367 206
174 347
570 772
790 481
776 269
739 692
756 427
415 741
129 781
634 414
820 344
823 541
277 234
663 34
357 64
715 748
135 679
280 546
203 0
123 178
32 574
284 516
136 267
271 457
547 221
235 723
261 842
603 609
637 616
736 630
693 726
366 768
257 383
170 689
228 590
834 112
815 263
184 328
57 312
666 545
527 473
530 713
802 310
367 866
16 10
322 267
325 629
394 642
607 342
766 443
841 458
165 30
563 416
65 26
212 80
380 203
840 443
831 13
458 767
684 559
265 195
686 804
187 757
112 608
617 47
55 363
684 783
103 181
284 86
345 391
46 848
235 581
222 816
328 29
323 422
527 671
290 161
522 795
189 626
689 292
303 88
525 722
191 195
772 565
442 122
181 413
214 646
628 353
512 130
202 722
650 429
249 420
414 356
349 514
833 709
487 853
421 725
59 832
199 616
93 766
50 66
281 701
352 68
471 461
93 441
619 295
594 319
134 482
766 507
239 671
356 184
376 689
695 321
719 5
50 599
225 540
65 487
64 552
511 642
93 783
187 608
450 472
453 159
767 532
830 503
520 449
611 133
413 41
337 18
455 144
239 316
230 5
361 740
830 352
340 503
352 731
358 375
300 57
305 484
438 794
646 830
230 479
576 817
366 460
108 482
85 495
185 113
268 314
313 517
114 310
377 166
653 627
159 116
443 101
33 269
309 434
61 603
465 661
309 694
570 240
704 428
851 315
247 841
832 782
818 726
355 863
177 392
242 310
182 511
380 788
40 866
78 312
72 266
17 565
289 689
608 330
494 706
317 167
74 503
516 305
543 659
388 608
149 45
609 719
577 494
421 502
406 240
82 44
773 418
104 213
609 437
511 558
412 139
40 655
591 544
17 33
742 27
571 103
485 345
834 20
196 53
379 97
272 867
362 767
793 140
178 688
267 587
840 790
741 679
125 794
496 588
676 96
152 833
762 228
750 373
865 365
511 649
854 57
532 118
666 14
789 620
464 839
590 557
738 562
655 400
196 737
736 75
183 563
141 594
211 644
779 712
14 452
401 627
534 664
214 487
669 526
269 225
701 380
176 130
675 306
129 150
523 671
137 848
9 481
765 213
779 794
482 429
58 775
277 190
205 670
420 371
273 619
305 822
4 553
551 341
821 700
619 96
801 758
236 253
687 776
236 236
855 102
431 190
338 302
5 321
688 156
654 176
737 374
327 864
651 78
509 123
96 496
842 316
561 749
534 728
480 782
240 675
674 437
785 798
787 448
173 531
829 385
766 423
266 784
844 489
359 178
589 517
764 86
792 805
698 665
135 251
486 566
279 336
408 305
374 313
690 778
49 305
501 851
510 316
253 828
306 478
183 415
557 786
451 675
342 320
295 47
226 570
593 285
641 682
526 449
574 260
158 555
9 548
325 335
39 702
820 407
683 299
812 135
65 647
100 363
840 661
160 318
629 694
352 612
163 203
223 304
746 678
577 483
41 598
501 202
216 496
10 45
436 246
663 824
827 726
197 73
423 300
691 25
448 340
666 708
866 254
464 23
396 233
464 684
610 756
525 441
362 787
291 286
792 586
508 176
344 7
718 147
356 531
737 140
739 635
41 635
714 732
72 468
360 855
852 642
821 439
715 744
207 591
161 52
512 317
685 706
456 216
246 639
512 694
96 276
290 542
350 160
162 436
374 343
238 145
18 354
763 238
688 788
409 94
588 103
248 575
119 519
445 577
2 354
866 707
795 332
741 618
498 237
425 337
808 601
349 666
91 168
704 235
206 186
565 433
789 641
201 132
495 669
823 15
373 109
311 119
666 102
552 302
615 802
517 102
557 269
768 17
320 416
306 288
28 62
738 335
419 0
252 405
485 39
265 331
488 484
147 663
308 147
466 617
784 864
748 510
634 313
93 317
335 502
800 147
748 566
68 588
778 179
845 737
721 521
620 269
805 227
634 559
560 547
412 128
569 837
627 167
33 477
441 799
332 183
466 460
714 640
302 289
27 399
176 359
64 252
510 244
691 832
800 259
18 778
201 746
747 227
268 241
469 320
8 92
210 549
783 113
853 124
761 159
422 840
718 612
774 71
530 149
450 300
231 498
856 418
326 144
172 847
155 638
621 655
604 604
753 514
52 479
280 176
65 60
604 714
449 417
694 499
787 166
639 141
215 170
277 172
253 2
116 546
355 544
277 828
709 479
827 151
835 9
343 14
421 441
22 819
315 593
669 792
2 535
486 357
232 368
380 203
203 834
147 868
523 755
760 32
822 612
651 583
33 212
552 746
364 376
695 556
263 344
179 572
209 150
752 436
240 109
168 484
677 221
466 736
783 453
686 310
602 718
410 17
174 556
85 429
150 710
535 88
293 713
747 720
94 684
149 116
647 288
846 808
419 854
647 864
362 321
405 88
293 133
160 17
860 783
76 587
417 392
251 634
610 429
115 547
632 851
332 660
388 737
186 118
419 23
763 717
527 205
536 321
469 666
640 150
33 433
633 665
504 732
848 484
230 449
747 484
86 402
428 97
62 742
503 147
578 468
332 471
642 338
636 646
79 339
81 108
344 737
490 585
511 97
142 654
632 376
53 709
778 768
337 528
614 669
362 459
199 291
156 313
456 661
677 457
97 22
648 42
203 774
863 692
168 230
69 500
144 30
548 425
8 225
666 15
243 351
119 555
393 491
741 200
776 574
606 710
442 654
681 467
175 99
28 143
285 373
178 664
281 285
286 220
864 131
604 13
487 6
159 734
22 742
53 390
716 542
705 80
830 721
246 367
608 116
782 811
447 28
549 692
393 510
670 491
682 411
839 579
866 126
117 541
830 517
269 98
166 404
757 843
304 204
677 715
696 695
600 268
574 756
455 643
39 471
132 716
802 109
299 615
638 611
422 272
208 734
148 430
786 535
136 685