92
459
0,
1,
2,
3,
4,
5,
6,
7,
8,
9,
10,
11,
12,
13,
14,
15,
16,
17,
18,
19,
20,
21,
22,
23,
24,
25,
26,
27,
28,
29,
30,
31,
32,
33,
34,
35,
36,
37,
38,
39,
40,
41,
42,
43,
44,
45,
46,
47,
48,
49,
50,
51,
52,
53,
54,
55,
56,
57,
58,
59,
60,
61,
62,
63,
64,
65,
66,
67,
68,
69,
70,
71,
72,
73,
74,
75,
76,
77,
78,
79,
80,
81,
82,
83,
84,
85,
86,
87,
88,
89,
90,
91
34 45
45 43
43 66
66 12
12 67
67 30
30 57
57 80
80 10
10 61
61 55
55 31
31 15
15 38
38 65
65 46
46 44
44 1
1 11
11 54
54 88
88 85
85 24
24 48
48 89
89 19
19 69
69 84
84 90
90 75
75 63
63 3
3 40
40 49
49 27
27 29
29 79
79 77
77 64
64 86
86 71
71 83
83 6
6 56
56 52
52 33
33 36
36 14
14 13
13 91
91 42
42 21
21 7
7 50
50 5
5 60
60 53
53 73
73 76
76 59
59 41
41 62
62 23
23 70
70 4
4 22
22 74
74 32
32 9
9 35
35 68
68 82
82 47
47 26
26 25
25 51
51 8
8 2
2 0
0 81
81 39
39 16
16 20
20 58
58 87
87 17
17 78
78 28
28 18
18 72
72 37
22 30
47 77
59 87
58 62
72 32
81 66
69 79
15 80
64 27
6 28
37 40
8 48
55 12
3 37
59 6
5 20
25 66
26 37
85 15
54 59
58 69
90 15
16 46
41 83
79 66
9 47
61 60
57 0
39 49
49 24
59 24
54 58
0 31
70 3
83 31
69 37
13 9
8 22
39 53
69 1
28 60
28 8
60 4
47 73
61 59
33 54
28 91
4 38
78 14
17 74
51 46
43 6
75 54
6 65
31 20
43 41
25 63
70 0
89 29
28 58
60 76
36 21
45 66
61 54
11 42
51 78
2 22
17 8
36 31
78 36
41 75
24 78
17 54
9 43
81 66
19 38
81 56
33 88
77 84
53 39
12 2
77 7
42 54
20 15
13 38
77 7
4 3
72 14
13 39
65 88
25 53
46 5
71 53
68 2
54 24
90 1
76 63
28 80
18 1
44 40
69 9
90 83
54 27
46 32
76 56
9 0
14 35
49 27
35 45
88 18
12 78
57 66
27 76
74 53
64 73
40 14
6 5
23 56
60 13
3 35
10 10
61 83
84 84
72 87
73 8
25 19
58 6
21 8
41 73
84 18
79 53
33 51
65 30
64 45
72 46
23 20
46 48
40 69
27 28
85 63
39 73
9 44
44 15
69 54
25 29
18 75
65 84
18 61
36 82
64 47
73 39
54 15
60 81
28 18
84 16
6 59
67 24
25 35
13 86
77 8
41 12
66 7
1 9
15 21
20 50
54 6
85 15
70 38
49 45
87 7
46 11
11 39
13 86
59 32
79 7
30 87
63 22
51 7
62 54
3 0
7 68
90 57
38 17
68 84
66 22
80 46
30 8
1 74
1 40
15 62
40 61
60 82
35 26
88 30
10 25
89 62
34 47
62 78
85 86
72 8
16 9
48 31
27 12
5 73
61 28
65 36
52 63
20 18
68 60
47 79
4 90
13 60
49 3
7 56
26 44
23 24
64 0
74 89
44 3
49 85
66 40
39 52
75 29
24 85
22 73
43 20
67 56
74 31
9 76
65 69
90 73
42 26
63 20
85 89
72 69
90 12
45 88
47 82
70 45
58 76
76 42
27 60
60 21
28 1
34 4
21 69
9 81
49 50
54 44
2 2
10 83
27 43
85 84
20 87
7 60
34 70
61 85
19 81
88 16
69 0
55 48
26 37
7 25
20 64
3 27
27 66
39 66
15 16
15 80
61 81
32 68
2 34
66 13
43 57
83 82
65 37
16 61
50 73
26 89
29 70
54 62
76 91
41 32
68 69
50 62
53 28
37 25
46 49
12 14
41 33
6 49
68 2
44 30
75 16
22 52
11 18
13 90
59 71
18 89
27 12
62 6
45 13
58 37
75 82
0 62
60 5
89 3
3 86
29 60
33 9
74 25
14 39
19 46
73 21
19 2
76 4
44 84
85 88
63 22
59 74
33 63
45 4
91 40
14 3
7 30
77 87
75 80
47 37
46 53
59 16
47 18
69 36
36 12
10 36
16 12
29 88
25 65
20 88
36 76
75 89
70 89
8 49
3 48
65 43
64 57
63 21
68 0
48 11
80 76
54 8
57 59
65 69
43 11
39 81
85 24
78 43
77 66
88 10
79 53
38 7
22 51
69 53
46 77
7 79
62 76
19 71
43 84
7 80