940
4699
0,
1,
2,
3,
4,
5,
6,
7,
8,
9,
10,
11,
12,
13,
14,
15,
16,
17,
18,
19,
20,
21,
22,
23,
24,
25,
26,
27,
28,
29,
30,
31,
32,
33,
34,
35,
36,
37,
38,
39,
40,
41,
42,
43,
44,
45,
46,
47,
48,
49,
50,
51,
52,
53,
54,
55,
56,
57,
58,
59,
60,
61,
62,
63,
64,
65,
66,
67,
68,
69,
70,
71,
72,
73,
74,
75,
76,
77,
78,
79,
80,
81,
82,
83,
84,
85,
86,
87,
88,
89,
90,
91,
92,
93,
94,
95,
96,
97,
98,
99,
100,
101,
102,
103,
104,
105,
106,
107,
108,
109,
110,
111,
112,
113,
114,
115,
116,
117,
118,
119,
120,
121,
122,
123,
124,
125,
126,
127,
128,
129,
130,
131,
132,
133,
134,
135,
136,
137,
138,
139,
140,
141,
142,
143,
144,
145,
146,
147,
148,
149,
150,
151,
152,
153,
154,
155,
156,
157,
158,
159,
160,
161,
162,
163,
164,
165,
166,
167,
168,
169,
170,
171,
172,
173,
174,
175,
176,
177,
178,
179,
180,
181,
182,
183,
184,
185,
186,
187,
188,
189,
190,
191,
192,
193,
194,
195,
196,
197,
198,
199,
200,
201,
202,
203,
204,
205,
206,
207,
208,
209,
210,
211,
212,
213,
214,
215,
216,
217,
218,
219,
220,
221,
222,
223,
224,
225,
226,
227,
228,
229,
230,
231,
232,
233,
234,
235,
236,
237,
238,
239,
240,
241,
242,
243,
244,
245,
246,
247,
248,
249,
250,
251,
252,
253,
254,
255,
256,
257,
258,
259,
260,
261,
262,
263,
264,
265,
266,
267,
268,
269,
270,
271,
272,
273,
274,
275,
276,
277,
278,
279,
280,
281,
282,
283,
284,
285,
286,
287,
288,
289,
290,
291,
292,
293,
294,
295,
296,
297,
298,
299,
300,
301,
302,
303,
304,
305,
306,
307,
308,
309,
310,
311,
312,
313,
314,
315,
316,
317,
318,
319,
320,
321,
322,
323,
324,
325,
326,
327,
328,
329,
330,
331,
332,
333,
334,
335,
336,
337,
338,
339,
340,
341,
342,
343,
344,
345,
346,
347,
348,
349,
350,
351,
352,
353,
354,
355,
356,
357,
358,
359,
360,
361,
362,
363,
364,
365,
366,
367,
368,
369,
370,
371,
372,
373,
374,
375,
376,
377,
378,
379,
380,
381,
382,
383,
384,
385,
386,
387,
388,
389,
390,
391,
392,
393,
394,
395,
396,
397,
398,
399,
400,
401,
402,
403,
404,
405,
406,
407,
408,
409,
410,
411,
412,
413,
414,
415,
416,
417,
418,
419,
420,
421,
422,
423,
424,
425,
426,
427,
428,
429,
430,
431,
432,
433,
434,
435,
436,
437,
438,
439,
440,
441,
442,
443,
444,
445,
446,
447,
448,
449,
450,
451,
452,
453,
454,
455,
456,
457,
458,
459,
460,
461,
462,
463,
464,
465,
466,
467,
468,
469,
470,
471,
472,
473,
474,
475,
476,
477,
478,
479,
480,
481,
482,
483,
484,
485,
486,
487,
488,
489,
490,
491,
492,
493,
494,
495,
496,
497,
498,
499,
500,
501,
502,
503,
504,
505,
506,
507,
508,
509,
510,
511,
512,
513,
514,
515,
516,
517,
518,
519,
520,
521,
522,
523,
524,
525,
526,
527,
528,
529,
530,
531,
532,
533,
534,
535,
536,
537,
538,
539,
540,
541,
542,
543,
544,
545,
546,
547,
548,
549,
550,
551,
552,
553,
554,
555,
556,
557,
558,
559,
560,
561,
562,
563,
564,
565,
566,
567,
568,
569,
570,
571,
572,
573,
574,
575,
576,
577,
578,
579,
580,
581,
582,
583,
584,
585,
586,
587,
588,
589,
590,
591,
592,
593,
594,
595,
596,
597,
598,
599,
600,
601,
602,
603,
604,
605,
606,
607,
608,
609,
610,
611,
612,
613,
614,
615,
616,
617,
618,
619,
620,
621,
622,
623,
624,
625,
626,
627,
628,
629,
630,
631,
632,
633,
634,
635,
636,
637,
638,
639,
640,
641,
642,
643,
644,
645,
646,
647,
648,
649,
650,
651,
652,
653,
654,
655,
656,
657,
658,
659,
660,
661,
662,
663,
664,
665,
666,
667,
668,
669,
670,
671,
672,
673,
674,
675,
676,
677,
678,
679,
680,
681,
682,
683,
684,
685,
686,
687,
688,
689,
690,
691,
692,
693,
694,
695,
696,
697,
698,
699,
700,
701,
702,
703,
704,
705,
706,
707,
708,
709,
710,
711,
712,
713,
714,
715,
716,
717,
718,
719,
720,
721,
722,
723,
724,
725,
726,
727,
728,
729,
730,
731,
732,
733,
734,
735,
736,
737,
738,
739,
740,
741,
742,
743,
744,
745,
746,
747,
748,
749,
750,
751,
752,
753,
754,
755,
756,
757,
758,
759,
760,
761,
762,
763,
764,
765,
766,
767,
768,
769,
770,
771,
772,
773,
774,
775,
776,
777,
778,
779,
780,
781,
782,
783,
784,
785,
786,
787,
788,
789,
790,
791,
792,
793,
794,
795,
796,
797,
798,
799,
800,
801,
802,
803,
804,
805,
806,
807,
808,
809,
810,
811,
812,
813,
814,
815,
816,
817,
818,
819,
820,
821,
822,
823,
824,
825,
826,
827,
828,
829,
830,
831,
832,
833,
834,
835,
836,
837,
838,
839,
840,
841,
842,
843,
844,
845,
846,
847,
848,
849,
850,
851,
852,
853,
854,
855,
856,
857,
858,
859,
860,
861,
862,
863,
864,
865,
866,
867,
868,
869,
870,
871,
872,
873,
874,
875,
876,
877,
878,
879,
880,
881,
882,
883,
884,
885,
886,
887,
888,
889,
890,
891,
892,
893,
894,
895,
896,
897,
898,
899,
900,
901,
902,
903,
904,
905,
906,
907,
908,
909,
910,
911,
912,
913,
914,
915,
916,
917,
918,
919,
920,
921,
922,
923,
924,
925,
926,
927,
928,
929,
930,
931,
932,
933,
934,
935,
936,
937,
938,
939
85 64
64 925
925 710
710 534
534 97
97 740
740 103
103 430
430 518
518 471
471 290
290 677
677 153
153 28
28 741
741 247
247 798
798 171
171 850
850 646
646 651
651 794
794 57
57 392
392 14
14 303
303 645
645 235
235 293
293 364
364 600
600 673
673 714
714 624
624 764
764 700
700 874
874 915
915 490
490 161
161 936
936 246
246 818
818 35
35 371
371 434
434 755
755 283
283 808
808 354
354 47
47 590
590 526
526 274
274 834
834 514
514 443
443 602
602 477
477 540
540 379
379 147
147 629
629 539
539 693
693 549
549 343
343 389
389 532
532 17
17 30
30 127
127 432
432 639
639 71
71 719
719 141
141 860
860 413
413 125
125 711
711 868
868 12
12 95
95 492
492 472
472 148
148 278
278 689
689 684
684 681
681 838
838 48
48 765
765 281
281 542
542 86
86 447
447 154
154 683
683 395
395 685
685 938
938 894
894 687
687 173
173 620
620 126
126 829
829 4
4 720
720 296
296 42
42 731
731 367
367 586
586 327
327 427
427 406
406 926
926 212
212 583
583 721
721 935
935 727
727 326
326 89
89 588
588 508
508 627
627 106
106 385
385 614
614 0
0 566
566 533
533 643
643 450
450 854
854 485
485 594
594 305
305 839
839 115
115 51
51 911
911 749
749 179
179 378
378 605
605 457
457 36
36 470
470 289
289 816
816 857
857 625
625 142
142 669
669 243
243 196
196 729
729 53
53 917
917 561
561 424
424 224
224 287
287 887
887 322
322 132
132 593
593 897
897 170
170 152
152 501
501 63
63 390
390 928
928 245
245 84
84 577
577 313
313 260
260 331
331 567
567 792
792 286
286 743
743 259
259 679
679 271
271 62
62 642
642 800
800 716
716 802
802 519
519 776
776 487
487 357
357 581
581 24
24 184
184 119
119 937
937 886
886 697
697 45
45 110
110 460
460 250
250 266
266 139
139 705
705 410
410 726
726 234
234 908
908 753
753 273
273 671
671 901
901 37
37 121
121 335
335 436
436 226
226 195
195 198
198 674
674 112
112 426
426 462
462 105
105 242
242 96
96 444
444 921
921 934
934 5
5 155
155 209
209 309
309 787
787 884
884 676
676 265
265 177
177 411
411 551
551 480
480 370
370 44
44 617
617 869
869 408
408 691
691 903
903 777
777 638
638 745
745 840
840 254
254 786
786 890
890 302
302 715
715 630
630 616
616 312
312 582
582 515
515 82
82 655
655 439
439 650
650 264
264 158
158 200
200 657
657 717
717 904
904 898
898 59
59 641
641 661
661 193
193 187
187 819
819 849
849 194
194 502
502 192
192 113
113 311
311 807
807 415
415 131
131 60
60 675
675 537
537 294
294 579
579 229
229 318
318 873
873 576
576 66
66 520
520 809
809 595
595 876
876 484
484 167
167 664
664 373
373 670
670 826
826 756
756 156
156 572
572 570
570 489
489 114
114 159
159 653
653 584
584 191
191 251
251 26
26 208
208 483
483 913
913 522
522 864
864 724
724 899
899 597
597 648
648 558
558 275
275 433
433 521
521 631
631 760
760 15
15 330
330 124
124 621
621 74
74 100
100 304
304 790
790 401
401 712
712 847
847 189
189 262
262 835
835 845
845 527
527 469
469 216
216 690
690 83
83 545
545 728
728 878
878 686
686 285
285 117
117 80
80 423
423 544
544 528
528 376
376 564
564 708
708 933
933 267
267 362
362 772
772 709
709 658
658 435
435 87
87 562
562 601
601 43
43 188
188 160
160 750
750 221
221 386
386 478
478 919
919 603
603 841
841 722
722 757
757 232
232 388
388 120
120 414
414 565
565 644
644 32
32 249
249 524
524 607
607 856
856 682
682 174
174 346
346 680
680 68
68 817
817 162
162 341
341 737
737 706
706 387
387 458
458 659
659 498
498 54
54 924
924 145
145 399
399 350
350 317
317 759
759 821
821 353
353 448
448 547
547 332
332 369
369 244
244 797
797 210
210 665
665 782
782 58
58 747
747 164
164 33
33 882
882 190
190 118
118 391
391 758
758 237
237 635
635 78
78 831
831 795
795 694
694 613
613 785
785 222
222 55
55 374
374 218
218 632
632 252
252 504
504 365
365 563
563 599
599 610
610 538
538 766
766 815
815 11
11 880
880 900
900 596
596 22
22 503
503 769
769 830
830 739
739 748
748 920
920 939
939 166
166 647
647 493
493 896
896 476
476 1
1 788
788 301
301 546
546 867
867 199
199 862
862 474
474 276
276 182
182 895
895 907
907 46
46 292
292 606
606 56
56 328
328 507
507 21
21 512
512 52
52 107
107 70
70 811
811 298
298 806
806 888
888 463
463 10
10 230
230 334
334 535
535 619
619 320
320 858
858 7
7 175
175 823
823 701
701 268
268 144
144 615
615 217
217 231
231 718
718 248
248 178
178 704
704 789
789 695
695 912
912 877
877 39
39 735
735 393
393 279
279 618
618 851
851 356
356 778
778 844
844 306
306 396
396 575
575 871
871 589
589 543
543 429
429 822
822 556
556 473
473 61
61 649
649 929
929 3
3 34
34 403
403 550
550 49
49 206
206 383
383 207
207 6
6 214
214 394
394 530
530 555
555 916
916 360
360 780
780 870
870 2
2 571
571 27
27 101
101 456
456 169
169 491
491 345
345 611
611 827
827 859
859 277
277 291
291 654
654 909
909 574
574 92
92 866
866 636
636 804
804 111
111 763
763 622
622 672
672 128
128 149
149 513
513 421
421 325
325 892
892 560
560 663
663 223
223 183
183 466
466 323
323 781
781 372
372 475
475 255
255 397
397 18
18 699
699 591
591 872
872 723
723 499
499 349
349 157
157 793
793 366
366 186
186 843
843 165
165 134
134 506
506 883
883 239
239 842
842 865
865 923
923 637
637 321
321 713
713 541
541 201
201 910
910 288
288 736
736 67
67 660
660 351
351 340
340 416
416 604
604 573
573 918
918 310
310 725
725 623
623 359
359 417
417 825
825 361
361 405
405 431
431 102
102 930
930 464
464 479
479 384
384 8
8 609
609 404
404 814
814 88
88 220
220 133
133 529
529 272
272 496
496 813
813 202
202 668
668 197
197 771
771 339
339 38
38 282
282 511
511 500
500 568
568 337
337 412
412 927
927 468
468 796
796 775
775 23
23 634
634 732
732 263
263 559
559 270
270 633
633 9
9 76
76 812
812 418
418 587
587 407
407 536
536 355
355 143
143 284
284 308
308 163
163 454
454 762
762 123
123 315
315 692
692 181
181 891
891 129
129 768
768 253
253 449
449 150
150 344
344 832
832 578
578 837
837 666
666 752
752 744
744 368
368 409
409 307
307 875
875 358
358 20
20 893
893 914
914 608
608 465
465 185
185 889
889 585
585 481
481 557
557 425
425 482
482 552
552 109
109 452
452 846
846 204
204 381
381 855
855 329
329 467
467 146
146 137
137 269
269 446
446 135
135 257
257 734
734 442
442 261
261 598
598 168
168 640
640 531
531 852
852 461
461 824
824 151
151 256
256 338
338 16
16 236
236 885
885 516
516 72
72 441
441 238
238 93
93 215
215 836
836 122
122 510
510 172
172 580
580 422
422 652
652 861
861 791
791 770
770 79
79 295
295 13
13 486
486 203
203 228
228 219
219 801
801 863
863 662
662 240
240 65
65 696
696 377
377 342
342 138
138 352
352 419
419 319
319 922
922 828
828 783
783 548
548 799
799 227
227 104
104 554
554 767
767 746
746 879
879 451
451 773
773 932
932 91
91 347
347 258
258 488
488 75
75 300
300 592
592 280
280 94
94 453
453 336
336 761
761 130
130 297
297 136
136 742
742 738
738 428
428 628
628 905
905 213
213 402
402 805
805 784
784 931
931 495
495 400
400 703
703 380
380 77
77 375
375 98
98 363
363 225
225 754
754 751
751 688
688 333
333 902
902 702
702 494
494 108
108 50
50 324
324 730
730 40
40 81
81 382
382 211
211 140
140 99
99 667
667 881
881 314
314 523
523 612
612 90
90 41
41 29
29 820
820 205
205 455
455 316
316 241
241 497
497 299
299 233
233 525
525 779
779 848
848 25
25 180
180 569
569 31
31 509
509 553
553 853
853 440
440 678
678 69
69 656
656 810
810 445
445 19
19 73
73 698
698 398
398 459
459 733
733 803
803 505
505 833
833 348
348 774
774 517
517 116
116 437
437 707
707 626
626 438
438 906
906 420
420 176
473 409
532 378
840 712
266 163
733 350
501 301
424 230
63 241
807 515
113 815
486 21
630 458
580 163
79 816
790 79
499 341
396 810
459 864
172 63
75 258
328 273
289 891
830 507
720 0
347 588
731 348
477 891
716 913
104 558
472 767
454 560
128 125
724 441
786 54
911 328
890 425
598 568
874 488
897 308
242 436
678 514
224 794
737 126
641 612
934 196
207 439
889 319
933 204
847 247
159 706
720 407
601 821
870 736
355 440
862 569
476 690
888 145
263 819
631 110
913 578
939 560
299 875
306 169
212 593
570 285
753 524
828 349
546 629
518 201
733 704
267 791
531 282
641 13
334 327
39 877
858 437
318 914
78 727
120 218
908 798
464 94
873 335
848 294
136 48
489 484
830 358
453 453
609 796
619 402
392 818
3 16
260 688
679 788
579 823
924 916
571 305
782 847
761 634
785 471
880 627
328 126
636 461
911 527
747 719
224 539
480 800
265 60
121 614
132 826
63 828
712 403
737 868
324 299
876 301
341 684
779 390
20 93
139 785
224 337
15 9
559 695
167 796
155 212
743 671
570 505
263 217
594 887
65 468
551 101
71 130
288 657
131 494
319 836
552 60
181 415
306 398
586 156
839 13
425 552
353 295
620 189
646 425
205 373
584 473
726 390
96 449
545 701
919 816
287 127
847 509
827 5
254 342
443 8
287 78
655 556
215 273
734 877
831 736
83 416
604 45
446 173
322 153
587 713
895 837
638 753
235 773
133 332
780 909
451 823
100 645
248 832
111 634
852 390
213 119
492 286
415 713
244 687
84 890
101 422
398 492
793 383
591 742
475 126
177 90
535 466
207 894
190 817
863 352
641 225
830 65
690 454
320 773
829 55
546 332
76 806
874 702
676 450
872 24
11 650
578 721
178 150
281 400
714 826
658 396
474 180
892 849
625 190
149 762
88 818
804 514
126 1
432 822
632 420
523 819
873 693
155 493
49 206
599 486
873 340
735 608
666 553
465 258
473 884
846 552
512 369
343 22
86 938
401 823
209 550
557 911
658 270
261 202
645 373
734 232
591 685
123 545
764 629
599 355
394 488
400 434
740 313
114 523
454 153
10 170
168 77
159 897
872 792
28 692
794 70
311 734
686 260
112 141
694 423
209 281
807 590
688 238
846 4
774 925
269 244
123 904
914 772
159 29
458 57
562 763
294 793
852 293
225 164
4 916
307 97
871 731
307 283
65 370
753 552
801 331
228 199
537 138
384 464
102 851
686 556
540 237
55 369
255 101
652 146
614 657
319 757
335 210
263 703
92 381
151 486
30 92
90 205
841 594
274 678
278 202
638 168
16 525
62 192
408 116
850 382
355 14
115 792
780 682
716 339
655 471
164 561
867 31
63 501
423 854
0 608
51 754
366 59
295 735
772 930
177 273
277 16
215 304
488 167
535 287
523 415
63 204
543 403
917 929
146 911
136 504
684 631
265 91
280 762
543 387
398 604
71 626
17 829
747 97
353 921
617 595
317 520
682 919
432 81
40 842
862 302
626 221
466 23
829 884
155 545
277 51
15 144
360 309
256 350
930 244
579 697
349 344
629 17
923 400
62 322
732 903
584 367
122 351
423 423
548 258
636 463
477 259
856 58
749 383
482 84
573 824
317 493
131 239
924 594
693 751
858 823
550 370
130 108
101 927
201 259
420 820
139 764
878 24
775 155
707 793
830 298
557 231
872 11
148 293
769 74
252 196
244 799
119 318
64 620
791 771
37 825
595 685
104 320
557 510
836 544
500 718
768 644
611 429
237 879
540 625
605 562
824 756
530 26
733 819
412 285
772 578
191 542
315 101
201 390
744 792
569 465
344 769
570 451
348 563
355 559
725 74
807 107
469 455
776 222
596 675
818 745
745 219
287 824
876 369
645 794
413 824
49 22
559 97
734 37
801 642
900 671
716 75
835 764
163 763
518 347
626 238
731 296
281 385
652 723
544 811
324 837
402 921
726 12
441 70
268 569
326 892
889 226
639 141
853 769
142 763
754 932
561 468
739 848
317 627
881 24
204 451
52 9
745 467
186 688
2 282
612 553
158 330
612 114
336 307
497 567
11 399
514 776
213 235
727 217
421 766
55 645
289 677
486 39
480 624
42 128
313 818
794 572
411 565
600 467
317 227
918 581
268 885
602 830
554 668
899 724
130 673
721 334
352 689
848 236
196 681
784 594
693 149
20 237
84 161
277 576
207 41
703 196
150 208
378 126
915 156
205 655
895 544
939 178
392 186
700 760
276 196
584 335
364 634
700 254
284 123
632 457
701 201
465 426
576 837
671 880
88 770
879 60
116 191
315 138
204 806
578 60
164 790
333 813
109 712
837 916
540 53
859 677
78 618
299 411
241 505
591 284
271 816
368 785
917 673
280 495
480 601
563 798
227 361
200 808
87 685
24 690
222 592
188 407
217 297
520 96
903 395
722 783
805 761
172 309
925 712
461 227
837 304
105 473
828 44
691 252
148 718
166 495
619 1
815 259
627 525
922 148
598 522
111 830
168 774
68 647
745 699
242 262
178 164
179 415
574 266
792 134
848 166
689 776
600 807
150 440
735 451
419 325
809 61
589 5
330 539
33 744
931 223
783 352
448 607
355 462
908 751
608 110
847 429
163 790
517 415
885 154
345 11
251 231
893 493
304 31
689 275
383 686
406 24
424 424
585 451
742 37
845 206
146 493
648 525
919 665
364 35
78 690
729 879
696 285
816 281
262 140
833 591
182 863
582 1
360 124
278 507
242 465
442 587
578 562
700 211
630 872
912 920
248 522
261 651
490 97
392 566
367 59
176 203
319 255
388 270
936 559
467 698
887 166
540 671
66 280
85 713
796 14
234 6
529 117
823 700
55 432
544 569
88 525
129 804
411 568
140 220
572 418
860 230
515 772
766 69
726 357
843 732
153 721
3 131
733 831
170 182
106 317
274 17
712 361
431 182
846 545
42 319
291 35
94 827
665 266
731 11
438 832
693 565
607 482
541 408
27 257
96 240
782 408
472 210
167 274
70 554
79 930
69 44
692 928
605 612
73 411
913 121
787 829
0 844
181 299
555 126
71 543
624 897
103 522
675 792
846 765
473 461
337 728
553 690
752 829
149 298
73 758
314 117
556 637
168 927
577 481
759 173
765 877
691 854
603 933
764 839
461 734
209 706
296 366
571 493
659 98
89 75
294 673
650 821
392 417
384 93
706 737
728 587
82 308
364 379
284 727
518 522
350 756
210 939
207 728
842 899
171 842
409 691
836 258
510 866
799 772
364 571
100 798
519 241
2 388
623 287
816 307
926 19
751 283
281 146
800 730
230 824
446 824
432 308
805 479
879 94
76 331
295 706
479 500
646 904
779 3
815 389
485 719
228 579
843 533
526 372
856 419
522 167
63 387
68 497
637 758
546 456
237 823
378 8
882 557
820 640
836 404
132 748
355 510
613 857
113 156
205 354
51 510
29 645
705 691
30 240
811 719
207 876
194 568
442 31
80 353
719 374
431 755
728 876
419 623
16 700
814 801
702 301
744 130
156 466
89 712
743 1
727 372
909 145
929 583
442 268
26 311
357 155
376 871
110 185
415 440
760 252
227 828
803 427
705 813
185 22
463 113
478 831
301 339
511 296
378 160
594 833
821 760
745 253
567 165
939 827
24 413
569 40
382 734
653 792
473 118
761 507
147 824
399 795
217 347
434 148
681 891
80 743
10 705
882 394
486 496
473 520
541 585
133 151
409 369
681 501
401 361
566 587
429 311
25 688
288 60
889 413
128 584
746 297
380 118
202 778
120 643
273 420
354 550
117 345
619 935
473 902
810 831
736 258
669 912
474 97
579 369
349 202
764 480
614 574
559 462
380 739
592 879
628 856
636 626
7 657
283 936
922 370
576 350
96 350
253 937
609 549
137 442
209 526
685 368
822 468
222 430
53 690
765 60
551 468
754 361
921 825
886 552
799 487
861 269
794 210
659 763
834 813
585 851
206 413
687 833
903 430
723 357
16 665
91 667
56 0
671 483
519 633
343 148
235 631
402 871
426 730
436 192
307 590
795 894
425 315
251 223
759 541
128 932
773 448
517 147
802 12
310 861
129 864
232 677
242 395
240 572
888 17
565 730
172 600
175 541
367 504
512 788
571 318
879 908
68 440
231 116
186 659
634 253
112 186
277 789
752 546
891 121
113 929
27 521
153 576
886 432
710 568
218 416
305 898
305 681
619 554
484 10
429 715
302 222
919 740
14 919
2 193
215 143
848 848
615 620
27 482
45 759
722 589
530 522
236 909
302 740
334 655
791 557
221 564
18 597
361 628
286 714
838 324
338 516
602 806
312 233
583 79
170 84
595 311
309 744
716 359
654 572
298 716
170 845
573 716
321 205
8 206
589 646
439 729
450 303
518 845
625 143
324 808
642 804
379 791
134 208
323 399
212 865
815 885
624 487
144 357
783 374
362 392
663 717
741 400
468 348
507 388
911 509
873 330
598 639
316 362
439 818
483 122
782 787
556 336
882 198
688 484
403 93
43 228
895 356
293 518
461 704
861 343
388 684
7 792
298 507
245 79
86 602
871 49
408 882
619 556
210 155
347 363
18 320
379 127
902 529
790 872
932 176
188 93
811 924
369 917
673 377
543 647
247 109
365 457
704 888
549 591
880 349
758 907
744 134
286 319
862 538
169 679
896 158
520 259
181 361
116 476
915 244
908 47
545 773
201 78
752 745
166 807
485 642
541 426
758 617
622 914
754 105
657 383
411 40
371 64
68 353
931 417
791 713
41 639
89 295
283 363
261 701
799 328
217 319
129 658
828 725
820 104
491 308
33 650
49 477
432 364
385 327
75 689
527 605
687 872
592 723
825 618
757 137
261 423
899 107
900 725
717 179
80 489
168 732
800 710
638 332
895 292
326 421
318 781
500 398
575 716
275 388
902 277
153 334
282 898
878 440
76 418
669 406
698 873
798 745
56 317
445 835
494 176
640 175
712 554
924 571
478 360
451 708
539 284
831 603
512 48
903 174
644 139
758 354
52 646
371 166
885 67
871 338
912 549
874 607
641 210
560 97
36 353
444 543
683 305
303 662
581 800
361 847
476 798
155 861
297 322
279 298
87 516
563 606
790 352
627 843
128 554
298 309
574 666
386 508
117 653
687 656
910 554
373 721
473 767
762 183
727 241
297 85
249 794
322 361
68 202
687 805
66 392
104 527
670 538
43 690
431 522
628 264
514 242
329 683
287 582
379 296
394 365
84 625
877 595
342 289
557 681
653 821
783 175
743 872
190 109
278 206
666 28
433 274
473 272
846 220
60 484
55 520
176 22
654 567
176 433
100 667
862 369
306 6
461 626
531 699
256 540
324 535
635 224
588 462
572 663
493 775
894 195
397 593
931 247
201 728
906 676
803 726
213 9
274 117
858 160
158 75
795 323
521 584
424 262
482 746
865 10
274 24
203 717
789 708
926 748
882 182
487 216
787 373
341 726
403 756
77 677
703 910
636 238
314 480
641 240
717 524
497 681
230 187
181 646
750 602
405 51
283 391
362 618
851 634
784 367
935 612
528 539
561 214
525 484
211 714
814 131
19 286
117 105
451 750
2 304
264 848
270 858
431 113
764 696
339 785
106 930
391 679
454 585
86 754
88 619
351 301
905 302
880 668
92 728
406 117
56 286
745 404
481 257
284 195
838 677
147 861
580 648
463 28
830 214
474 905
301 871
876 67
164 154
482 247
776 6
852 616
118 622
588 577
810 511
111 150
714 358
282 622
733 825
233 876
807 177
403 175
357 518
300 781
690 279
737 930
162 56
152 632
705 254
491 83
781 788
938 561
755 650
147 616
773 484
889 176
88 930
191 493
572 849
83 888
153 104
807 35
678 323
741 518
256 236
713 643
219 326
7 372
286 351
294 899
922 796
208 470
338 290
884 751
67 74
857 795
779 402
571 863
385 794
842 389
7 502
355 316
45 662
561 757
451 134
631 870
32 892
336 256
183 217
697 651
724 305
218 546
554 180
613 55
554 925
561 270
390 604
155 619
248 907
452 820
331 928
429 18
80 542
757 233
902 287
862 703
188 829
744 743
258 464
390 385
921 913
293 819
869 537
543 773
306 729
755 356
459 542
310 396
705 413
832 142
86 233
183 152
111 471
628 780
251 279
868 876
750 96
46 30
623 528
123 114
72 245
898 776
553 637
256 855
720 114
270 142
128 855
777 141
934 578
511 839
888 213
14 509
10 177
296 81
775 87
173 331
87 839
778 655
727 789
822 454
289 455
757 487
422 612
124 47
547 722
5 133
894 450
763 909
78 662
706 460
693 348
133 926
662 830
730 703
485 594
208 882
567 381
918 413
99 871
502 173
645 867
898 225
613 896
606 120
232 596
590 616
744 381
592 634
515 524
579 61
207 85
828 270
127 384
6 755
673 626
245 432
735 731
241 227
772 137
631 769
938 611
319 882
192 108
521 654
827 681
701 678
111 877
380 487
74 810
189 742
569 933
765 779
738 508
320 294
81 181
474 107
611 715
495 197
611 671
159 813
701 783
839 333
908 131
100 567
90 865
601 888
356 311
350 149
369 688
310 930
399 309
432 116
298 834
849 175
366 166
777 655
365 654
852 241
172 418
146 482
781 310
623 247
274 918
243 306
268 574
746 280
623 777
517 111
356 417
48 312
407 588
307 331
651 803
807 640
44 72
231 789
170 669
151 321
304 252
769 717
264 210
705 599
48 154
910 855
456 305
20 664
675 263
103 701
936 90
341 166
695 48
114 926
296 636
923 340
737 575
789 305
242 814
496 774
429 777
48 271
674 764
611 398
140 648
116 783
146 300
25 732
56 243
386 497
734 661
723 607
876 110
607 489
915 696
385 724
296 689
574 326
659 641
198 166
146 755
534 163
595 124
711 573
42 337
336 288
893 402
805 287
21 612
334 618
616 418
244 203
886 144
603 448
831 522
825 74
852 22
136 174
929 621
6 125
43 639
150 912
755 876
196 768
4 501
410 503
874 67
883 87
10 705
234 850
934 369
664 344
352 329
689 124
561 913
579 565
609 939
495 543
600 438
240 547
108 284
364 620
476 464
161 332
339 188
21 684
712 596
409 218
877 716
300 525
682 303
74 744
925 150
702 120
548 356
224 528
316 827
67 424
703 571
366 319
515 496
544 232
769 782
566 849
784 223
617 328
803 893
598 866
173 96
550 283
883 440
225 292
937 753
719 282
16 436
753 670
310 765
179 540
189 532
827 103
458 221
893 324
61 100
893 519
809 250
589 878
592 741
585 511
930 203
232 59
243 656
806 83
755 835
116 565
849 715
346 152
131 458
737 180
817 899
248 934
98 885
604 328
419 493
666 750
535 917
194 321
699 80
88 866
437 504
274 928
674 95
213 40
156 497
753 194
342 563
822 409
597 237
95 903
351 845
288 469
488 466
343 585
743 729
26 742
612 835
145 252
571 380
301 695
614 336
570 608
774 373
911 201
350 113
378 856
879 102
354 511
10 704
874 547
371 782
838 7
521 65
725 323
297 860
56 49
115 714
815 884
8 322
285 208
22 688
35 540
325 236
423 687
4 820
376 68
216 303
593 775
547 7
713 136
773 414
359 68
498 254
10 144
911 338
372 727
745 293
44 108
321 145
675 132
204 268
12 656
455 74
286 854
881 892
484 54
658 756
7 852
161 713
480 750
116 568
720 929
199 461
643 400
821 312
236 224
541 69
27 791
640 741
199 245
860 339
731 803
863 48
799 100
372 540
600 805
619 907
669 320
395 644
387 102
242 384
189 509
494 132
556 337
930 563
869 667
296 765
703 538
910 423
178 335
538 772
203 654
405 619
925 818
883 564
335 258
418 121
3 228
226 602
328 459
902 755
438 165
480 80
48 566
403 588
743 901
391 359
189 514
755 865
564 846
25 534
768 752
201 467
739 54
281 580
781 502
845 863
412 498
129 493
515 842
92 932
927 426
466 56
804 280
361 116
100 387
567 907
658 863
161 795
624 935
338 395
589 219
409 378
137 888
327 60
641 333
415 285
825 491
713 146
533 707
906 326
761 498
702 900
865 899
537 900
504 249
588 110
743 18
343 576
134 261
380 353
793 406
632 921
253 648
469 115
276 626
750 409
334 3
572 928
850 799
800 788
410 847
612 171
256 255
800 505
107 787
408 72
158 300
91 253
162 819
261 818
404 876
749 541
242 185
25 509
36 201
874 573
420 553
205 934
663 615
464 731
749 589
14 231
384 512
689 901
428 36
735 416
572 566
243 753
331 231
128 738
845 222
388 196
929 380
710 469
587 16
717 348
386 468
309 408
336 670
256 233
254 381
620 596
605 811
882 76
755 636
118 552
837 87
650 900
307 260
11 149
756 97
199 929
126 777
108 401
18 381
419 547
443 706
268 272
103 267
733 735
144 153
364 729
665 75
213 306
634 143
708 815
510 684
213 81
866 910
618 646
118 403
855 154
835 614
95 921
292 524
659 913
649 758
482 786
684 37
739 739
673 563
655 598
100 744
589 797
3 675
58 47
562 9
74 20
598 457
817 812
186 84
780 845
584 481
229 531
259 529
701 688
830 312
728 771
477 937
425 707
133 505
573 874
96 176
673 621
792 103
724 493
424 903
556 265
195 686
440 25
535 756
423 254
675 274
780 620
858 3
812 461
816 849
720 330
630 221
772 690
291 128
350 141
487 180
504 850
318 822
64 616
30 735
194 68
592 753
556 142
265 924
248 674
568 160
887 487
253 266
777 557
469 468
127 171
480 786
319 659
560 413
471 478
873 603
90 779
81 595
879 562
628 191
702 848
100 68
133 666
131 452
387 314
200 903
856 153
743 258
595 373
231 524
793 916
655 761
477 721
218 210
185 860
84 861
591 402
621 417
468 557
414 634
301 184
455 404
528 668
8 815
238 156
560 428
676 870
375 527
165 806
134 763
799 107
2 319
27 654
700 763
373 45
938 356
274 81
58 134
685 458
421 803
92 606
524 305
710 531
170 358
540 622
869 901
82 784
475 99
201 289
209 33
848 559
126 295
545 594
750 439
213 675
378 650
530 683
628 808
9 576
187 193
603 564
233 190
296 103
193 427
328 881
922 43
750 386
505 260
258 565
83 156
364 55
753 574
230 877
591 225
702 894
507 248
40 676
295 467
405 237
214 155
456 19
619 103
810 926
525 66
518 133
375 617
387 572
356 674
311 464
240 112
351 533
313 821
206 158
224 888
907 131
12 16
229 915
215 475
165 679
816 832
651 582
234 753
585 663
804 117
295 285
749 765
801 842
182 220
669 455
541 681
230 559
330 365
899 871
31 354
544 149
615 225
566 816
665 753
357 176
519 698
320 549
379 122
534 328
628 374
544 818
686 406
29 412
156 551
106 542
107 770
528 420
738 248
790 468
670 606
731 603
835 745
256 599
249 369
118 478
208 428
648 554
296 145
801 292
372 711
72 939
571 451
179 238
696 726
63 698
106 451
798 703
165 534
37 728
289 102
748 787
220 440
47 604
231 160
219 158
385 74
121 619
470 769
420 691
811 672
453 708
359 376
303 922
426 513
543 625
597 407
823 846
621 135
896 500
323 123
343 264
39 754
200 806
61 296
186 768
687 797
705 331
302 493
329 584
486 852
377 107
631 100
722 199
411 546
702 533
815 734
792 746
633 239
387 541
213 209
184 347
310 159
513 345
790 545
118 514
800 528
208 550
41 6
3 217
664 397
695 668
794 56
94 865
42 38
934 778
190 351
8 523
134 8
84 283
258 837
296 182
78 16
224 421
59 411
875 412
381 671
27 219
119 232
746 469
588 34
106 714
705 804
390 61
772 574
455 206
742 737
90 22
717 171
899 493
502 923
185 160
858 651
281 189
625 743
634 85
207 437
641 689
676 362
729 487
397 115
824 621
634 105
425 655
61 149
111 932
689 733
5 17
902 623
795 809
340 679
933 834
862 886
770 650
756 418
684 824
6 473
148 827
555 712
499 456
586 642
635 613
643 550
592 272
919 504
811 918
493 767
401 574
627 227
302 875
570 784
467 71
765 862
232 800
568 90
419 492
455 38
741 860
769 195
895 132
491 624
480 392
384 208
525 156
34 629
891 821
289 107
10 821
905 159
433 385
408 820
464 880
331 540
453 787
462 786
511 933
528 404
844 510
537 793
326 35
650 595
556 435
783 5
729 627
740 935
633 598
509 499
487 42
707 658
683 688
190 468
564 67
310 588
795 5
99 537
191 774
88 861
916 662
73 927
128 804
322 414
868 673
302 353
844 146
189 103
611 574
70 351
399 435
262 898
193 914
156 20
794 78
784 481
216 349
398 303
418 897
76 559
7 373
653 286
338 866
380 665
405 245
216 41
206 491
427 534
626 95
22 798
31 108
523 134
86 94
884 92
370 99
766 504
618 120
491 583
460 544
90 497
685 557
316 566
84 431
616 664
815 297
250 196
587 116
570 787
664 871
894 722
725 200
535 366
384 408
729 702
869 850
846 625
294 497
418 270
117 305
772 143
108 586
245 477
194 186
352 40
161 312
624 613
100 735
153 803
225 249
662 911
434 746
275 457
161 175
263 290
560 739
127 233
201 141
112 851
206 366
452 405
81 898
166 309
510 514
888 399
484 74
583 596
668 618
374 294
460 72
650 897
733 190
18 252
430 53
762 618
634 638
848 393
417 917
855 19
920 567
110 894
659 558
729 460
302 144
527 628
735 469
718 554
123 777
513 147
141 36
413 794
205 123
681 580
120 403
302 864
84 6
857 476
834 731
788 269
153 527
722 128
826 384
793 832
783 64
395 889
465 795
755 664
563 643
560 487
872 838
871 905
912 687
915 617
364 851
330 25
787 387
615 253
208 661
246 882
348 128
312 470
73 35
616 627
171 524
620 460
797 521
896 125
769 219
356 540
78 159
900 313
41 90
451 573
702 521
741 35
90 610
913 246
781 540
81 373
617 548
830 930
862 457
797 53
125 532
538 889
773 488
85 863
390 549
681 216
759 545
907 317
187 84
337 706
232 330
263 110
81 286
742 412
113 226
695 825
794 302
751 129
166 394
658 376
701 33
214 55
824 304
301 573
110 132
218 382
92 222
838 723
330 240
463 742
348 770
621 509
158 180
490 558
472 394
669 572
332 664
439 58
185 228
762 253
177 813
396 10
585 32
601 217
337 861
853 729
40 661
289 939
137 301
583 210
843 87
380 195
166 715
448 796
802 608
934 256
204 415
253 653
194 833
754 830
107 398
207 231
68 769
175 47
772 706
876 688
148 636
52 400
738 305
619 97
911 255
860 201
792 382
891 494
851 726
767 761
222 237
709 765
716 175
111 84
641 166
354 105
388 664
915 329
709 735
667 826
139 277
430 391
610 566
114 313
184 119
173 669
402 691
332 908
876 792
157 335
353 638
508 553
413 668
546 780
432 26
211 70
560 78
568 497
851 56
882 569
506 722
3 675
929 745
250 150
430 858
224 881
537 325
882 742
91 317
347 660
326 530
62 613
333 897
773 85
280 764
290 650
715 710
53 577
593 327
882 36
742 15
634 46
676 690
244 896
692 780
319 852
908 654
11 667
776 715
506 586
550 566
507 72
87 127
500 729
65 732
292 663
249 824
546 100
359 421
737 476
30 807
399 263
144 13
750 631
462 416
704 219
296 0
713 54
264 323
234 836
256 337
737 469
251 838
727 536
778 493
108 408
246 458
841 623
512 415
57 157
51 302
597 670
413 382
658 71
55 502
279 716
827 648
70 715
619 184
885 598
606 559
534 666
869 734
77 107
921 23
857 260
224 449
117 42
384 831
101 10
841 619
657 895
582 440
113 191
312 378
795 404
150 627
732 507
591 681
611 242
98 816
10 260
537 438
895 551
720 687
509 12
912 829
268 920
72 520
170 791
99 771
732 494
75 800
822 797
876 812
267 323
781 525
38 507
636 468
1 710
222 433
324 271
479 428
879 518
907 269
589 616
274 591
607 139
503 904
101 417
912 204
465 15
762 820
748 683
588 748
408 624
381 901
653 837
527 779
646 113
565 822
553 653
827 691
104 825
488 801
179 872
592 774
164 412
592 529
512 814
637 623
688 408
340 711
222 362
571 792
308 12
38 255
129 513
259 270
676 400
412 264
881 418
567 193
97 131
593 50
248 48
542 591
468 218
435 125
872 271
644 539
60 33
387 302
517 427
169 833
66 426
577 799
317 284
802 365
458 203
780 599
72 817
411 139
33 306
584 205
286 811
748 834
620 415
440 712
173 350
120 568
610 789
528 289
792 887
157 339
271 220
500 899
705 654
246 711
379 912
290 741
398 149
471 75
624 663
628 826
679 335
405 874
756 169
858 56
580 554
58 905
404 713
459 568
21 555
938 36
289 71
234 709
293 439
92 837
642 752
29 620
524 622
142 727
608 222
836 155
935 704
704 405
30 930
333 373
658 259
931 796
132 862
493 154
809 432
484 183
470 397
300 181
350 159
558 860
524 842
451 74
259 92
137 642
714 776
128 69
449 306
262 915
479 873
821 443
831 193
896 596
897 440
834 454
201 444
380 145
883 713
311 693
207 110
469 697
259 641
526 283
767 646
471 935
84 166
66 47
314 468
453 767
460 236
699 763
786 239
844 778
585 139
526 856
52 384
474 508
166 414
836 35
862 644
815 257
891 191
423 608
94 694
315 296
544 411
33 82
440 688
524 929
217 781
627 128
710 527
856 536
47 112
730 182
599 272
263 597
63 797
314 861
391 395
372 235
544 109
511 435
671 425
214 65
181 462
877 893
443 215
591 707
480 436
555 728
193 927
77 374
140 860
284 751
9 430
441 566
909 106
78 420
794 893
428 164
70 490
638 128
738 182
512 252
916 4
631 492
811 669
514 481
437 419
461 6
423 606
227 233
283 211
895 567
495 562
256 400
425 213
174 696
811 360
408 158
80 686
770 323
684 617
420 120
316 146
655 645
129 547
765 276
672 120
826 124
199 676
104 819
115 149
405 868
798 728
101 313
41 215
246 890
320 564
381 315
76 283
404 727
241 374
727 64
778 642
758 133
345 8
403 424
767 553
347 603
798 755
251 665
774 258
740 842
597 555
164 422
675 555
800 484
394 790
873 583
760 541
412 64
900 156
746 588
622 741
930 606
136 707
660 59
654 338
102 784
886 396
935 779
657 759
586 266
709 265
521 527
349 921
669 565
838 547
75 185
623 817
247 382
597 856
57 602
237 113
822 654
795 103
212 435
919 105
300 834
244 720
160 402
2 572
802 345
600 54
57 329
413 306
140 508
710 394
79 306
9 7
664 329
270 29
627 835
369 849
924 173
514 168
208 214
474 620
931 356
350 788
823 916
5 613
352 300
848 641
131 380
538 240
335 361
168 643
776 33
285 403
342 36
218 511
68 618
288 325
116 937
268 857
279 659
759 248
809 756
546 58
247 435
148 284
729 720
708 292
815 280
31 435
622 731
643 593
90 752
15 839
98 258
736 596
383 265
336 736
785 443
542 355
500 904
756 651
63 14
239 841
527 264
448 599
210 275
517 629
519 85
530 925
60 901
277 409
877 388
272 643
243 99
561 11
0 564
483 477
138 848
790 875
308 416
384 457
549 563
215 762
912 74
693 665
913 707
133 788
80 268
458 162
324 391
929 755
472 717
612 587
249 95
789 282
394 218
1 242
232 220
712 70
215 889
797 573
355 162
9 113
185 491
164 419
421 657
32 887
896 888
525 905
192 193
350 855
401 816
537 837
623 876
848 676
722 414
786 373
192 522
408 92
824 222
798 685
894 331
723 111
413 479
37 707
67 11
27 119
620 65
188 498
588 497
768 768
911 83
661 785
281 247
524 125
605 208
383 73
37 795
463 435
307 876
793 116
330 543
287 915
194 26
801 328
340 227
167 343
116 456
712 281
537 184
613 318
113 780
30 699
838 709
634 534
716 852
817 883
780 552
670 0
22 592
398 692
281 177
144 742
25 731
267 653
311 435
40 886
427 891
500 818
560 43
769 292
532 722
683 774
19 782
303 177
101 428
571 455
488 241
616 505
92 669
424 115
329 270
893 55
454 644
170 223
17 643
486 577
197 796
539 278
470 313
830 690
523 803
874 934
685 246
138 278
70 836
169 412
9 874
668 107
229 929
840 134
610 423
414 650
510 670
828 310
801 12
495 39
738 125
180 435
187 118
845 895
616 461
728 862
629 934
677 188
695 155
300 572
335 28
904 475
391 554
866 183
140 226
403 609
737 722
48 549
790 29
240 446
795 856
620 927
497 152
902 42
884 920
839 191
106 234
827 370
445 873
403 614
914 804
613 71
933 750
449 891
51 390
567 598
371 273
722 925
360 19
582 154
411 354
861 508
791 470
91 779
435 232
391 270
63 657
860 270
888 357
535 77
555 120
434 271
923 55
482 327
662 636
27 234
144 333
140 723
496 519
901 145
557 318
674 805
639 642
345 3
362 353
799 180
771 354
780 932
401 437
88 378
411 424
597 819
189 194
873 470
827 478
631 867
260 64
362 366
510 847
188 343
887 813
313 271
356 574
437 133
926 303
75 72
592 525
909 859
929 809
812 879
24 8
812 231
548 100
736 759
611 160
635 508
184 566
674 301
472 554
753 804
410 380
469 303
490 84
828 293
366 181
53 876
570 159
375 801
443 551
621 219
507 480
22 222
565 241
827 770
483 553
684 600
81 528
287 493
527 281
544 699
102 641
472 436
576 695
429 725
747 25
517 230
63 932
641 347
158 352
161 798
802 131
647 835
591 163
809 353
103 892
525 138
884 675
918 485
135 300
708 682
556 846
617 178
501 466
581 885
656 7
439 704
733 32
700 859
773 411
171 64
517 289
743 135
359 625
608 484
666 251
100 660
599 459
882 368
484 337
763 665
696 38
508 920
80 836
453 887
170 393
21 854
792 368
406 465
772 783
783 489
478 598
191 843
161 312
898 721
838 721
283 575
268 663
317 838
599 860
476 347
638 87
879 818
432 477
340 11
544 91
411 173
928 470
68 386
498 794
461 816
628 659
811 86
438 554
927 27
255 751
701 341
750 896
108 66
836 506
415 210
138 861
860 756
44 627
502 841
566 735
283 498
690 738
440 128
379 744
252 17
85 587
912 725
430 566
318 678
79 69
651 256
839 778
898 376
268 577
342 215
680 769
372 68
666 542
907 363
519 797
724 655
351 732
203 132
454 89
887 427
580 177
164 196
256 562
227 544
215 864
398 215
492 685
381 685
128 78
51 930
146 394
691 486
23 253
321 412
273 631
170 920
349 502
755 688
138 809
812 79
880 726
266 273
428 326
121 407
774 279
21 101
8 292
294 737
326 931
173 33
854 628
487 379
152 477
232 345
351 640
609 347
670 930
461 882
661 294
282 42
423 891
439 254
347 596
715 850
238 139
487 87
113 922
226 269
756 327
98 320
288 499
603 71
3 502
371 340
815 71
311 162
882 82
339 71
355 728
169 195
356 380
478 818
930 46
24 88
871 853
652 437
252 86
153 669
875 493
244 238
571 652
688 318
925 80
579 674
157 417
906 430
279 33
222 428
455 531
199 770
23 791
939 863
493 217
792 222
131 557
931 162
734 296
472 312
659 259
457 725
71 186
79 759
773 805
209 932
67 266
674 626
501 613
854 343
364 399
305 820
151 791
879 684
387 716
557 138
398 874
362 764
297 881
96 785
252 433
603 188
425 484
464 145
770 0
369 278
299 2
200 262
499 922
733 776
787 899
19 50
880 37
725 872
319 330
55 534
358 433
370 510
513 73
294 435
200 679
386 629
909 673
239 1
700 428
272 931
653 313
805 897
927 526
370 643
503 816
401 332
939 699
828 643
596 656
409 733
676 796
278 144
16 701
509 856
608 537
299 802
733 43
309 751
591 674
789 658
450 347
170 285
331 199
223 746
783 448
209 284
547 502
542 820
508 765
488 847
12 111
778 556
479 421
714 471
72 412
451 429
201 604
727 781
481 528
270 931
224 255
345 751
643 890
805 553
811 82
814 372
341 672
928 657
229 816
193 793
3 568
736 787
49 0
261 442
433 913
66 228
60 680
183 802
692 822
205 872
137 522
16 410
560 646
444 451
709 668
663 76
610 457
539 691
786 65
520 925
569 740
383 520
533 428
147 921
812 293
563 277
4 917
660 420
745 59
394 566
439 506
27 419
207 522
793 512
182 700
730 353
584 35
931 190
545 279
364 497
603 295
524 337
597 919
168 355
745 561
346 854
358 304
573 626
12 659
59 702
650 629
197 848
96 80
460 219
190 207
333 900
354 308
16 305
884 609
138 866
520 907
904 472
620 86
194 126
125 19
45 397
786 504
3 723
22 863
472 521
148 797
769 281
297 195
710 551
46 362
606 23
601 69
211 919
175 708
768 64
758 696
380 892
130 801
807 161
386 88
708 767
579 106
35 330
44 280
244 482
823 734
82 315
398 725
128 589
326 843
234 646
697 273
824 866
140 840
211 795
211 279
742 320
747 120
30 692
484 727
20 567
456 548
209 407
622 449
415 207
89 513
392 175
350 270
773 197
603 260
249 825
502 75
676 785
357 713
906 650
209 17
605 398
855 14
823 886
183 349
155 113
285 130
841 352
240 761
186 639
925 905
661 221
792 437
632 672
710 471
727 492
549 294
35 816
178 295
453 690
104 718
755 564
440 787
114 915
851 369
654 840
386 41
385 124
10 522
557 830
426 34
927 452
264 589
750 269
406 267
79 910
237 46
445 672
256 406
147 92
479 413
697 299
420 611
90 567
714 116
405 466
135 296
649 76
111 749
864 171
94 114
4 179
61 777
290 112
659 13
32 249
460 423
496 500
226 938
537 283
832 152
45 299
785 216
242 631
653 79
779 314
598 573
354 215
622 786
855 208
367 355
424 99
382 770
722 444
676 147