960
4799
0,
1,
2,
3,
4,
5,
6,
7,
8,
9,
10,
11,
12,
13,
14,
15,
16,
17,
18,
19,
20,
21,
22,
23,
24,
25,
26,
27,
28,
29,
30,
31,
32,
33,
34,
35,
36,
37,
38,
39,
40,
41,
42,
43,
44,
45,
46,
47,
48,
49,
50,
51,
52,
53,
54,
55,
56,
57,
58,
59,
60,
61,
62,
63,
64,
65,
66,
67,
68,
69,
70,
71,
72,
73,
74,
75,
76,
77,
78,
79,
80,
81,
82,
83,
84,
85,
86,
87,
88,
89,
90,
91,
92,
93,
94,
95,
96,
97,
98,
99,
100,
101,
102,
103,
104,
105,
106,
107,
108,
109,
110,
111,
112,
113,
114,
115,
116,
117,
118,
119,
120,
121,
122,
123,
124,
125,
126,
127,
128,
129,
130,
131,
132,
133,
134,
135,
136,
137,
138,
139,
140,
141,
142,
143,
144,
145,
146,
147,
148,
149,
150,
151,
152,
153,
154,
155,
156,
157,
158,
159,
160,
161,
162,
163,
164,
165,
166,
167,
168,
169,
170,
171,
172,
173,
174,
175,
176,
177,
178,
179,
180,
181,
182,
183,
184,
185,
186,
187,
188,
189,
190,
191,
192,
193,
194,
195,
196,
197,
198,
199,
200,
201,
202,
203,
204,
205,
206,
207,
208,
209,
210,
211,
212,
213,
214,
215,
216,
217,
218,
219,
220,
221,
222,
223,
224,
225,
226,
227,
228,
229,
230,
231,
232,
233,
234,
235,
236,
237,
238,
239,
240,
241,
242,
243,
244,
245,
246,
247,
248,
249,
250,
251,
252,
253,
254,
255,
256,
257,
258,
259,
260,
261,
262,
263,
264,
265,
266,
267,
268,
269,
270,
271,
272,
273,
274,
275,
276,
277,
278,
279,
280,
281,
282,
283,
284,
285,
286,
287,
288,
289,
290,
291,
292,
293,
294,
295,
296,
297,
298,
299,
300,
301,
302,
303,
304,
305,
306,
307,
308,
309,
310,
311,
312,
313,
314,
315,
316,
317,
318,
319,
320,
321,
322,
323,
324,
325,
326,
327,
328,
329,
330,
331,
332,
333,
334,
335,
336,
337,
338,
339,
340,
341,
342,
343,
344,
345,
346,
347,
348,
349,
350,
351,
352,
353,
354,
355,
356,
357,
358,
359,
360,
361,
362,
363,
364,
365,
366,
367,
368,
369,
370,
371,
372,
373,
374,
375,
376,
377,
378,
379,
380,
381,
382,
383,
384,
385,
386,
387,
388,
389,
390,
391,
392,
393,
394,
395,
396,
397,
398,
399,
400,
401,
402,
403,
404,
405,
406,
407,
408,
409,
410,
411,
412,
413,
414,
415,
416,
417,
418,
419,
420,
421,
422,
423,
424,
425,
426,
427,
428,
429,
430,
431,
432,
433,
434,
435,
436,
437,
438,
439,
440,
441,
442,
443,
444,
445,
446,
447,
448,
449,
450,
451,
452,
453,
454,
455,
456,
457,
458,
459,
460,
461,
462,
463,
464,
465,
466,
467,
468,
469,
470,
471,
472,
473,
474,
475,
476,
477,
478,
479,
480,
481,
482,
483,
484,
485,
486,
487,
488,
489,
490,
491,
492,
493,
494,
495,
496,
497,
498,
499,
500,
501,
502,
503,
504,
505,
506,
507,
508,
509,
510,
511,
512,
513,
514,
515,
516,
517,
518,
519,
520,
521,
522,
523,
524,
525,
526,
527,
528,
529,
530,
531,
532,
533,
534,
535,
536,
537,
538,
539,
540,
541,
542,
543,
544,
545,
546,
547,
548,
549,
550,
551,
552,
553,
554,
555,
556,
557,
558,
559,
560,
561,
562,
563,
564,
565,
566,
567,
568,
569,
570,
571,
572,
573,
574,
575,
576,
577,
578,
579,
580,
581,
582,
583,
584,
585,
586,
587,
588,
589,
590,
591,
592,
593,
594,
595,
596,
597,
598,
599,
600,
601,
602,
603,
604,
605,
606,
607,
608,
609,
610,
611,
612,
613,
614,
615,
616,
617,
618,
619,
620,
621,
622,
623,
624,
625,
626,
627,
628,
629,
630,
631,
632,
633,
634,
635,
636,
637,
638,
639,
640,
641,
642,
643,
644,
645,
646,
647,
648,
649,
650,
651,
652,
653,
654,
655,
656,
657,
658,
659,
660,
661,
662,
663,
664,
665,
666,
667,
668,
669,
670,
671,
672,
673,
674,
675,
676,
677,
678,
679,
680,
681,
682,
683,
684,
685,
686,
687,
688,
689,
690,
691,
692,
693,
694,
695,
696,
697,
698,
699,
700,
701,
702,
703,
704,
705,
706,
707,
708,
709,
710,
711,
712,
713,
714,
715,
716,
717,
718,
719,
720,
721,
722,
723,
724,
725,
726,
727,
728,
729,
730,
731,
732,
733,
734,
735,
736,
737,
738,
739,
740,
741,
742,
743,
744,
745,
746,
747,
748,
749,
750,
751,
752,
753,
754,
755,
756,
757,
758,
759,
760,
761,
762,
763,
764,
765,
766,
767,
768,
769,
770,
771,
772,
773,
774,
775,
776,
777,
778,
779,
780,
781,
782,
783,
784,
785,
786,
787,
788,
789,
790,
791,
792,
793,
794,
795,
796,
797,
798,
799,
800,
801,
802,
803,
804,
805,
806,
807,
808,
809,
810,
811,
812,
813,
814,
815,
816,
817,
818,
819,
820,
821,
822,
823,
824,
825,
826,
827,
828,
829,
830,
831,
832,
833,
834,
835,
836,
837,
838,
839,
840,
841,
842,
843,
844,
845,
846,
847,
848,
849,
850,
851,
852,
853,
854,
855,
856,
857,
858,
859,
860,
861,
862,
863,
864,
865,
866,
867,
868,
869,
870,
871,
872,
873,
874,
875,
876,
877,
878,
879,
880,
881,
882,
883,
884,
885,
886,
887,
888,
889,
890,
891,
892,
893,
894,
895,
896,
897,
898,
899,
900,
901,
902,
903,
904,
905,
906,
907,
908,
909,
910,
911,
912,
913,
914,
915,
916,
917,
918,
919,
920,
921,
922,
923,
924,
925,
926,
927,
928,
929,
930,
931,
932,
933,
934,
935,
936,
937,
938,
939,
940,
941,
942,
943,
944,
945,
946,
947,
948,
949,
950,
951,
952,
953,
954,
955,
956,
957,
958,
959
602 15
15 635
635 826
826 945
945 425
425 30
30 899
899 166
166 418
418 420
420 540
540 359
359 749
749 901
901 718
718 293
293 800
800 224
224 935
935 813
813 242
242 871
871 270
270 732
732 706
706 681
681 761
761 930
930 823
823 722
722 729
729 924
924 238
238 586
586 839
839 212
212 191
191 672
672 951
951 653
653 97
97 352
352 669
669 878
878 105
105 693
693 240
240 412
412 928
928 150
150 119
119 476
476 544
544 803
803 261
261 680
680 747
747 42
42 816
816 263
263 554
554 55
55 456
456 719
719 510
510 349
349 155
155 888
888 377
377 109
109 726
726 751
751 850
850 867
867 133
133 391
391 885
885 786
786 374
374 646
646 567
567 350
350 478
478 170
170 872
872 411
411 431
431 661
661 369
369 23
23 557
557 423
423 470
470 767
767 766
766 382
382 936
936 326
326 522
522 57
57 490
490 26
26 278
278 264
264 594
594 108
108 744
744 834
834 812
812 841
841 814
814 953
953 312
312 565
565 19
19 260
260 796
796 393
393 447
447 660
660 576
576 162
162 552
552 556
556 704
704 650
650 193
193 578
578 206
206 430
430 283
283 295
295 503
503 736
736 130
130 921
921 16
16 164
164 658
658 900
900 410
410 72
72 442
442 624
624 952
952 619
619 169
169 598
598 654
654 246
246 209
209 3
3 168
168 43
43 682
682 463
463 911
911 445
445 341
341 402
402 52
52 111
111 636
636 322
322 297
297 424
424 237
237 80
80 288
288 136
136 549
549 368
368 533
533 534
534 323
323 721
721 903
903 929
929 222
222 634
634 664
664 489
489 77
77 566
566 279
279 659
659 818
818 614
614 810
810 121
121 324
324 508
508 843
843 62
62 33
33 340
340 405
405 520
520 199
199 307
307 139
139 146
146 527
527 356
356 252
252 853
853 765
765 407
407 882
882 626
626 220
220 643
643 943
943 64
64 333
333 568
568 932
932 667
667 956
956 687
687 202
202 551
551 905
905 561
561 694
694 315
315 227
227 290
290 542
542 862
862 467
467 625
625 443
443 54
54 574
574 519
519 775
775 645
645 870
870 716
716 37
37 702
702 840
840 296
296 666
666 558
558 361
361 912
912 113
113 401
401 484
484 233
233 608
608 955
955 689
689 575
575 919
919 656
656 673
673 137
137 419
419 338
338 881
881 848
848 690
690 886
886 600
600 198
198 196
196 838
838 214
214 207
207 695
695 309
309 471
471 487
487 809
809 678
678 266
266 501
501 725
725 360
360 593
593 151
151 555
555 475
475 512
512 180
180 182
182 541
541 429
429 147
147 300
300 406
406 165
165 779
779 629
629 477
477 938
938 225
225 396
396 620
620 564
564 759
759 536
536 811
811 60
60 931
931 253
253 820
820 864
864 942
942 890
890 846
846 709
709 244
244 76
76 331
331 479
479 587
587 819
819 760
760 143
143 739
739 327
327 483
483 9
9 707
707 210
210 737
737 883
883 688
688 366
366 875
875 559
559 764
764 124
124 851
851 550
550 46
46 752
752 670
670 768
768 48
48 648
648 13
13 733
733 530
530 125
125 894
894 163
163 149
149 917
917 570
570 353
353 465
465 285
285 459
459 400
400 413
413 302
302 416
416 898
898 75
75 120
120 275
275 192
192 250
250 68
68 560
560 281
281 372
372 832
832 639
639 347
347 773
773 118
118 53
53 844
844 904
904 280
280 45
45 314
314 335
335 665
665 205
205 156
156 583
583 728
728 590
590 298
298 543
543 6
6 69
69 392
392 833
833 32
32 232
232 25
25 793
793 606
606 697
697 865
865 308
308 58
58 482
482 375
375 472
472 879
879 387
387 599
599 783
783 698
698 804
804 20
20 708
708 448
448 292
292 799
799 47
47 399
399 604
604 239
239 509
509 27
27 630
630 754
754 817
817 517
517 383
383 652
652 797
797 723
723 358
358 488
488 321
321 717
717 580
580 618
618 753
753 272
272 63
63 311
311 167
167 82
82 362
362 51
51 67
67 363
363 152
152 507
507 762
762 231
231 172
172 861
861 805
805 160
160 114
114 194
194 336
336 173
173 696
696 907
907 177
177 10
10 259
259 933
933 516
516 367
367 5
5 553
553 617
617 65
65 455
455 186
186 897
897 50
50 179
179 591
591 703
703 518
518 452
452 605
605 825
825 601
601 421
421 269
269 581
581 734
734 230
230 422
422 228
228 219
219 633
633 126
126 17
17 267
267 735
735 958
958 750
750 662
662 772
772 523
523 439
439 858
858 500
500 892
892 11
11 303
303 937
937 730
730 134
134 847
847 790
790 644
644 22
22 85
85 320
320 142
142 577
577 304
304 184
184 959
959 35
35 40
40 613
613 649
649 127
127 863
863 256
256 801
801 610
610 621
621 770
770 837
837 720
720 791
791 441
441 700
700 66
66 174
174 860
860 354
354 319
319 461
461 110
110 364
364 330
330 28
28 908
908 329
329 357
357 93
93 211
211 495
495 828
828 18
18 8
8 299
299 12
12 868
868 774
774 906
906 462
462 415
415 711
711 525
525 947
947 727
727 637
637 671
671 758
758 208
208 685
685 34
34 934
934 373
373 398
398 603
603 896
896 262
262 178
178 548
548 91
91 655
655 579
579 869
869 714
714 71
71 249
249 258
258 616
616 572
572 895
895 235
235 343
343 408
408 334
334 827
827 306
306 529
529 310
310 378
378 923
923 403
403 795
795 638
638 589
589 787
787 884
884 609
609 782
782 83
83 106
106 204
204 675
675 677
677 305
305 859
859 129
129 397
397 277
277 273
273 806
806 916
916 745
745 435
435 492
492 351
351 741
741 86
86 251
251 537
537 24
24 480
480 684
684 451
451 176
176 539
539 481
481 437
437 893
893 384
384 835
835 243
243 948
948 344
344 135
135 294
294 486
486 61
61 777
777 440
440 498
498 592
592 807
807 153
153 562
562 381
381 824
824 171
171 545
545 255
255 289
289 499
499 7
7 81
81 746
746 414
414 798
798 390
390 98
98 502
502 925
925 622
622 49
49 789
789 132
132 175
175 74
74 889
889 265
265 504
504 528
528 657
657 738
738 291
291 781
781 918
918 328
328 691
691 56
56 740
740 780
780 611
611 144
144 434
434 944
944 466
466 409
409 794
794 454
454 388
388 432
432 854
854 785
785 90
90 181
181 784
784 668
668 497
497 922
922 683
683 771
771 371
371 274
274 355
355 474
474 842
842 845
845 337
337 385
385 241
241 453
453 494
494 103
103 628
628 876
876 117
117 712
712 216
216 776
776 316
316 692
692 271
271 538
538 573
573 348
348 346
346 380
380 78
78 188
188 532
532 531
531 939
939 254
254 158
158 612
612 247
247 623
623 141
141 226
226 96
96 234
234 112
112 217
217 588
588 887
887 229
229 36
36 59
59 743
743 438
438 914
914 0
0 788
788 417
417 287
287 218
218 742
742 715
715 386
386 627
627 831
831 464
464 245
245 131
131 632
632 236
236 201
201 376
376 705
705 14
14 301
301 647
647 154
154 674
674 79
79 748
748 101
101 856
856 100
100 513
513 185
185 284
284 584
584 197
197 84
84 395
395 902
902 596
596 815
815 676
676 4
4 92
92 446
446 946
946 268
268 122
122 546
546 394
394 215
215 379
379 427
427 830
830 852
852 849
849 87
87 926
926 107
107 686
686 21
21 808
808 663
663 874
874 102
102 547
547 458
458 457
457 641
641 189
189 286
286 949
949 221
221 597
597 563
563 769
769 370
370 94
94 248
248 915
915 913
913 927
927 731
731 223
223 493
493 526
526 38
38 200
200 941
941 571
571 389
389 950
950 954
954 511
511 404
404 582
582 877
877 449
449 468
468 651
651 436
436 792
792 515
515 450
450 778
778 332
332 829
829 857
857 585
585 485
485 145
145 802
802 873
873 535
535 159
159 88
88 342
342 473
473 836
836 318
318 313
313 148
148 880
880 855
855 339
339 514
514 821
821 1
1 755
755 569
569 190
190 317
317 123
123 763
763 444
444 710
710 31
31 615
615 426
426 365
365 44
44 679
679 73
73 521
521 2
2 724
724 41
41 39
39 505
505 203
203 631
631 957
957 866
866 433
433 920
920 506
506 104
104 607
607 128
128 756
756 161
161 99
99 29
29 95
95 157
157 713
713 909
909 891
891 70
70 699
699 469
469 257
257 822
822 491
491 345
345 642
642 89
89 213
213 325
325 116
116 910
910 140
140 187
187 282
282 276
276 595
595 428
428 524
524 496
496 701
701 940
940 138
138 115
115 460
460 757
757 195
195 640
640 183
743 440
509 575
103 667
623 387
877 65
745 444
101 450
267 772
598 900
585 280
321 564
463 169
62 275
639 131
269 795
806 455
709 49
68 244
132 32
259 341
625 123
35 912
615 482
946 135
659 656
752 574
897 269
330 689
838 152
638 810
824 513
381 821
660 320
940 919
478 546
179 400
250 867
233 891
563 939
666 650
214 621
0 81
235 12
430 714
711 874
319 351
869 813
218 630
913 204
104 493
827 884
190 174
571 197
877 217
505 725
361 216
290 805
938 232
878 531
667 806
25 566
678 470
348 858
579 498
908 751
319 174
58 83
564 415
456 95
497 769
447 388
283 653
549 246
166 392
673 526
153 336
631 804
345 866
477 518
121 36
217 216
602 272
445 15
553 378
280 268
727 658
359 131
543 378
781 18
29 252
476 820
616 23
538 641
831 127
156 128
376 118
169 289
285 748
264 235
951 197
713 390
461 216
652 340
774 466
272 433
756 591
583 325
294 419
345 575
624 212
406 493
179 180
833 296
763 338
233 805
754 433
847 409
68 180
777 264
959 500
677 521
282 285
820 805
835 398
226 218
722 242
253 150
784 247
250 454
922 26
255 499
163 110
180 744
604 81
192 502
47 446
796 537
329 704
897 35
200 157
1 107
679 101
748 750
849 879
197 821
283 354
206 518
442 135
522 758
436 791
317 646
269 502
777 709
530 463
740 423
883 308
86 156
595 198
676 381
31 397
230 858
245 167
333 637
873 127
173 163
769 688
263 176
726 530
210 354
901 395
428 746
786 730
653 900
130 831
388 721
882 740
22 210
803 572
763 87
460 762
769 476
363 97
276 246
933 253
900 945
497 65
196 289
136 472
139 336
626 110
505 645
73 163
73 631
501 930
621 790
460 957
300 514
686 875
98 11
772 414
479 378
707 32
147 227
638 503
128 222
629 614
289 283
499 232
299 333
16 154
749 336
358 444
536 926
591 196
79 450
125 164
929 729
668 143
17 831
160 730
89 837
11 580
119 341
588 856
78 423
481 304
957 847
44 394
505 433
320 694
824 174
494 273
567 149
288 646
873 214
55 671
43 655
619 839
280 790
777 756
737 449
82 910
582 851
920 466
605 345
436 182
881 271
935 210
466 861
407 582
720 704
709 131
73 531
26 514
86 134
221 755
177 602
88 542
600 128
245 331
377 386
444 563
611 545
407 819
871 283
202 767
333 315
490 416
235 302
671 866
243 296
159 349
525 672
395 632
486 41
840 711
290 161
770 10
42 245
756 804
869 153
535 162
316 743
897 106
690 417
300 182
358 741
27 870
509 864
86 7
403 387
891 521
25 535
445 818
323 797
442 347
263 656
303 673
673 859
25 701
833 752
143 586
456 878
912 593
575 28
659 890
579 280
416 917
687 237
730 483
84 589
658 281
912 27
637 188
847 429
646 749
501 180
155 298
111 433
784 35
942 159
639 751
682 614
354 9
342 216
9 51
771 878
803 720
39 566
646 724
590 688
714 806
254 344
9 681
12 6
467 453
364 897
333 789
790 263
371 875
562 563
429 620
630 177
804 787
306 85
922 947
328 346
349 251
279 298
497 455
740 573
107 374
141 375
692 689
695 952
876 191
675 601
414 35
717 813
360 581
453 760
283 955
636 942
101 184
922 688
314 467
27 638
926 272
327 428
132 188
848 25
444 47
751 105
651 256
869 884
825 58
806 168
236 959
48 235
235 668
308 379
953 245
305 888
717 364
117 372
126 127
56 337
358 741
891 222
43 337
795 180
251 360
323 405
702 840
406 306
367 760
203 812
917 562
321 435
369 66
505 501
453 269
4 590
384 774
358 52
127 717
862 602
740 471
569 889
124 560
61 834
440 575
534 867
302 734
555 854
399 85
811 607
213 747
175 851
881 923
319 780
457 957
857 763
206 696
426 871
432 516
253 926
283 494
74 785
808 633
267 47
541 355
93 369
211 763
249 41
135 576
529 145
214 225
435 639
483 223
645 435
513 479
678 134
126 368
911 270
413 682
272 817
250 191
721 874
755 450
252 519
730 128
320 61
713 494
504 801
787 725
583 488
680 951
893 342
555 897
775 593
193 446
222 823
323 956
715 937
391 840
16 236
373 593
725 20
829 855
526 220
784 253
283 475
491 540
128 803
383 485
723 589
707 581
849 852
393 661
440 894
805 251
81 224
893 925
250 286
624 535
260 455
145 363
756 505
476 557
563 148
469 265
581 218
516 213
123 662
617 821
203 358
335 50
162 82
455 399
190 490
260 8
307 572
190 658
93 524
830 801
810 645
530 689
368 384
530 902
520 907
335 782
761 176
901 882
5 758
904 547
843 475
824 418
667 80
296 171
126 181
445 816
129 950
393 683
166 383
824 305
745 812
317 898
349 335
660 489
956 163
479 390
443 671
192 9
622 150
647 23
539 614
910 436
454 749
422 94
783 148
678 908
447 728
143 832
603 338
870 623
432 572
631 381
648 15
789 234
301 803
241 469
861 615
33 885
384 952
332 257
317 865
207 480
514 655
584 693
429 518
446 438
855 844
514 508
324 130
509 290
406 486
265 74
322 377
651 658
116 686
274 336
929 217
403 351
560 197
23 604
70 47
870 119
873 536
459 498
851 273
761 265
185 846
654 881
187 790
226 304
587 198
336 516
582 85
692 130
103 7
393 63
295 298
190 115
187 448
894 375
545 363
479 254
592 10
70 61
816 336
918 780
779 242
27 215
141 344
423 264
839 743
539 364
416 153
312 367
470 84
64 781
433 440
958 931
460 170
883 64
403 126
865 481
312 813
483 117
83 808
949 205
653 292
848 901
390 423
504 381
441 402
602 781
116 156
931 200
540 834
601 851
272 329
741 184
913 201
77 619
34 216
96 566
167 166
843 814
792 635
320 749
421 457
875 402
778 80
841 547
741 489
518 349
152 403
279 849
223 572
536 341
732 454
935 603
183 488
404 57
290 607
583 761
37 556
105 104
404 484
197 149
81 935
589 849
587 680
515 902
435 250
674 909
219 151
628 450
240 456
506 669
846 762
311 632
178 383
358 125
851 592
957 393
109 480
635 85
769 298
435 364
74 316
17 330
184 877
325 555
301 37
293 72
222 192
82 765
224 78
14 942
742 626
433 897
459 101
220 273
452 696
132 253
641 238
431 449
426 902
440 820
839 202
260 932
841 69
141 910
381 134
16 338
147 866
669 835
499 477
868 531
210 645
694 267
196 228
153 103
605 458
342 63
496 417
401 465
879 358
487 835
789 505
609 261
739 19
245 47
17 283
537 0
541 683
573 729
135 253
604 845
918 35
798 509
217 522
348 391
822 333
320 121
617 786
910 451
129 615
329 367
756 53
650 245
344 493
936 940
113 826
114 57
486 808
906 225
783 932
668 358
839 489
800 400
125 8
0 670
385 736
864 493
493 603
441 383
663 950
207 131
135 746
67 501
664 930
911 266
3 670
211 417
221 210
817 877
276 526
818 485
799 21
577 359
653 708
253 694
890 682
391 131
518 283
593 618
64 329
924 115
569 809
699 758
749 287
587 703
618 70
541 517
419 892
703 249
377 142
548 41
689 113
42 887
238 320
393 414
663 527
755 462
887 650
847 456
689 76
761 199
419 817
940 595
612 897
173 705
395 876
635 20
826 416
887 376
860 695
879 811
711 546
822 829
513 290
221 76
958 62
724 823
215 64
823 951
760 721
859 867
537 709
212 161
356 698
670 902
117 345
250 501
482 161
309 219
604 697
74 250
132 646
609 140
212 745
468 898
640 892
337 663
732 336
776 453
740 908
600 257
205 800
91 931
312 34
585 247
312 139
772 669
247 493
183 499
328 774
310 774
277 801
676 556
190 325
446 367
507 943
917 498
621 557
401 551
604 177
684 226
872 404
573 235
882 14
651 901
706 50
277 231
191 529
306 938
704 277
332 756
222 481
337 128
626 110
441 228
395 243
149 451
94 327
184 579
156 239
545 119
703 694
155 394
554 65
298 724
510 711
529 768
166 273
170 372
301 650
876 345
635 790
434 947
420 217
128 847
213 200
458 295
470 171
298 47
363 217
640 572
99 477
715 358
957 929
734 444
902 72
222 702
427 89
599 496
603 408
441 639
620 562
215 597
80 714
764 151
930 847
910 880
530 410
332 235
842 333
627 370
951 36
32 717
669 250
902 892
184 48
660 591
161 37
555 890
841 585
644 21
603 156
752 577
679 607
24 34
641 215
685 506
169 739
715 640
134 653
926 956
589 51
799 697
365 16
719 550
243 900
289 290
331 368
895 74
501 586
672 485
340 350
196 888
585 146
266 866
69 233
130 842
109 282
355 460
223 731
87 880
742 636
602 211
342 28
104 13
630 786
787 949
652 383
412 269
931 935
167 562
807 482
591 406
193 761
107 540
702 128
901 364
641 914
615 167
361 434
147 278
474 417
434 69
631 733
172 460
491 208
594 139
524 598
243 221
736 122
577 99
887 932
562 183
495 157
230 454
369 253
155 605
702 29
661 30
279 271
765 770
32 548
118 137
52 915
722 507
505 785
11 641
394 820
819 897
312 951
57 220
843 132
229 845
117 339
561 68
283 39
546 780
910 912
204 264
681 923
764 206
77 211
546 614
5 347
654 887
451 193
622 36
250 199
855 21
699 283
847 937
930 750
151 166
922 293
296 113
160 795
275 127
894 263
841 628
111 560
872 433
426 877
391 880
756 507
751 171
306 529
484 494
63 849
307 449
515 415
372 766
509 933
203 526
573 880
790 166
738 832
232 471
261 871
185 412
250 288
152 527
862 211
175 144
20 41
569 226
89 112
217 597
116 257
612 739
619 769
44 96
812 532
260 543
840 137
576 373
35 237
365 544
826 808
337 209
939 371
794 6
746 643
205 555
53 778
937 125
529 469
205 371
129 532
941 27
232 226
818 388
558 422
722 178
165 318
184 594
605 188
818 251
113 798
310 503
473 707
427 410
915 892
32 395
796 885
29 2
433 135
865 544
639 32
199 534
711 930
45 23
160 400
322 958
936 340
169 358
412 934
187 786
248 336
522 894
897 145
762 879
497 230
572 403
81 942
504 3
399 5
660 870
736 914
775 874
630 61
155 903
818 213
892 481
277 518
422 481
651 356
763 310
874 908
261 548
906 634
591 755
606 599
898 445
192 17
409 877
195 805
872 305
551 492
681 84
784 687
162 884
363 772
826 309
209 165
546 560
537 842
608 902
408 716
837 470
706 943
233 469
313 838
263 769
414 353
353 126
473 122
627 322
38 456
608 865
728 224
320 608
644 953
421 858
685 799
401 687
930 874
855 480
555 340
473 297
696 601
149 909
507 204
245 650
449 328
350 259
601 320
616 160
451 154
194 897
225 833
228 719
52 910
638 394
678 713
54 514
327 236
766 821
432 899
546 519
947 934
425 36
485 396
746 158
719 165
493 466
336 62
775 829
449 127
477 237
678 432
735 368
381 712
151 93
351 635
272 243
371 212
846 506
293 263
154 425
795 233
80 858
633 659
585 124
743 593
556 15
256 356
449 197
347 609
219 533
446 727
795 109
417 498
171 439
519 135
385 222
56 865
654 264
268 749
861 94
604 478
740 571
806 196
531 235
289 199
98 701
468 249
769 259
602 269
397 623
346 742
771 646
214 635
166 614
562 470
650 69
862 802
591 417
381 53
72 343
647 350
670 77
140 296
569 880
33 710
798 272
20 72
750 418
835 113
570 256
643 923
225 478
867 667
679 206
499 318
552 676
27 157
162 7
807 293
400 559
285 354
54 454
959 908
106 452
380 802
647 399
207 587
792 886
78 538
267 796
239 39
834 312
285 59
736 505
352 397
755 42
235 670
872 797
549 13
53 829
356 462
522 924
339 61
638 635
348 754
796 153
706 232
710 708
157 181
269 622
955 256
680 925
609 128
519 562
907 872
97 486
276 196
620 587
887 681
809 491
954 289
769 677
606 242
130 853
503 567
367 75
372 109
499 682
520 663
126 675
344 597
844 120
450 110
477 543
540 541
73 172
117 17
715 699
738 490
280 513
664 590
268 407
912 502
793 106
698 669
773 614
562 601
533 773
397 180
942 696
45 722
30 205
231 432
777 625
49 931
582 427
694 452
523 502
777 420
539 319
794 710
265 382
946 637
3 474
90 896
676 608
837 127
560 338
847 10
859 928
121 698
538 300
519 529
220 853
112 35
169 217
396 258
218 370
474 663
323 616
616 921
272 520
376 161
830 661
785 344
69 325
479 567
844 834
923 677
497 908
558 767
469 682
738 657
921 626
460 213
415 205
735 257
370 798
489 831
564 706
537 801
549 41
532 822
110 43
7 786
638 6
938 807
906 725
520 818
85 242
477 792
187 354
280 950
554 865
569 312
98 689
457 544
351 11
895 381
875 38
831 688
427 407
769 560
220 686
935 506
452 671
505 668
643 285
672 835
320 870
46 655
950 766
358 641
146 688
956 913
128 42
766 481
485 228
676 297
348 747
813 137
432 303
153 744
365 489
128 683
66 243
888 94
146 748
711 400
789 159
214 376
230 522
582 296
767 741
413 53
369 731
155 536
554 225
13 462
6 427
75 526
909 710
166 252
146 117
714 154
892 864
318 244
272 231
346 679
678 8
93 19
331 411
82 700
459 98
114 359
465 679
343 285
550 659
682 80
788 112
290 200
262 686
302 3
841 809
139 93
59 69
743 379
945 588
572 694
307 316
54 657
288 93
102 690
801 550
5 494
798 373
643 313
357 713
68 41
468 406
834 750
146 847
711 605
399 896
340 192
831 187
436 457
185 195
44 570
360 873
835 663
9 125
800 918
296 506
228 546
810 431
152 163
164 453
68 213
619 773
66 356
769 726
886 220
882 725
644 714
359 25
560 957
750 196
619 864
372 592
529 953
445 395
394 912
778 807
227 267
467 471
731 207
59 102
188 686
641 581
408 923
107 390
327 248
18 462
439 883
881 358
382 706
739 338
469 268
642 65
210 414
595 542
940 823
183 369
927 799
520 500
509 867
804 634
100 726
17 546
708 38
372 389
908 915
625 441
84 621
62 305
178 661
623 634
62 677
747 387
119 56
166 879
479 825
601 629
916 798
546 939
366 665
394 932
311 396
139 140
801 823
798 229
162 757
384 331
189 558
632 125
896 34
53 797
354 364
898 402
119 778
239 440
272 419
877 557
377 95
905 14
307 692
167 516
409 253
716 299
873 717
759 873
512 180
889 252
216 715
661 291
937 636
57 761
100 783
743 261
466 783
619 866
275 192
792 119
228 587
545 324
71 913
605 620
287 241
177 333
679 871
189 641
590 448
634 88
490 640
414 331
624 481
541 585
196 871
607 186
158 428
75 688
9 107
564 7
59 291
52 660
923 652
227 390
289 787
943 312
233 676
406 110
747 378
281 119
25 470
806 895
900 367
537 109
729 178
108 549
488 321
817 356
750 845
836 457
645 327
5 507
183 472
814 93
900 507
260 577
191 608
282 10
244 839
355 165
343 461
440 682
69 531
379 196
735 953
550 289
432 525
253 924
203 79
360 5
601 207
788 687
275 563
397 870
780 157
48 381
944 943
723 112
957 791
331 590
175 905
25 114
302 590
706 350
648 891
275 704
279 400
920 81
856 259
610 783
384 928
321 342
736 291
478 5
755 153
70 513
381 67
92 754
833 668
956 761
382 897
779 160
494 319
476 145
316 394
281 43
643 768
610 217
722 907
827 105
665 198
420 14
2 379
941 498
201 149
278 705
740 688
814 150
79 897
752 589
892 241
623 890
643 2
353 846
553 335
589 298
407 724
480 468
413 452
914 643
302 512
887 142
107 851
285 216
894 652
789 471
566 725
104 838
639 570
658 561
929 270
552 555
397 63
385 187
214 95
562 132
461 248
180 779
747 919
599 493
571 645
550 11
495 369
369 270
74 91
191 244
431 785
113 505
915 821
72 41
527 330
832 444
760 661
425 318
266 528
849 115
270 526
174 244
678 207
257 570
884 756
651 716
527 933
68 763
340 832
799 763
672 149
821 122
720 63
804 359
258 727
426 836
852 202
321 165
563 370
449 929
264 426
848 402
750 502
55 738
743 471
718 940
845 206
563 273
714 640
928 360
95 574
103 660
151 332
197 562
45 767
546 695
143 472
193 1
735 951
920 381
887 201
159 264
339 753
236 629
897 99
20 123
396 528
833 57
23 772
97 217
335 685
956 621
765 423
418 953
908 453
306 834
778 274
80 796
492 620
950 302
808 100
462 273
515 897
712 891
649 428
253 398
811 864
517 922
931 735
474 21
678 304
637 711
703 582
80 212
947 754
266 275
419 550
840 408
425 799
490 14
367 944
148 110
167 841
625 273
437 7
20 792
889 641
852 582
353 889
918 378
951 583
713 301
485 482
817 76
679 832
302 866
558 869
238 946
183 828
531 828
792 850
317 675
309 531
633 215
732 88
882 430
637 52
500 862
131 871
76 79
127 389
261 722
177 299
400 680
590 509
333 867
550 549
514 724
220 700
62 939
537 69
146 231
735 200
106 73
382 443
301 908
577 499
852 58
52 77
328 26
61 86
588 303
83 603
859 907
691 202
110 484
9 458
374 468
313 271
769 132
956 756
215 610
652 627
405 438
116 512
42 794
503 829
254 252
193 164
456 731
649 919
245 536
410 288
650 300
364 87
146 592
535 396
710 152
639 55
759 594
80 120
938 182
398 934
571 403
305 432
705 578
430 782
56 883
244 486
445 467
702 124
627 192
609 835
877 892
155 404
729 200
389 603
489 88
294 932
959 650
80 838
776 90
775 548
304 116
842 828
87 499
905 243
251 138
670 833
337 369
623 575
502 254
918 151
301 169
152 210
331 668
819 407
910 428
478 335
828 316
924 310
465 503
57 131
864 909
164 788
37 10
386 315
857 667
503 64
68 110
438 388
0 197
634 294
688 70
281 803
745 685
900 306
359 542
359 198
177 13
808 438
423 197
589 519
29 358
814 441
343 937
830 891
360 438
127 246
259 340
575 226
797 263
277 193
804 523
188 563
674 754
590 47
720 73
684 852
224 951
296 354
360 687
850 480
392 322
220 175
757 493
443 249
595 348
530 273
97 408
11 469
134 178
165 464
374 234
922 477
880 958
518 951
290 148
160 885
624 777
497 881
872 770
397 300
559 378
905 650
278 646
575 291
461 485
823 86
656 494
208 16
941 80
328 199
900 237
586 749
730 483
661 471
894 590
715 367
61 383
116 906
479 919
107 149
39 724
65 560
611 602
358 892
156 439
540 492
267 768
564 635
507 298
666 542
355 163
579 144
50 664
225 351
789 646
874 590
767 894
736 575
692 368
201 473
604 849
543 584
451 569
756 326
700 906
615 803
413 48
368 6
553 306
372 484
44 700
817 157
853 909
21 821
25 312
111 393
388 884
209 218
727 427
328 585
607 900
949 563
940 261
57 578
407 237
468 109
151 740
675 709
721 9
590 278
621 370
578 808
670 389
751 309
185 806
890 695
844 570
955 841
116 923
728 863
699 321
552 469
414 823
166 304
696 905
635 248
673 817
854 799
603 716
44 0
902 550
792 368
628 42
889 912
179 281
807 735
952 364
78 12
945 636
661 811
272 928
48 743
739 83
850 598
883 952
834 369
90 356
283 86
716 102
206 517
893 299
239 833
279 498
492 576
25 0
927 576
69 100
217 298
343 612
375 511
793 155
427 617
892 280
784 933
946 548
247 514
165 693
96 286
775 679
509 670
879 99
306 14
473 767
897 506
874 539
826 329
16 741
692 733
665 771
823 240
506 753
414 459
369 403
815 455
61 796
762 384
539 766
222 848
582 374
949 1
215 657
742 747
679 546
948 68
1 119
917 406
377 773
882 728
151 464
233 264
601 100
352 770
739 44
6 465
264 413
470 858
508 652
842 826
935 805
610 799
312 163
297 765
473 634
688 424
755 496
887 393
760 265
669 601
74 928
139 536
37 504
276 721
39 492
164 887
32 538
321 88
437 357
173 390
593 685
580 400
853 738
563 154
692 914
558 881
514 512
130 676
269 827
956 685
170 508
220 482
501 296
943 305
465 670
281 153
215 311
514 256
422 160
418 955
830 101
516 66
630 317
358 649
662 521
680 876
305 251
131 29
111 316
444 383
47 337
139 25
657 67
609 12
883 920
23 421
30 140
918 864
166 713
336 421
134 607
818 11
469 530
809 571
903 480
427 0
252 273
387 545
448 181
360 105
549 321
936 339
114 568
221 249
153 91
67 138
388 472
743 639
914 334
852 661
752 702
864 760
175 463
653 928
434 20
682 839
521 807
221 835
648 162
890 263
733 576
447 450
519 113
619 110
420 529
691 664
744 478
476 433
822 668
54 292
296 561
537 505
547 237
393 168
724 586
101 436
77 51
524 816
644 614
808 702
313 130
395 474
940 529
640 65
234 680
46 10
347 315
173 341
139 356
667 958
669 769
549 656
883 652
63 674
858 607
698 317
608 390
330 940
305 802
423 80
325 307
593 865
319 586
371 638
730 904
66 176
779 551
600 534
41 256
341 345
929 865
89 938
279 778
715 665
169 586
246 45
233 609
632 372
682 546
419 167
80 600
344 33
757 789
17 271
359 682
180 854
154 707
951 757
804 229
164 424
893 124
538 677
565 900
379 739
834 813
685 696
877 502
734 83
640 204
138 842
69 660
663 517
294 345
672 748
323 526
658 85
472 830
596 316
351 517
868 826
186 886
246 852
782 342
219 228
640 392
120 491
457 481
619 782
805 610
8 391
4 180
274 228
955 629
0 937
941 71
88 391
486 171
403 679
240 951
929 266
627 692
763 115
801 749
844 489
194 906
86 592
753 196
813 10
124 585
335 4
626 304
371 729
416 927
927 751
646 235
33 511
650 234
105 898
826 806
212 343
510 931
362 836
731 827
578 863
695 207
537 786
695 425
511 237
192 83
31 912
465 547
714 557
838 235
808 847
272 237
692 296
539 351
158 874
425 229
220 136
400 46
354 789
851 127
727 898
163 100
6 412
403 610
140 727
282 950
826 38
874 158
284 156
866 883
150 422
375 765
792 524
712 512
407 793
473 587
474 336
726 621
31 742
0 111
307 421
259 763
922 38
496 450
304 917
427 28
668 746
474 405
939 805
381 629
693 248
942 121
816 876
846 104
157 88
894 543
229 71
567 861
791 899
85 585
136 390
129 87
654 693
233 411
844 116
751 458
306 913
339 866
320 36
576 123
763 157
172 699
143 60
656 648
406 373
174 865
534 49
755 665
370 953
159 600
910 112
5 391
120 594
135 327
324 49
490 113
149 44
862 32
176 242
156 96
470 458
118 666
152 636
423 48
52 763
761 593
647 953
408 122
553 218
652 619
439 480
73 192
477 556
596 914
628 823
451 222
346 143
700 755
956 445
410 919
61 414
386 631
167 55
470 200
469 198
734 551
909 15
50 176
267 619
215 659
189 129
394 97
834 54
449 186
786 814
927 566
712 803
657 530
676 816
430 744
772 493
770 569
868 71
180 573
768 357
800 923
284 719
31 858
177 367
397 862
452 382
922 449
121 470
886 97
449 283
722 171
943 216
2 424
435 909
815 711
844 528
229 260
354 431
441 387
780 826
742 273
796 782
235 111
60 358
717 228
120 345
108 359
522 556
791 432
581 756
79 752
342 46
784 379
147 846
149 417
815 295
713 118
501 125
234 949
446 534
805 540
336 570
855 641
507 549
91 191
435 5
1 97
559 513
342 161
829 808
655 406
154 206
282 699
422 609
306 839
203 820
612 563
56 487
68 599
794 498
919 71
724 200
68 652
289 730
134 441
286 234
51 709
725 143
432 476
859 588
838 804
30 874
519 951
70 696
400 207
635 700
648 354
660 649
32 662
60 557
220 123
60 397
276 776
712 586
579 145
130 597
301 107
79 489
493 818
795 670
807 668
682 163
623 893
833 831
363 671
694 252
13 99
446 390
503 837
482 370
622 943
543 519
828 287
220 772
863 230
251 103
913 129
745 410
922 426
957 643
120 424
436 815
367 390
620 692
322 776
273 193
558 13
295 571
834 56
359 774
167 940
129 839
684 479
532 743
501 559
326 607
543 514
192 50
49 541
141 553
931 169
590 455
242 700
378 827
499 903
957 585
865 715
77 541
498 486
28 628
357 506
554 477
650 519
865 952
939 806
258 6
880 547
666 883
636 457
130 609
132 458
312 228
524 874
669 853
242 301
488 498
704 806
22 48
653 570
815 222
382 222
824 600
427 118
434 28
392 636
907 787
918 917
242 17
947 249
538 218
769 493
798 166
6 142
627 688
688 652
237 560
608 287
364 316
191 653
798 157
660 160
135 17
731 475
580 390
709 318
199 179
756 303
432 11
925 940
296 423
343 552
354 817
906 261
126 137
904 940
521 664
716 300
255 583
65 115
466 560
29 547
157 755
691 294
366 813
262 420
145 881
887 929
531 530
457 153
461 227
941 613
397 726
757 708
941 201
349 28
587 846
8 8
132 196
788 830
529 78
748 835
515 289
180 588
877 768
69 517
937 580
788 896
41 81
653 269
668 24
274 107
682 260
604 7
763 318
570 14
569 453
558 276
672 705
649 636
781 491
171 331
873 909
44 37
240 945
717 161
562 531
328 683
719 29
285 663
21 379
522 340
909 905
939 477
648 617
132 853
54 166
815 779
93 774
588 695
22 226
450 893
273 791
405 182
873 836
544 487
47 921
376 610
176 189
417 85
164 712
481 331
255 943
169 232
373 853
37 72
280 663
64 2
643 512
705 448
763 53
689 220
509 428
702 206
687 721
199 128
273 676
116 526
241 344
367 811
943 338
873 725
500 720
224 611
43 673
196 194
491 283
480 352
74 37
377 321
767 656
220 622
908 314
842 591
493 935
277 245
290 168
877 664
258 886
898 742
789 905
609 283
668 3
8 5
150 805
204 593
48 538
891 621
534 787
789 233
319 781
329 739
343 914
440 250
767 27
144 97
47 381
66 163
77 877
836 432
282 914
259 188
669 31
915 27
229 483
391 461
246 84
248 841
467 308
374 390
213 595
17 924
829 158
352 630
698 98
117 567
746 530
796 887
193 48
695 691
390 898
412 757
65 33
162 567
911 202
58 930
515 540
379 156
236 484
263 326
296 811
90 695
730 187
548 558
747 705
292 755
182 69
432 283
240 826
748 694
682 482
589 182
311 129
390 946
816 733
28 281
435 753
914 906
380 210
850 164
45 636
318 106
719 541
209 30
151 878
592 876
430 886
81 198
43 7
137 107
197 944
755 679
538 664
768 758
595 243
749 269
919 114
916 162
113 302
208 166
504 500
683 792
466 795
437 388
507 538
400 737
864 518
637 588
832 129
377 211
97 256
552 586
753 398
377 214
624 936
39 393
700 681
820 443
403 116
655 522
67 458
590 559
595 681
261 354
440 860
280 633
464 618
543 439
825 175
255 7
97 412
242 687
257 335
626 949
663 726
191 622
855 732
136 239
692 479
296 473
710 70
90 404
902 318
948 876
517 727
282 362
677 886
566 859
425 237
767 740
325 788
952 124
382 656
188 928
205 783
449 630
932 317
613 764
651 926
286 315
455 342
281 744
113 699
810 367
17 642
881 104
464 429
524 860
693 931
192 901
658 235
703 523
892 278
166 119
232 134
465 25
861 249
156 14
790 661
606 90
826 82
488 227
819 616
401 546
431 913
253 617
623 521
519 312
934 888
956 50
779 210
375 386
247 609
178 817
75 216
302 303
359 760
390 260
876 272
335 605
671 796
447 648
885 75
521 779
354 807
365 370
857 462
528 450
23 900
741 875
629 837
602 503
621 466
331 139
756 535
839 888
68 50
628 405
149 776
429 613
267 225
306 66
496 399
581 183
9 772
662 159
941 592
243 543
701 444
956 105
118 188
546 813
398 132
397 908
430 124
275 864
571 859
429 149
743 448
816 538
834 819
104 38
306 283
227 7
293 911
24 681
141 75
558 374
670 196
210 670
882 113
218 590
240 371
447 841
943 644
96 953
765 236
458 121
422 784
578 666
112 495
305 323
862 11
173 455
1 6
869 7
816 663
524 797
356 30
271 441
293 439
920 483
495 217
783 262
811 254
329 845
85 53
420 229
309 829
311 750
51 685
276 935
682 588
809 108
786 97
14 690
371 695
39 513
735 128
164 627
847 303
785 841
532 342
457 817
255 423
902 529
897 426
141 230
363 206
541 772
242 121
899 527
327 809
837 601
468 134
27 657
197 203
765 87
837 544
767 472
648 16
728 916
578 657
302 692
31 244
957 931
762 917
238 623
413 150
115 633
315 855
3 932
162 609
127 503
594 796
794 506
112 434
117 539
261 627
710 847
829 241
451 882
323 85
191 229
507 524
872 418
790 194
737 330
778 122
526 381
212 721
164 110
806 714
942 648
315 429
525 586
475 940
354 701
950 624
392 63
486 354
823 723
378 772
25 604
875 714
344 108
574 768
486 935
915 488
114 715
764 534
531 900
165 370
753 935
151 475
120 3
614 441
758 117
854 840
642 155
843 194
152 570
879 906
742 932
344 781
722 584
185 147
381 948
379 861
954 695
314 285
461 585
436 803
240 209
758 425
797 756
784 610
357 631
222 635
729 607
478 638
776 445
823 579
271 373
657 335
155 733
247 95
610 46
760 301
606 399
329 635
836 930
797 920
830 85
900 678
913 477
496 270
671 359
685 259
751 87
470 806
775 761
760 237
21 898
192 604
832 112
695 911
367 717
190 858
578 600
208 222
115 139
733 147
386 799
583 818
336 547
52 684
358 103
815 535
642 189
91 30
552 562
703 261
674 653
642 950
316 455
767 296
904 767
647 637
398 130
922 751
174 463
677 750
226 215
238 627
66 377
135 736
295 336
819 209
435 153
874 595
755 514
198 77
311 381
613 949
579 425
670 650
883 123
225 104
379 850
465 153
220 386
44 892
80 222
687 63
253 819
945 260
190 147
382 209
214 232
914 743
518 239
451 265
345 744
514 657
781 176
546 65
642 903
929 478
711 591
819 718
161 884
97 853
137 257
923 919
931 409
249 854
951 528
332 434
575 555
843 83
946 155
47 103
522 279
34 106
310 811
632 509
249 740
641 116
377 650
432 505
757 175
776 567
916 371
192 464
416 536
118 110
94 254
146 694
547 123
563 383
337 608
172 301
400 130
589 617
699 51
582 211
38 293
926 167
224 424
493 155
237 263
843 336
329 4
539 503
107 137
12 150
239 316
137 866
554 770
549 133
635 463
897 949
802 675
742 527
615 153
228 342
896 344
399 301
86 123
236 473
628 450
934 205
300 812
229 333
141 828
857 722
769 186
680 479
513 726
145 865
746 475
763 426
364 198
86 691
412 555
340 120
150 941
958 781
349 356
591 407
305 19
872 611
946 352
355 242
311 884
873 121
723 259
721 409
565 939
644 385
806 877
616 251
443 649
677 479
405 510
253 313
456 586
93 724
890 254
569 377
432 155
636 710
313 912
384 230
325 474
393 705
140 486
314 794
703 877
817 592
142 27
51 727
230 913
906 230
501 758
580 602
56 927
140 364
818 562
26 699
309 97
83 831
398 534
559 7
633 849
54 65
274 951
643 560
16 369
742 48
419 432
393 683
465 304
861 253
628 105
205 521
693 857
777 31
281 165
25 86
727 54
385 199
388 436
272 492
170 891
234 472
594 299
397 603
736 103
86 364
493 241
76 170
725 266
545 578
495 607
555 169
922 415
185 151
12 729
545 293
469 641
333 621
748 888
644 218
203 503
47 903
899 702
338 900
622 119
382 668
443 444
871 772
248 622
273 731
443 149
49 274
911 898
451 728
212 550
332 655
95 518
406 165
213 842
495 633
189 111
601 509
41 358
677 894
648 404
482 787
521 4
462 458
687 379
873 510
32 594
885 425
891 60
399 472
268 87
215 195
163 486
664 539
227 849
6 140
260 474
38 112
546 614
371 61
129 216
658 224
857 943
915 691
212 157
707 248
593 88
113 589
616 741
163 551
775 223
427 183
691 73
739 781
504 144
554 359
643 769
82 784
796 578
177 65
335 537
286 561
533 927
939 689
234 182
13 508
767 412
41 54
675 433
294 388
761 697
95 395
63 373
562 4
528 344
392 7
211 307
76 524
134 233
602 802
512 422
717 879
529 903
71 313
111 545
170 657
435 383
368 475
635 466
511 134
154 452
611 346
140 496
400 575
258 365
918 213
483 832
43 481
674 513
75 468
375 66
200 38
752 191
315 142
114 25
769 349
758 96
153 398
846 774
519 957
897 683
813 150
691 865
524 792
434 41
768 653
177 242
946 238
775 940
624 939
534 684
180 938
403 954
664 272
720 550
611 419
470 353
889 812
3 400
885 639
183 698
651 699
167 552
903 157
853 635
719 414
592 376
234 390
929 841
742 45
216 959
828 694
21 708
542 221
714 480
273 301
670 440
641 271
940 185
556 847
32 493
139 766
372 919
198 204
357 335
135 899
297 433
541 28
627 892
566 165
494 196
332 125
271 209
927 798
834 361
161 859
823 844
658 737
697 786
129 606
21 671
167 262
274 494
918 607
87 815
894 458
170 314
633 873
831 810
212 739
120 303
667 886
652 35
500 542
50 577
419 297
693 596
663 842
674 7
567 643
763 527
95 324
842 600
554 76
134 64
633 804
813 463
104 491
634 69
135 763
112 127
547 15
615 148
181 958
649 59
779 179
931 322
779 565
340 635
287 271
651 601
613 490
133 872
688 270
555 815
585 875
813 439
66 781
29 383
648 155
775 928
427 57
549 942
742 13
822 306
885 644
492 348
394 448
72 716
202 362
430 554
55 844
348 73
6 576
209 127
955 565
754 772
139 415
658 426
766 913
917 4
251 235
368 646
566 466
919 256
56 290
211 78
686 887
856 106
884 246
509 141
302 368
209 201
712 67
285 613
927 488
39 415
628 733
115 728
260 591
879 668
582 672
834 53
829 55
117 166
416 1
883 319
948 95
692 871
535 770
538 830
784 51
914 804
607 672
672 375
225 93
606 374
729 456
587 78
930 908
675 458
571 552
655 557
904 909
272 311
565 325
193 33
682 455
106 456
610 711
76 251
173 570
825 295
917 254
831 717
442 69
689 14
418 932
741 374
716 832
83 667
734 98
278 267
345 792
241 335
905 317
209 515
701 630
798 220
638 167
659 462
92 202
726 812
888 782
243 795
235 102
353 573
602 581
327 56
933 654
266 723
673 455
120 847
147 454
319 130
525 918
471 753
508 845
215 123
367 254
637 910
298 578
658 5