970
4849
0,
1,
2,
3,
4,
5,
6,
7,
8,
9,
10,
11,
12,
13,
14,
15,
16,
17,
18,
19,
20,
21,
22,
23,
24,
25,
26,
27,
28,
29,
30,
31,
32,
33,
34,
35,
36,
37,
38,
39,
40,
41,
42,
43,
44,
45,
46,
47,
48,
49,
50,
51,
52,
53,
54,
55,
56,
57,
58,
59,
60,
61,
62,
63,
64,
65,
66,
67,
68,
69,
70,
71,
72,
73,
74,
75,
76,
77,
78,
79,
80,
81,
82,
83,
84,
85,
86,
87,
88,
89,
90,
91,
92,
93,
94,
95,
96,
97,
98,
99,
100,
101,
102,
103,
104,
105,
106,
107,
108,
109,
110,
111,
112,
113,
114,
115,
116,
117,
118,
119,
120,
121,
122,
123,
124,
125,
126,
127,
128,
129,
130,
131,
132,
133,
134,
135,
136,
137,
138,
139,
140,
141,
142,
143,
144,
145,
146,
147,
148,
149,
150,
151,
152,
153,
154,
155,
156,
157,
158,
159,
160,
161,
162,
163,
164,
165,
166,
167,
168,
169,
170,
171,
172,
173,
174,
175,
176,
177,
178,
179,
180,
181,
182,
183,
184,
185,
186,
187,
188,
189,
190,
191,
192,
193,
194,
195,
196,
197,
198,
199,
200,
201,
202,
203,
204,
205,
206,
207,
208,
209,
210,
211,
212,
213,
214,
215,
216,
217,
218,
219,
220,
221,
222,
223,
224,
225,
226,
227,
228,
229,
230,
231,
232,
233,
234,
235,
236,
237,
238,
239,
240,
241,
242,
243,
244,
245,
246,
247,
248,
249,
250,
251,
252,
253,
254,
255,
256,
257,
258,
259,
260,
261,
262,
263,
264,
265,
266,
267,
268,
269,
270,
271,
272,
273,
274,
275,
276,
277,
278,
279,
280,
281,
282,
283,
284,
285,
286,
287,
288,
289,
290,
291,
292,
293,
294,
295,
296,
297,
298,
299,
300,
301,
302,
303,
304,
305,
306,
307,
308,
309,
310,
311,
312,
313,
314,
315,
316,
317,
318,
319,
320,
321,
322,
323,
324,
325,
326,
327,
328,
329,
330,
331,
332,
333,
334,
335,
336,
337,
338,
339,
340,
341,
342,
343,
344,
345,
346,
347,
348,
349,
350,
351,
352,
353,
354,
355,
356,
357,
358,
359,
360,
361,
362,
363,
364,
365,
366,
367,
368,
369,
370,
371,
372,
373,
374,
375,
376,
377,
378,
379,
380,
381,
382,
383,
384,
385,
386,
387,
388,
389,
390,
391,
392,
393,
394,
395,
396,
397,
398,
399,
400,
401,
402,
403,
404,
405,
406,
407,
408,
409,
410,
411,
412,
413,
414,
415,
416,
417,
418,
419,
420,
421,
422,
423,
424,
425,
426,
427,
428,
429,
430,
431,
432,
433,
434,
435,
436,
437,
438,
439,
440,
441,
442,
443,
444,
445,
446,
447,
448,
449,
450,
451,
452,
453,
454,
455,
456,
457,
458,
459,
460,
461,
462,
463,
464,
465,
466,
467,
468,
469,
470,
471,
472,
473,
474,
475,
476,
477,
478,
479,
480,
481,
482,
483,
484,
485,
486,
487,
488,
489,
490,
491,
492,
493,
494,
495,
496,
497,
498,
499,
500,
501,
502,
503,
504,
505,
506,
507,
508,
509,
510,
511,
512,
513,
514,
515,
516,
517,
518,
519,
520,
521,
522,
523,
524,
525,
526,
527,
528,
529,
530,
531,
532,
533,
534,
535,
536,
537,
538,
539,
540,
541,
542,
543,
544,
545,
546,
547,
548,
549,
550,
551,
552,
553,
554,
555,
556,
557,
558,
559,
560,
561,
562,
563,
564,
565,
566,
567,
568,
569,
570,
571,
572,
573,
574,
575,
576,
577,
578,
579,
580,
581,
582,
583,
584,
585,
586,
587,
588,
589,
590,
591,
592,
593,
594,
595,
596,
597,
598,
599,
600,
601,
602,
603,
604,
605,
606,
607,
608,
609,
610,
611,
612,
613,
614,
615,
616,
617,
618,
619,
620,
621,
622,
623,
624,
625,
626,
627,
628,
629,
630,
631,
632,
633,
634,
635,
636,
637,
638,
639,
640,
641,
642,
643,
644,
645,
646,
647,
648,
649,
650,
651,
652,
653,
654,
655,
656,
657,
658,
659,
660,
661,
662,
663,
664,
665,
666,
667,
668,
669,
670,
671,
672,
673,
674,
675,
676,
677,
678,
679,
680,
681,
682,
683,
684,
685,
686,
687,
688,
689,
690,
691,
692,
693,
694,
695,
696,
697,
698,
699,
700,
701,
702,
703,
704,
705,
706,
707,
708,
709,
710,
711,
712,
713,
714,
715,
716,
717,
718,
719,
720,
721,
722,
723,
724,
725,
726,
727,
728,
729,
730,
731,
732,
733,
734,
735,
736,
737,
738,
739,
740,
741,
742,
743,
744,
745,
746,
747,
748,
749,
750,
751,
752,
753,
754,
755,
756,
757,
758,
759,
760,
761,
762,
763,
764,
765,
766,
767,
768,
769,
770,
771,
772,
773,
774,
775,
776,
777,
778,
779,
780,
781,
782,
783,
784,
785,
786,
787,
788,
789,
790,
791,
792,
793,
794,
795,
796,
797,
798,
799,
800,
801,
802,
803,
804,
805,
806,
807,
808,
809,
810,
811,
812,
813,
814,
815,
816,
817,
818,
819,
820,
821,
822,
823,
824,
825,
826,
827,
828,
829,
830,
831,
832,
833,
834,
835,
836,
837,
838,
839,
840,
841,
842,
843,
844,
845,
846,
847,
848,
849,
850,
851,
852,
853,
854,
855,
856,
857,
858,
859,
860,
861,
862,
863,
864,
865,
866,
867,
868,
869,
870,
871,
872,
873,
874,
875,
876,
877,
878,
879,
880,
881,
882,
883,
884,
885,
886,
887,
888,
889,
890,
891,
892,
893,
894,
895,
896,
897,
898,
899,
900,
901,
902,
903,
904,
905,
906,
907,
908,
909,
910,
911,
912,
913,
914,
915,
916,
917,
918,
919,
920,
921,
922,
923,
924,
925,
926,
927,
928,
929,
930,
931,
932,
933,
934,
935,
936,
937,
938,
939,
940,
941,
942,
943,
944,
945,
946,
947,
948,
949,
950,
951,
952,
953,
954,
955,
956,
957,
958,
959,
960,
961,
962,
963,
964,
965,
966,
967,
968,
969
941 701
701 332
332 748
748 236
236 910
910 507
507 868
868 24
24 85
85 224
224 240
240 186
186 61
61 204
204 101
101 422
422 118
118 141
141 649
649 722
722 830
830 426
426 726
726 828
828 265
265 281
281 15
15 847
847 935
935 164
164 682
682 813
813 28
28 462
462 356
356 762
762 939
939 588
588 741
741 482
482 642
642 786
786 526
526 668
668 737
737 530
530 156
156 819
819 721
721 563
563 351
351 26
26 162
162 533
533 464
464 487
487 788
788 27
27 417
417 74
74 386
386 546
546 440
440 49
49 153
153 82
82 491
491 597
597 928
928 503
503 134
134 479
479 643
643 377
377 322
322 376
376 806
806 967
967 508
508 239
239 259
259 70
70 410
410 348
348 938
938 899
899 229
229 472
472 577
577 362
362 345
345 618
618 390
390 914
914 420
420 871
871 163
163 127
127 921
921 457
457 306
306 639
639 683
683 669
669 405
405 270
270 96
96 656
656 409
409 157
157 801
801 560
560 23
23 757
757 357
357 359
359 603
603 40
40 805
805 888
888 136
136 32
32 139
139 796
796 628
628 99
99 387
387 65
65 799
799 816
816 821
821 245
245 343
343 734
734 474
474 315
315 442
442 753
753 243
243 688
688 313
313 416
416 120
120 653
653 549
549 666
666 760
760 856
856 513
513 575
575 663
663 873
873 18
18 371
371 293
293 145
145 273
273 481
481 779
779 73
73 228
228 317
317 423
423 490
490 419
419 220
220 587
587 894
894 858
858 211
211 483
483 908
908 515
515 548
548 964
964 509
509 304
304 244
244 316
316 132
132 655
655 107
107 904
904 209
209 723
723 458
458 393
393 827
827 695
695 905
905 319
319 607
607 382
382 489
489 512
512 346
346 447
447 395
395 629
629 84
84 569
569 433
433 330
330 969
969 194
194 725
725 256
256 227
227 214
214 168
168 471
471 770
770 310
310 415
415 532
532 295
295 751
751 2
2 540
540 45
45 630
630 91
91 729
729 765
765 836
836 137
137 878
878 148
148 553
553 555
555 165
165 444
444 86
86 496
496 121
121 774
774 696
696 212
212 210
210 517
517 135
135 140
140 911
911 711
711 755
755 716
716 413
413 792
792 820
820 19
19 266
266 719
719 925
925 783
783 610
610 197
197 272
272 205
205 179
179 398
398 57
57 568
568 233
233 183
183 559
559 948
948 534
534 338
338 320
320 441
441 225
225 909
909 334
334 585
585 126
126 274
274 714
714 103
103 733
733 521
521 837
837 613
613 595
595 692
692 59
59 404
404 659
659 88
88 466
466 520
520 589
589 133
133 626
626 937
937 67
67 90
90 335
335 438
438 324
324 429
429 171
171 217
217 235
235 119
119 431
431 42
42 678
678 258
258 189
189 159
159 634
634 758
758 622
622 3
3 822
822 246
246 150
150 308
308 92
92 829
829 866
866 903
903 254
254 687
687 932
932 51
51 459
459 697
697 401
401 754
754 80
80 147
147 195
195 340
340 182
182 497
497 369
369 934
934 637
637 478
478 890
890 680
680 591
591 460
460 930
930 943
943 952
952 342
342 71
71 923
923 443
443 112
112 327
327 906
906 651
651 396
396 388
388 802
802 364
364 542
542 700
700 350
350 181
181 862
862 143
143 47
47 78
78 39
39 249
249 484
484 269
269 277
277 676
676 567
567 372
372 942
942 535
535 167
167 436
436 8
8 556
556 789
789 149
149 95
95 470
470 206
206 773
773 777
777 705
705 111
111 671
671 203
203 840
840 661
661 853
853 48
48 161
161 883
883 766
766 394
394 623
623 31
31 430
430 238
238 580
580 102
102 877
877 582
582 606
606 30
30 880
880 360
360 947
947 579
579 93
93 37
37 787
787 902
902 592
592 566
566 501
501 704
704 465
465 495
495 117
117 578
578 781
781 957
957 353
353 114
114 176
176 763
763 375
375 4
4 778
778 715
715 13
13 730
730 658
658 392
392 307
307 222
222 876
876 915
915 857
857 383
383 965
965 641
641 128
128 373
373 573
573 689
689 747
747 793
793 1
1 477
477 276
276 75
75 844
844 552
552 476
476 846
846 780
780 291
291 289
289 5
5 644
644 944
944 77
77 66
66 554
554 21
21 627
627 860
860 912
912 64
64 231
231 403
403 794
794 834
834 455
455 927
927 707
707 679
679 62
62 889
889 425
425 303
303 879
879 106
106 439
439 745
745 72
72 218
218 142
142 226
226 193
193 299
299 213
213 248
248 109
109 650
650 617
617 432
432 323
323 638
638 882
882 586
586 739
739 812
812 632
632 761
761 945
945 175
175 76
76 129
129 262
262 558
558 652
652 506
506 852
852 280
280 198
198 712
712 633
633 731
731 297
297 452
452 468
468 545
545 347
347 264
264 752
752 875
875 640
640 498
498 528
528 488
488 216
216 543
543 374
374 250
250 594
594 144
144 759
759 807
807 160
160 817
817 561
561 450
450 108
108 694
694 600
600 756
756 406
406 956
956 292
292 654
654 344
344 735
735 504
504 152
152 451
451 407
407 331
331 514
514 279
279 564
564 728
728 887
887 531
531 329
329 929
929 708
708 803
803 445
445 874
874 402
402 919
919 791
791 583
583 744
744 718
718 614
614 221
221 275
275 612
612 36
36 645
645 898
898 571
571 826
826 60
60 358
358 337
337 328
328 123
123 200
200 775
775 166
166 215
215 296
296 391
391 146
146 525
525 959
959 522
522 855
855 918
918 500
500 570
570 290
290 810
810 385
385 68
68 710
710 675
675 958
958 961
961 170
170 55
55 670
670 865
865 242
242 241
241 917
917 187
187 936
936 169
169 524
524 713
713 720
720 861
861 300
300 389
389 886
886 798
798 89
89 219
219 354
354 499
499 815
815 727
727 208
208 538
538 421
421 349
349 173
173 664
664 864
864 602
602 529
529 854
854 408
408 849
849 657
657 931
931 784
784 341
341 693
693 541
541 321
321 620
620 427
427 87
87 381
381 10
10 46
46 384
384 738
738 380
380 251
251 314
314 968
968 485
485 12
12 35
35 839
839 896
896 257
257 581
581 271
271 190
190 38
38 252
252 302
302 424
424 125
125 355
355 151
151 158
158 267
267 782
782 318
318 609
609 660
660 950
950 288
288 636
636 505
505 511
511 598
598 769
769 56
56 599
599 58
58 29
29 263
263 260
260 949
949 850
850 22
22 667
667 368
368 900
900 811
811 702
702 772
772 684
684 797
797 916
916 230
230 926
926 523
523 625
625 449
449 743
743 454
454 81
81 178
178 207
207 98
98 282
282 34
34 790
790 544
544 691
691 750
750 547
547 519
519 732
732 615
615 818
818 456
456 845
845 361
361 448
448 234
234 768
768 736
736 742
742 814
814 776
776 428
428 536
536 131
131 842
842 311
311 832
832 966
966 516
516 823
823 177
177 681
681 808
808 608
608 97
97 201
201 699
699 366
366 305
305 565
565 453
453 749
749 851
851 835
835 116
116 54
54 619
619 196
196 43
43 895
895 913
913 502
502 104
104 461
461 113
113 572
572 370
370 53
53 897
897 907
907 44
44 869
869 379
379 746
746 339
339 624
624 20
20 922
922 551
551 100
100 287
287 7
7 326
326 202
202 881
881 437
437 154
154 237
237 527
527 50
50 298
298 672
672 550
550 41
41 325
325 192
192 863
863 94
94 703
703 665
665 414
414 286
286 261
261 467
467 494
494 0
0 960
960 284
284 400
400 510
510 180
180 557
557 785
785 804
804 698
698 352
352 14
14 25
25 418
418 333
333 859
859 951
951 574
574 872
872 848
848 232
232 604
604 285
285 843
843 955
955 52
52 621
621 411
411 662
662 539
539 593
593 954
954 940
940 63
63 677
677 155
155 463
463 412
412 893
893 199
199 635
635 647
647 115
115 367
367 706
706 562
562 122
122 809
809 469
469 223
223 16
16 191
191 537
537 674
674 184
184 892
892 901
901 480
480 690
690 831
831 336
336 740
740 172
172 105
105 686
686 884
884 6
6 646
646 838
838 673
673 584
584 434
434 933
933 253
253 268
268 69
69 870
870 301
301 174
174 605
605 473
473 924
924 475
475 110
110 378
378 79
79 648
648 795
795 616
616 833
833 885
885 17
17 891
891 278
278 867
867 247
247 767
767 83
83 685
685 764
764 920
920 493
493 962
962 397
397 11
11 486
486 309
309 255
255 717
717 946
946 825
825 138
138 596
596 9
9 33
33 601
601 841
841 446
446 800
800 294
294 631
631 611
611 824
824 185
185 188
188 771
771 590
590 130
130 724
724 709
709 283
283 963
963 953
953 576
576 435
435 365
365 312
312 518
518 363
363 399
399 492
492 124
728 328
858 300
551 255
579 142
297 279
732 545
521 854
575 817
737 815
447 923
231 123
323 171
558 634
349 798
498 108
193 647
714 369
506 372
384 635
741 231
408 687
683 426
327 932
640 20
867 736
404 567
151 860
468 395
925 614
664 354
189 154
918 848
357 880
63 170
9 933
881 194
199 176
249 725
312 641
83 491
567 108
557 936
618 167
705 665
555 321
686 801
203 928
16 702
846 433
288 230
924 430
685 833
173 84
633 937
935 279
866 612
586 113
153 535
2 461
15 14
206 46
852 348
267 739
24 888
824 327
965 958
600 31
446 511
34 673
348 888
219 572
38 349
181 883
440 154
589 678
39 1
163 397
186 749
289 213
564 27
369 197
844 494
357 131
592 86
504 481
459 837
319 405
748 291
602 98
506 938
793 800
42 512
499 250
844 830
876 216
797 321
950 870
42 236
482 52
686 690
420 829
406 253
475 372
503 394
174 394
962 413
81 38
603 103
101 931
900 421
441 299
714 246
65 786
557 849
48 847
155 738
26 100
39 810
107 715
373 125
490 356
783 844
624 905
827 344
615 423
14 693
957 523
840 517
347 756
85 46
340 874
54 604
346 461
191 317
884 426
545 867
88 793
435 697
702 830
715 270
519 204
466 217
822 710
441 702
301 508
623 241
402 932
831 922
548 304
724 359
789 579
881 967
242 165
564 161
425 860
732 123
956 629
921 595
835 743
10 621
845 446
473 92
716 385
167 851
30 510
701 111
130 75
113 418
563 904
440 403
603 643
848 227
450 126
104 964
214 413
68 825
270 115
713 125
372 20
278 294
852 777
516 317
776 722
208 814
577 12
520 614
18 231
616 1
601 905
578 735
398 607
573 149
586 944
351 510
728 260
767 502
238 548
965 448
377 458
17 298
618 629
571 190
646 280
88 502
937 354
560 251
879 663
936 98
414 404
114 579
646 382
181 951
402 185
332 36
126 391
318 21
954 567
121 906
356 917
49 177
0 831
910 479
194 959
697 67
426 759
489 544
857 285
348 719
334 513
548 876
226 652
680 724
400 414
473 807
52 965
611 515
886 923
157 905
259 103
29 517
772 470
966 22
757 375
250 244
99 439
657 537
0 877
221 350
457 272
915 472
640 834
955 258
652 906
790 325
327 16
268 727
462 613
513 457
617 639
495 713
64 559
910 922
413 52
196 180
674 764
623 224
546 408
741 581
223 242
787 886
194 407
616 921
658 664
956 249
606 761
648 936
95 319
257 572
722 855
17 364
602 83
409 928
571 432
115 918
384 725
396 634
612 650
748 3
908 612
389 786
48 233
675 694
601 648
832 937
697 179
57 240
122 442
159 288
279 549
946 789
473 375
471 33
143 358
442 751
447 923
890 789
25 556
863 532
188 630
201 169
536 788
627 778
29 909
626 218
135 309
814 686
420 127
629 934
726 604
514 41
381 868
520 946
429 243
454 204
963 534
266 608
188 752
415 532
592 83
205 467
153 785
595 30
623 175
198 289
756 183
293 815
460 841
483 39
298 61
199 253
260 290
594 202
420 307
633 431
642 371
530 497
852 604
252 89
944 840
60 20
626 328
931 192
519 697
259 15
742 716
102 96
103 21
342 149
588 868
308 99
730 697
946 482
581 885
789 464
231 661
611 28
932 401
965 648
612 459
481 720
720 826
412 467
625 559
133 867
346 311
402 705
208 156
52 96
198 69
921 40
209 632
851 649
950 170
845 412
955 373
513 460
179 622
180 176
538 169
63 208
262 55
119 730
814 508
953 427
41 832
755 163
255 562
583 943
681 67
689 273
945 574
515 657
952 227
436 475
832 922
890 331
474 901
438 831
15 762
418 862
613 116
190 582
235 89
953 919
518 664
256 312
431 204
590 243
421 265
865 248
639 646
445 350
96 942
519 556
408 33
340 562
602 134
175 278
250 597
552 448
609 828
947 631
194 513
73 384
615 248
196 322
61 76
394 657
248 67
298 954
537 479
922 925
774 864
291 743
79 80
164 649
258 896
714 669
838 208
691 487
119 749
603 406
698 327
516 504
720 185
442 915
600 327
556 947
813 950
498 873
557 909
95 457
762 652
881 795
164 453
329 13
201 161
483 426
946 408
314 254
214 581
194 680
723 799
60 933
575 710
950 534
749 225
691 725
796 963
712 346
190 547
642 856
42 478
847 274
690 38
965 306
667 718
678 55
344 11
137 540
899 100
749 519
858 140
812 900
542 72
548 112
589 640
201 503
946 109
835 318
949 452
416 424
755 239
659 452
290 295
368 425
910 886
186 542
135 85
417 113
704 172
342 855
124 158
35 450
242 537
738 677
581 735
230 130
86 481
591 319
289 122
965 264
740 461
238 484
817 374
248 506
690 522
470 174
308 514
628 150
198 761
425 279
288 872
295 96
534 820
437 216
473 841
382 556
833 521
657 248
22 649
913 658
385 559
442 891
664 289
514 752
449 451
549 51
329 619
177 420
376 265
373 358
293 731
205 267
815 621
752 474
642 306
48 626
61 622
935 483
8 60
736 164
848 260
965 394
678 780
777 899
657 966
341 708
936 261
817 23
818 293
516 263
824 504
26 342
123 565
512 21
508 299
603 933
245 230
253 891
218 135
597 674
297 725
600 610
728 969
277 441
20 191
748 531
819 68
666 375
287 897
960 346
496 933
539 850
261 183
327 155
752 348
411 953
610 561
898 603
665 727
675 721
149 19
369 529
309 527
520 393
241 955
481 194
286 518
161 43
99 327
620 840
915 258
809 837
288 449
853 323
185 869
113 192
409 812
503 843
125 499
146 259
952 468
34 927
744 540
428 18
118 832
896 17
521 695
497 49
361 769
375 896
434 767
793 360
723 929
899 280
115 120
864 403
178 246
333 588
903 841
478 457
341 93
421 179
36 191
368 248
356 911
365 669
218 62
147 600
874 111
473 904
510 527
494 316
349 928
737 866
775 475
421 225
305 145
666 510
968 73
565 463
916 281
544 767
425 586
580 57
394 538
105 340
359 335
834 908
833 117
801 553
26 748
60 655
799 735
752 554
855 75
188 477
160 207
401 535
233 386
624 270
637 813
109 559
689 123
854 428
360 14
221 444
0 248
122 421
197 112
75 362
323 59
454 12
536 117
912 395
703 375
472 580
480 344
883 458
351 685
196 610
179 803
338 689
887 905
686 568
911 505
682 909
770 96
233 148
450 437
494 297
176 820
590 538
712 719
784 635
678 552
247 137
633 710
893 895
266 377
794 766
520 683
583 927
570 157
58 629
961 375
25 497
901 802
90 275
958 757
307 869
477 600
469 187
120 833
435 839
107 394
368 346
178 308
223 887
768 800
421 549
592 321
243 586
775 359
830 62
243 637
219 699
876 44
817 16
419 757
484 159
379 861
667 550
323 110
203 452
321 28
942 635
751 194
746 131
467 794
516 767
805 660
83 700
883 212
698 957
15 258
746 289
207 109
828 349
227 66
154 732
959 929
790 940
791 528
951 290
778 72
28 628
194 704
556 934
701 233
729 466
218 569
242 857
297 603
634 930
959 38
447 55
510 39
211 326
55 52
641 370
637 488
823 585
610 436
941 714
557 797
693 75
68 63
955 459
544 877
881 857
653 616
655 93
460 431
592 834
463 908
253 269
837 960
663 794
298 262
495 736
382 488
687 244
763 458
891 386
292 364
882 738
747 262
301 26
891 1
749 806
139 650
4 855
605 216
944 661
965 364
707 628
357 859
257 419
476 27
783 145
609 656
328 878
672 279
424 759
954 264
836 614
914 587
834 798
592 302
724 621
502 294
230 168
891 688
231 904
441 282
100 696
86 422
342 186
560 799
162 308
446 488
47 119
58 914
847 110
571 558
414 480
733 49
237 246
558 954
769 463
309 3
757 198
370 321
698 776
301 926
560 806
223 561
258 752
926 917
585 546
323 206
9 817
617 865
625 413
639 573
955 712
56 878
36 758
292 873
401 176
607 16
46 96
533 74
409 796
677 757
12 162
564 965
615 567
606 97
655 451
520 667
524 888
931 694
73 156
406 19
843 893
43 429
453 507
538 131
742 245
667 169
707 698
462 394
10 245
8 386
863 827
706 880
225 175
699 333
855 8
333 585
345 252
833 215
699 393
552 588
785 483
147 573
891 854
434 211
413 718
344 780
640 524
76 819
602 952
835 4
273 225
176 38
481 219
503 224
398 324
390 447
805 676
662 293
406 536
345 321
650 682
630 141
873 870
299 313
102 790
58 424
31 513
80 347
310 61
320 556
547 406
596 842
346 230
145 36
506 78
752 808
752 714
668 722
192 781
747 866
91 813
481 234
630 76
570 322
249 418
900 396
762 80
925 650
651 143
48 622
832 732
333 852
441 496
648 897
388 275
829 329
86 687
581 780
869 820
100 117
804 626
787 207
133 599
150 842
265 553
321 733
173 380
181 706
845 149
558 189
840 679
500 807
40 129
579 481
71 466
75 299
663 430
40 778
848 147
176 819
605 916
362 852
234 872
229 335
104 968
741 551
344 727
564 162
47 473
557 272
288 747
233 171
317 728
295 766
734 112
610 40
219 574
108 917
945 958
803 748
230 162
740 470
488 967
890 328
698 215
477 488
918 129
230 190
769 625
574 187
544 279
261 533
926 477
838 281
732 231
40 410
328 828
884 312
102 45
326 660
890 831
509 762
33 551
456 273
632 397
122 351
581 948
339 256
524 106
592 250
664 653
771 301
593 707
730 871
359 82
453 332
793 6
436 960
395 359
610 325
677 285
954 853
872 969
470 878
634 737
668 213
739 325
6 619
554 798
462 771
753 776
470 249
15 527
325 831
50 706
741 848
281 735
601 586
643 558
350 945
173 43
332 406
276 400
942 834
465 364
380 291
307 489
157 106
250 761
393 779
230 764
911 49
65 520
670 303
447 797
219 492
539 707
642 908
152 593
764 155
869 11
768 959
529 708
466 2
569 347
253 606
393 631
293 653
905 933
815 913
946 88
280 492
485 318
581 699
281 404
56 296
104 425
224 79
713 211
178 142
159 466
891 610
780 849
425 812
177 501
560 889
603 104
217 308
395 743
636 778
667 403
58 657
477 355
272 292
25 241
105 361
255 408
722 218
42 788
37 477
427 465
180 452
214 25
419 920
36 701
220 832
796 274
558 472
203 740
109 613
646 321
37 333
678 146
531 856
179 232
628 706
326 145
788 584
424 584
915 776
789 616
141 382
456 693
35 425
852 373
924 624
421 734
473 524
93 748
524 337
394 115
720 961
38 125
650 785
346 340
411 162
699 207
431 247
193 448
127 865
506 814
937 705
191 882
425 103
567 628
896 669
173 950
490 589
826 899
120 626
871 893
823 706
384 840
397 268
499 696
883 795
186 130
895 16
600 940
539 461
561 283
358 458
367 839
761 732
480 235
513 2
560 165
192 82
735 537
815 726
728 425
926 562
928 729
940 816
567 602
929 194
448 155
489 192
906 487
134 751
307 753
889 417
819 94
479 489
380 628
946 724
50 484
443 256
681 849
342 407
212 59
476 911
210 98
376 733
545 24
414 809
220 528
594 163
423 745
48 758
740 56
315 718
125 368
648 339
406 410
584 120
759 957
575 57
559 577
167 637
755 524
598 5
316 928
619 688
398 147
418 91
2 962
232 481
419 502
600 5
13 46
736 364
711 800
459 963
216 815
882 797
478 66
408 353
837 613
636 237
293 130
860 512
836 438
926 965
528 207
131 763
367 464
731 122
127 865
922 819
124 586
576 900
647 880
891 641
655 779
834 593
861 557
358 273
964 646
262 636
286 118
556 636
224 800
660 304
536 212
636 251
360 845
47 770
837 205
481 694
936 691
125 601
481 168
724 961
592 811
691 259
302 152
478 724
770 214
223 49
350 954
84 790
571 485
691 696
381 364
313 7
464 356
749 639
569 376
912 705
754 129
239 713
103 824
673 566
503 317
29 37
575 146
167 944
433 15
483 7
109 21
695 76
718 605
820 13
771 913
395 222
703 861
939 274
62 878
579 816
436 13
431 706
12 310
495 783
2 850
193 900
692 587
940 66
81 237
86 313
731 788
671 693
99 407
932 600
7 383
145 124
41 3
808 683
788 729
949 218
540 581
469 636
640 879
812 694
115 213
850 125
7 230
671 844
743 439
88 711
597 351
918 620
248 520
814 40
482 340
953 948
329 328
425 920
506 631
348 586
903 490
670 514
626 158
158 744
50 843
592 364
535 557
257 728
916 744
943 233
422 701
919 469
859 467
829 25
354 698
875 589
117 896
429 922
371 278
141 64
556 683
787 721
538 804
693 782
189 504
786 589
199 622
964 777
241 744
147 145
876 929
297 528
742 794
14 258
683 593
293 852
369 0
895 833
185 534
960 769
448 927
543 741
86 323
184 950
767 793
238 588
820 923
308 762
432 744
359 256
511 220
723 420
134 490
137 340
740 81
173 725
266 124
386 61
129 703
823 512
768 404
731 601
277 77
955 487
80 719
736 246
660 795
527 960
698 950
38 839
590 474
432 11
748 514
281 186
477 949
954 408
634 411
599 868
102 201
753 935
513 923
146 25
209 675
504 193
76 681
98 663
37 150
23 662
160 956
739 89
927 727
400 905
352 524
914 196
271 222
832 250
722 27
618 874
906 765
706 1
924 414
849 111
296 800
333 692
300 643
256 133
22 401
896 705
364 949
957 128
884 246
474 209
715 12
355 214
888 297
344 366
596 644
176 66
675 800
610 678
526 578
927 665
902 756
401 499
896 567
18 202
169 38
159 190
731 943
130 46
720 481
775 176
519 657
722 397
120 604
917 16
941 578
822 830
884 837
390 482
277 380
418 586
437 318
345 3
874 309
680 714
647 698
632 668
379 965
280 489
574 700
843 924
606 171
438 916
809 764
957 888
376 524
364 825
878 190
447 212
101 468
690 901
906 821
513 688
483 930
83 647
875 955
299 889
93 454
359 125
189 281
516 649
114 171
330 663
416 85
417 352
145 785
694 11
733 345
421 579
589 384
837 256
145 801
602 818
848 452
695 170
161 949
109 267
7 560
93 348
513 954
901 410
538 350
773 319
721 471
576 368
817 705
426 525
722 729
736 154
93 598
602 944
794 298
390 937
31 178
508 162
551 769
502 768
932 749
616 404
821 866
857 248
630 922
318 886
207 145
894 270
405 352
969 616
490 909
469 690
637 918
885 902
772 197
843 895
154 605
387 627
379 838
313 68
599 8
335 795
544 28
262 40
919 532
441 176
712 567
786 396
35 192
60 519
7 568
456 940
941 220
341 891
219 328
556 537
863 505
853 930
248 652
510 363
21 65
827 648
683 53
945 134
786 800
873 250
877 759
213 763
239 399
557 512
830 22
253 838
486 357
659 682
456 616
130 504
215 524
624 668
481 788
625 220
235 496
871 194
643 373
554 242
646 195
274 882
841 277
559 573
11 324
13 86
91 640
630 98
950 311
208 806
581 959
416 347
190 502
205 133
365 314
433 668
436 249
224 203
111 832
111 257
794 854
606 138
745 132
827 851
194 812
745 312
877 932
341 533
443 496
919 571
888 600
737 935
259 644
19 175
919 107
68 889
68 538
716 950
206 43
153 565
782 99
892 132
883 353
350 610
551 523
964 726
225 618
926 112
430 726
165 306
536 929
476 133
750 274
900 747
490 270
325 733
633 418
137 464
890 75
774 508
884 112
829 495
383 629
538 51
414 835
493 90
587 851
570 444
147 413
275 937
682 237
93 479
146 877
451 761
129 576
751 328
66 153
351 432
251 398
339 333
183 895
881 40
779 246
662 533
783 122
687 663
823 810
614 587
941 801
53 673
557 910
885 200
15 727
601 711
583 432
306 152
817 209
175 417
544 299
760 836
362 281
225 272
282 966
246 33
551 816
889 342
850 771
916 216
113 308
131 765
462 286
466 938
487 130
208 146
258 334
426 871
349 963
79 455
847 685
851 61
596 788
579 0
816 955
957 642
98 77
560 508
542 608
23 465
246 826
308 218
804 481
602 229
795 123
228 0
937 724
257 166
828 768
68 866
950 673
374 7
16 642
580 817
582 236
604 281
212 817
253 711
308 392
745 364
900 55
328 659
669 322
710 289
835 393
635 300
689 661
592 875
255 763
174 3
340 721
519 451
565 320
66 134
387 752
76 828
731 641
821 256
750 550
344 664
346 560
563 620
61 99
755 721
662 901
427 198
289 170
221 608
145 897
557 163
960 283
184 222
244 657
841 44
846 90
657 598
191 407
785 192
792 253
566 833
595 263
210 480
649 720
709 530
178 389
966 194
492 244
87 776
552 429
952 214
602 330
711 825
167 711
626 385
576 528
638 255
233 541
444 257
338 131
348 233
858 380
494 951
888 247
538 652
665 932
796 924
166 435
696 732
713 492
763 235
374 931
859 672
17 350
942 463
131 237
189 261
799 463
885 366
696 943
819 163
37 719
521 666
248 706
641 441
541 871
757 951
174 495
266 676
141 2
945 157
330 627
179 890
329 126
758 559
88 186
528 829
251 871
104 0
553 414
188 425
658 68
446 130
641 177
894 325
733 612
323 540
952 849
777 228
132 568
184 26
827 480
838 97
913 282
653 644
693 276
601 730
864 113
555 120
910 612
785 338
405 948
238 781
840 369
801 383
559 646
103 149
256 641
534 752
559 504
438 403
239 715
923 42
798 375
659 757
427 462
822 195
510 243
296 107
76 374
217 550
492 10
523 247
12 455
840 921
757 78
588 726
900 307
463 463
121 740
388 319
964 564
754 127
311 693
253 499
28 372
597 943
243 703
306 706
758 243
731 140
723 878
207 200
119 400
340 290
294 664
435 71
260 829
598 412
749 835
238 848
5 24
398 769
217 924
456 542
760 531
145 75
367 559
108 929
360 210
21 26
646 49
379 601
35 351
900 310
916 587
927 208
913 586
130 174
882 890
639 131
873 371
513 535
522 527
736 534
352 119
869 177
952 720
352 64
777 892
210 237
86 767
248 846
947 82
392 775
86 235
218 747
420 472
494 566
149 678
513 622
221 154
769 74
424 309
35 283
872 473
895 265
607 460
314 595
792 869
960 214
651 529
123 184
37 792
563 76
128 522
862 70
947 613
395 98
697 111
127 685
535 336
75 77
900 384
817 760
612 224
794 934
233 509
602 904
791 145
525 44
953 620
213 191
742 124
489 69
814 452
733 679
281 936
597 671
65 453
860 858
751 620
6 290
189 372
395 747
708 534
259 263
86 812
375 833
723 717
11 780
826 820
431 152
374 684
609 261
102 141
137 797
414 729
791 578
132 219
277 641
682 865
765 741
872 271
39 108
934 859
627 260
761 431
489 147
636 962
435 955
654 315
154 349
825 864
197 313
526 227
693 228
343 838
868 686
796 887
812 394
967 527
64 374
398 941
528 874
681 850
504 647
214 382
246 879
590 948
453 72
954 463
940 256
759 82
941 478
578 769
424 316
335 722
310 670
244 59
371 478
154 484
214 80
392 828
899 655
808 783
193 500
50 843
370 946
756 613
138 696
140 803
33 113
755 56
409 919
771 787
451 683
689 725
457 650
235 381
486 522
413 160
125 627
195 141
359 197
933 826
30 370
422 670
153 424
74 511
665 29
860 508
80 525
829 966
164 56
375 756
427 461
213 902
363 201
969 91
898 647
610 401
38 724
376 394
575 666
675 302
582 479
34 610
732 332
766 507
11 283
67 598
953 291
161 235
247 709
363 853
632 968
940 867
852 169
92 230
52 346
764 303
180 813
759 394
217 835
828 248
151 838
580 498
473 22
518 277
429 109
891 449
664 175
385 814
600 873
742 594
901 313
701 477
116 331
533 945
36 560
601 364
621 130
362 697
62 316
789 863
884 816
910 708
566 920
383 8
249 123
727 53
626 822
710 545
790 259
699 546
793 63
540 103
534 594
847 181
95 797
98 729
868 153
339 649
265 538
590 865
952 849
63 879
543 120
108 603
66 143
395 351
789 134
118 483
159 33
591 813
484 587
451 548
402 675
867 175
114 297
89 855
828 147
15 593
794 221
836 775
806 448
238 283
438 376
852 834
533 836
307 556
106 156
604 703
707 725
326 377
242 621
642 38
269 296
759 264
843 45
295 231
761 820
185 842
340 523
175 475
903 274
387 544
653 953
744 624
214 764
737 113
440 257
735 439
306 470
315 504
448 547
568 159
474 132
513 650
37 61
450 902
262 731
139 614
546 880
40 564
822 503
525 503
5 443
198 851
259 890
291 843
117 274
428 471
132 21
101 162
807 3
363 393
435 790
954 80
197 934
920 749
549 250
671 606
357 425
9 759
427 799
69 783
377 147
10 414
900 111
126 851
177 55
895 59
690 524
615 528
675 811
260 682
208 552
721 209
109 70
927 16
318 437
100 700
162 768
673 756
635 457
686 921
390 316
603 79
500 286
278 821
30 256
723 842
448 539
134 0
501 401
849 508
612 339
407 98
300 937
771 377
530 341
200 505
3 426
529 32
692 934
97 513
740 44
738 505
951 761
161 116
356 501
398 718
136 525
85 11
127 274
419 490
285 677
122 699
239 573
175 476
599 837
236 525
122 776
213 621
188 569
874 605
251 772
457 931
651 241
135 819
120 969
861 967
850 64
858 692
475 492
279 361
794 142
467 564
663 99
864 355
846 833
375 944
186 18
285 318
127 352
643 94
279 863
548 877
782 579
435 174
650 675
280 42
934 647
873 721
50 253
511 344
925 277
521 138
782 782
160 212
641 592
188 668
449 877
56 951
677 423
142 502
439 298
524 796
899 523
605 848
568 192
588 651
135 243
443 825
878 682
92 4
588 703
62 818
521 869
38 536
607 671
66 95
580 161
834 265
48 624
683 525
897 848
509 216
706 487
504 774
962 425
689 42
237 157
447 945
234 908
396 315
583 294
838 563
247 386
75 361
360 457
529 342
521 18
848 966
5 200
801 434
865 724
916 215
293 671
857 865
539 7
806 833
43 740
661 177
646 706
659 779
211 103
124 707
948 511
544 442
509 517
569 638
401 341
221 8
964 487
396 515
654 601
28 810
706 292
962 352
916 138
834 696
28 279
88 403
717 912
901 593
6 342
231 869
886 495
718 309
396 354
284 816
943 656
399 852
390 396
803 544
199 452
891 592
792 513
321 283
962 441
647 393
248 612
363 468
134 240
943 677
176 872
681 751
874 85
366 406
949 650
228 693
282 875
728 469
929 769
75 879
745 860
891 120
274 317
865 547
747 467
821 212
694 691
670 880
478 179
730 934
929 503
859 949
470 710
611 198
941 846
876 253
618 742
156 158
682 558
127 258
58 766
489 360
61 964
439 36
294 874
882 272
482 725
317 758
471 134
242 429
963 688
776 456
610 102
258 161
833 375
652 66
470 803
158 72
649 378
341 246
596 663
114 620
572 708
56 461
427 37
720 742
942 22
122 941
303 98
617 747
567 845
738 113
43 144
601 19
188 214
634 936
14 722
243 174
31 378
540 641
829 505
838 550
354 568
510 287
218 631
806 942
121 407
402 504
58 668
726 855
785 948
381 777
962 640
549 356
854 686
12 831
602 343
61 947
652 440
571 247
629 612
55 235
788 480
824 864
600 0
373 952
515 584
408 213
136 595
563 948
416 809
622 296
475 358
654 97
930 646
540 393
83 304
792 102
869 928
540 463
747 2
5 932
919 820
224 550
289 589
216 335
673 557
333 904
47 412
317 208
809 264
704 562
419 54
941 304
358 230
169 378
542 537
23 898
715 774
557 750
646 484
540 159
769 672
140 636
174 725
186 189
365 120
30 482
191 671
806 931
577 607
475 611
920 257
164 111
157 32
147 939
912 585
664 204
901 324
694 579
98 603
869 798
658 752
662 510
577 212
920 446
425 618
858 75
468 395
500 480
545 909
20 219
518 346
421 217
24 215
507 165
966 748
117 941
857 36
614 772
374 490
248 234
889 738
208 828
760 34
352 884
403 160
346 636
957 768
110 331
545 897
134 474
422 501
448 799
280 531
488 595
247 806
372 690
141 605
294 761
202 891
750 954
842 530
737 642
814 680
936 664
318 788
334 277
872 106
739 106
695 708
820 628
83 778
98 899
377 198
529 79
483 743
197 963
317 473
934 33
764 227
688 265
262 42
869 414
285 288
458 779
233 361
632 768
77 416
924 103
751 95
957 255
568 133
576 538
380 289
541 351
912 526
308 600
245 184
482 417
712 250
27 234
27 348
109 184
759 906
217 394
333 486
490 602
535 912
820 166
332 915
479 187
244 231
293 692
581 15
32 83
639 251
536 862
937 20
788 950
763 854
168 919
553 573
550 763
175 436
836 479
462 634
328 331
802 245
690 669
755 475
363 15
324 274
199 797
470 767
159 547
26 544
557 716
637 914
23 890
11 693
54 86
401 318
364 490
403 449
90 712
458 172
174 432
411 315
199 695
684 552
313 218
410 905
150 613
46 731
747 579
544 126
786 498
412 494
649 844
52 519
709 89
786 741
310 777
806 414
597 754
148 70
564 218
384 819
759 939
870 196
574 700
108 857
857 12
693 32
791 680
872 895
805 70
593 541
59 954
227 527
819 964
215 670
208 739
473 813
831 365
672 523
194 666
290 606
312 493
563 845
249 397
630 966
721 548
60 684
644 21
708 397
233 409
920 869
938 608
149 358
784 563
156 472
93 229
8 287
716 155
872 961
544 964
748 910
569 302
112 115
919 922
341 225
557 895
785 768
467 850
186 470
538 836
662 501
651 75
31 963
577 753
501 157
350 272
884 509
465 649
123 888
805 251
628 262
806 779
763 664
436 683
158 875
834 754
518 343
394 600
266 488
939 779
277 662
180 429
843 180
291 153
343 218
886 762
761 842
744 932
851 574
640 809
950 161
188 464
483 320
428 18
619 887
951 199
229 949
758 242
237 65
250 473
555 159
366 528
819 259
438 643
714 16
35 513
797 173
743 734
846 159
588 1
737 305
832 324
361 591
839 450
316 474
223 843
803 833
132 924
779 392
554 317
852 865
55 402
846 667
550 633
497 444
853 431
153 263
767 654
10 17
584 868
440 500
137 53
158 841
233 204
285 97
402 938
796 969
709 641
669 379
211 596
352 136
689 635
349 795
671 470
78 905
305 952
264 698
648 274
166 94
230 595
436 739
575 374
399 294
913 311
894 726
827 100
488 388
161 62
44 386
786 138
760 394
186 957
297 659
430 65
886 705
750 672
621 915
923 331
960 535
545 888
96 575
960 571
591 160
234 30
118 479
606 160
710 173
880 590
476 192
793 480
843 873
832 827
448 214
611 537
78 753
119 73
249 125
593 668
277 357
23 281
530 519
137 567
571 112
117 213
478 119
171 95
692 1
496 79
832 238
24 314
561 674
32 329
831 493
110 200
215 552
10 614
292 518
702 917
872 332
12 478
458 381
538 917
554 776
310 187
363 751
17 425
320 327
36 949
535 489
465 90
963 235
454 478
279 238
659 492
862 341
655 714
387 769
576 519
884 863
178 945
322 158
907 181
319 221
765 187
232 695
310 522
596 376
336 605
230 507
869 290
66 573
621 155
902 653
185 911
8 104
796 661
230 956
656 902
80 87
631 174
493 464
264 743
840 388
49 104
508 66
811 95
199 803
876 941
415 31
701 806
746 85
239 629
688 603
238 848
804 758
380 800
775 771
459 543
133 917
278 964
229 435
903 739
458 717
137 656
724 460
31 202
45 795
515 787
450 431
443 647
394 172
883 155
775 277
772 0
953 223
690 595
383 219
435 522
514 747
574 509
129 205
930 671
478 339
115 798
857 354
920 746
206 792
740 810
851 359
150 334
8 733
288 852
528 473
863 966
26 567
578 800
504 0
72 382
686 18
486 19
250 968
546 419
305 194
206 422
859 319
385 434
534 307
93 957
343 890
372 134
345 217
882 528
558 363
122 553
270 482
839 172
503 431
235 515
539 21
560 965
96 27
953 545
348 636
784 461
911 857
374 216
618 558
134 193
869 811
72 438
352 898
901 370
648 615
504 714
19 156
748 621
799 731
837 913
298 853
940 831
927 517
523 760
859 691
657 37
431 872
754 215
841 435
177 92
84 221
573 2
520 323
835 236
936 399
366 912
326 775
609 847
644 770
433 297
877 55
251 549
482 554
884 749
33 275
454 862
139 83
56 86
693 921
390 537
847 693
527 935
738 755
184 632
626 255
552 942
19 499
768 206
911 102
746 113
936 9
948 412
225 414
401 94
406 813
42 910
521 669
948 924
572 488
797 897
430 480
737 189
151 848
303 720
133 221
421 611
635 673
46 538
293 903
466 235
480 14
471 545
271 402
425 195
627 629
713 111
607 506
133 541
696 333
152 58
730 649
63 475
180 784
723 840
99 902
377 776
713 733
809 258
350 692
214 611
878 918
603 532
735 284
402 214
146 24
413 667
569 272
297 440
816 46
253 363
323 923
4 649
325 29
130 742
922 838
798 774
284 771
910 713
753 757
471 387
299 875
554 931
497 584
106 88
678 426
801 556
526 346
52 243
219 288
600 254
431 785
552 851
239 622
117 759
301 91
473 650
43 407
550 968
646 659
176 401
849 331
144 758
2 920
47 124
150 305
231 911
499 906
893 85
231 760
955 958
215 840
463 56
540 220
924 8
911 507
605 390
598 220
12 702
575 432
341 17
244 500
106 916
223 826
643 238
271 969
328 319
767 830
622 780
675 358
955 478
834 382
598 921
408 74
527 919
787 419
214 756
608 332
234 350
20 946
503 441
958 62
369 160
923 744
129 790
735 187
496 236
859 436
3 480
281 365
570 837
604 22
700 934
773 640
251 140
953 627
932 820
90 239
702 808
739 707
466 351
749 1
193 633
658 683
767 283
140 202
819 692
114 258
928 261
504 185
226 546
937 261
418 788
430 418
467 622
601 320
112 377
640 601
156 316
348 523
87 296
329 387
771 404
433 184
290 78
266 690
403 201
963 466
395 12
87 7
479 589
236 88
538 574
206 809
730 572
56 382
876 648
86 714
422 674
714 522
952 969
383 471
189 811
281 116
495 177
737 25
841 124
797 892
642 462
827 556
278 732
505 249
203 917
752 473
328 341
552 826
956 479
234 310
30 476
260 256
74 9
463 1
94 321
184 769
100 761
144 115
492 251
495 556
77 881
446 618
915 880
449 535
768 19
564 67
48 601
710 969
909 139
798 263
138 733
329 706
770 800
30 576
764 419
490 134
77 714
494 470
532 407
814 524
53 502
277 684
547 199
587 180
594 589
462 720
238 948
120 72
312 191
144 669
941 558
697 188
202 676
582 818
422 230
526 95
77 395
310 682
63 744
234 352
567 414
629 361
607 42
269 440
521 438
506 698
303 170
638 263
702 42
863 87
884 315
918 396
292 898
910 388
457 214
51 928
310 445
368 862
196 167
703 279
309 207
502 569
77 739
131 946
151 380
472 638
786 947
656 264
644 706
931 36
583 323
642 621
130 552
559 585
493 134
711 597
336 317
461 77
360 511
726 762
619 524
577 395
20 915
800 550
405 775
354 288
260 255
587 624
199 617
242 86
859 351
228 181
647 354
2 88
251 774
832 699
742 264
230 258
385 243
315 40
921 578
497 672
600 272
950 188
741 512
755 290
934 740
851 493
424 486
704 612
860 891
881 688
803 382
857 963
698 423
947 609
235 415
383 797
665 426
519 628
831 766
917 502
396 788
9 730
620 232
587 700
720 348
546 506
366 844
159 436
505 10
5 415
460 918
534 906
401 725
113 857
544 82
211 464
638 697
292 327
459 558
159 426
593 28
251 326
873 574
853 250
700 620
710 658
659 82
774 618
165 287
237 552
236 502
801 75
415 664
815 859
37 485
248 293
324 636
527 426
11 653
25 64
646 532
372 902
583 529
461 16
683 285
860 351
63 581
812 759
466 401
90 19
683 461
117 28
803 482
157 281
123 586
515 945
248 323
609 533
942 542
577 60
114 140
261 509
342 383
695 225
898 961
93 917
783 467
270 828
750 834
502 365
908 607
927 542
517 627
559 143
318 933
26 539
694 836
241 535
228 375
478 785
357 302
637 542
581 378
172 720
644 1
619 239
627 143
519 446
848 384
548 342
545 108
237 529
46 678
82 582
717 833
404 19
739 690
324 877
523 681
325 678
106 804
398 877
671 642
734 496
166 45
282 534
152 760
668 461
873 856
786 82
293 922
891 27
154 746
838 518
411 305
255 61
244 396
135 702
231 399
38 336
534 239
865 653
350 565
862 690
684 593
209 124
170 430
655 537
47 759
449 853
939 862
712 514
183 307
947 480
456 732
404 822
842 297
605 549
515 439
731 228
523 2
361 790
403 42
945 517
650 647
825 18
855 684
898 416
336 425
130 751
217 343
427 87
29 159
105 267
127 579
242 797
320 350
57 692
342 95
549 684
490 869
126 83
558 603
65 190
43 255
907 524
378 56
665 116
499 170
591 105
175 545
465 873
866 538
508 84
157 546
259 152
508 286
323 464
296 600
182 388
186 916
29 710
239 511
926 864
550 43
248 190
766 76
367 799
869 842
134 299
364 188
922 909
346 232
834 921
270 70
135 326
391 0
180 433
77 145
726 224
751 272
601 935
463 254
439 227
121 228
136 185
467 814
595 546
30 334
57 106
770 401
276 198
84 118
125 284
65 842
567 604
263 387
733 415
725 655
66 59
608 626
6 624
738 754
908 521
763 538
201 253
267 726
835 847
633 801
786 484
685 958
911 793
563 705
714 151
526 200
553 49
575 385
863 23
572 272
678 283
733 829
585 715
256 153
547 610
594 395
635 129
455 892
43 302
651 717
368 771
948 329
147 701
161 587
343 336
501 53
455 601
530 407
395 862
715 891
926 240
593 942
514 725
958 617
922 473
679 630
822 954
753 950
100 873
677 703
576 423
812 165
2 241
647 540
531 964
836 184
475 154
507 140
494 94
63 813
579 779
339 541
373 856
229 300
374 159
435 424
192 930
387 736
549 103
192 14
345 740
609 467
647 817
882 161
804 389
221 825
748 319
175 193
564 533
609 701
344 530
766 578
343 742
142 83
684 186
45 958
861 667
178 480
167 618
697 441
906 160
397 344
443 369
568 305
214 860
382 566
352 287
315 486
631 925
522 25
653 566
252 927
246 186
465 546
565 291
513 680
312 276
910 763
123 766
595 199
151 156
299 318
385 935
423 306
694 73
615 228
638 690
677 538
392 705
420 165
961 570
100 133
449 232
384 212
164 336
1 792
204 616
620 236
497 905
556 427
167 800
539 191
165 293
75 42
860 508
918 590
798 328
206 937
26 58
220 909
882 620
99 307
681 168
226 369
401 937
93 860
963 516
542 339
416 645
416 855
426 899
322 175
773 554
431 421
264 262
523 303
666 28
748 786
862 770
264 356
87 458
420 655
394 689
22 904
676 87
103 944
927 328
541 576
321 69
142 92
548 608
816 798